 50 100 
 0 677 0 0 673 0 0 0 658 
 0 674 0 0 698 0 755 0 0 
 676 766 0 0 0 634 0 0 0 
 0 0 0 0 0 0 672 0 648 
 0 661 743 0 678 751 743 0 0 
 0 0 644 0 754 0 0 0 0 
 0 0 760 0 747 0 0 0 0 
 0 0 0 656 0 0 699 0 0 
 0 754 722 754 653 646 0 652 0 
 666 667 653 0 0 0 726 0 666 
 668 717 0 0 0 684 0 717 0 
 662 
 0 3015 0 0 0 2851 2894 2957 3233 
 0 0 0 3234 3008 0 0 0 0 
 2827 0 0 0 0 3229 3092 3010 2827 
 0 0 3048 0 0 0 2971 0 2962 
 0 3199 0 2844 3078 0 0 0 0 
 0 0 3260 3016 0 3073 0 3296 0 
 0 0 2794 0 2828 0 2823 2772 2800 
 0 2812 0 0 3093 2843 2856 2845 0 
 0 0 0 3109 0 2976 3266 2952 0 
 0 3042 3051 0 0 0 0 2789 0 
 2720 0 2772 3155 0 2736 0 3103 0 
 0 
 1736 0 1665 0 0 0 1542 0 0 
 0 0 0 1648 0 0 0 1527 1741 
 0 0 0 0 0 0 0 0 0 
 0 1727 0 0 0 0 0 1757 0 
 0 1492 0 0 1445 0 0 0 1566 
 1579 0 1490 0 0 1483 1587 1672 0 
 1445 1484 1453 1467 0 1483 1731 0 0 
 0 0 0 1759 0 0 0 0 0 
 0 0 1573 0 0 1667 1572 0 1493 
 0 1512 0 0 0 0 1549 1510 1529 
 0 0 0 0 1729 0 1614 0 0 
 0 
 0 930 923 0 0 0 0 0 0 
 0 823 0 810 0 0 854 890 877 
 968 0 0 947 0 988 0 0 0 
 0 0 934 0 825 0 0 0 893 
 0 819 819 0 838 0 859 894 910 
 885 0 0 0 0 962 909 874 0 
 0 0 983 896 0 987 850 969 0 
 948 0 0 0 876 984 913 0 827 
 0 944 0 848 0 811 812 0 0 
 844 0 0 0 0 903 0 878 0 
 820 928 881 899 0 931 0 942 0 
 0 
 1900 0 0 2109 2045 0 2166 0 0 
 0 0 0 2245 1983 0 0 0 0 
 1913 0 0 0 0 2132 0 0 2088 
 0 2066 0 0 0 0 0 2145 0 
 0 0 0 0 0 2176 0 2146 2141 
 0 0 0 0 0 0 2067 0 2154 
 0 0 2259 0 0 0 0 1975 2006 
 2050 0 0 0 2151 2285 2159 2138 0 
 0 2091 2081 2048 2297 2308 1980 0 1933 
 0 2278 0 0 2263 1948 1979 2045 2048 
 0 0 0 0 0 2252 0 0 0 
 0 
 1391 0 1587 1586 1641 0 0 0 0 
 0 0 0 1435 1636 0 0 1549 0 
 0 0 1444 0 1631 0 0 1591 0 
 1647 0 0 0 0 0 1523 1516 0 
 0 0 1467 0 0 1523 0 1551 0 
 0 1587 0 1489 1499 0 0 1387 0 
 1534 0 0 1543 0 1553 0 1606 1625 
 1364 1375 0 0 1551 1606 0 0 0 
 0 1429 0 0 0 0 0 1424 1583 
 0 0 1492 0 0 0 1443 1582 1403 
 0 1523 0 0 0 0 0 0 0 
 0 
 0 2069 0 1944 1972 0 0 1946 1846 
 0 0 0 2025 0 0 0 0 1826 
 2013 0 0 1760 0 0 2043 0 0 
 1914 1847 0 0 0 1946 2052 0 0 
 1976 0 0 0 0 1929 0 0 0 
 0 0 2017 0 2044 0 2008 0 0 
 0 0 0 0 0 0 0 1824 0 
 0 1755 1909 0 2025 2028 0 0 1879 
 1715 0 1898 1960 0 0 0 0 0 
 1741 1863 1740 1773 0 0 2078 1943 0 
 0 1978 0 1721 0 1762 0 0 1987 
 0 
 0 0 2413 2233 0 0 2124 2179 2515 
 0 2468 0 2251 0 2394 0 2086 0 
 0 2444 2359 0 2443 2494 2115 2297 2524 
 2070 0 2478 0 0 0 0 2428 0 
 2116 0 0 0 0 2202 0 0 2120 
 0 0 0 0 2293 2342 2414 0 0 
 0 0 0 0 2313 0 0 2264 0 
 0 0 0 0 0 0 2510 2479 0 
 2408 0 0 0 2459 0 0 2158 2517 
 0 0 0 2400 2444 0 2508 2328 0 
 2409 2205 0 0 2405 0 0 2340 0 
 2458 
 999 0 0 1088 0 1189 1196 0 0 
 0 0 0 0 0 0 0 1055 0 
 1194 0 0 1021 0 0 0 1105 0 
 1050 0 0 1109 1139 0 0 0 0 
 1010 0 0 0 0 0 1034 1087 0 
 0 0 0 0 0 1176 1011 0 0 
 0 0 0 0 0 1207 0 0 0 
 1046 1171 1178 0 0 0 1151 0 0 
 0 0 1068 993 999 0 0 1083 1130 
 0 0 0 0 0 1122 0 1139 0 
 0 0 0 0 0 1199 0 1176 0 
 1128 
 0 0 485 483 0 527 534 450 0 
 0 0 0 0 0 511 0 0 0 
 0 506 534 0 457 0 0 545 0 
 0 0 466 0 0 0 452 502 0 
 516 0 0 0 0 471 542 0 489 
 501 0 0 0 500 0 0 0 0 
 0 546 514 0 0 0 489 0 0 
 0 543 514 0 0 465 0 513 0 
 0 467 488 475 503 482 538 514 500 
 0 476 0 531 474 0 468 0 0 
 0 0 0 0 508 516 524 0 0 
 0 
 0 0 2040 1882 0 1951 0 0 2022 
 1742 0 0 0 1788 0 1883 1755 0 
 0 1882 0 0 1965 0 0 1799 0 
 0 0 2022 2068 1835 0 1729 0 1985 
 0 0 0 0 0 0 2016 1985 0 
 0 0 0 0 1766 1772 0 0 0 
 0 0 1968 0 0 0 2029 0 0 
 1920 1713 0 0 1994 1832 2055 1826 1996 
 0 0 0 1977 0 0 0 1800 0 
 2008 0 1929 0 0 0 0 0 2006 
 0 0 1835 0 0 2044 0 0 1757 
 0 
 0 0 0 2894 3169 2949 0 0 0 
 0 3042 0 3150 0 3070 0 0 3171 
 0 0 2967 3054 3019 0 0 0 2826 
 0 2933 2974 0 3068 0 0 3131 2649 
 0 0 0 0 0 2726 0 2875 3106 
 2690 0 0 0 0 3141 2769 2736 0 
 2952 0 2994 2857 0 3008 0 3164 0 
 0 2904 2695 0 0 0 2994 0 2616 
 2656 0 0 0 0 2714 0 0 0 
 0 2690 0 2741 2755 0 0 0 2617 
 2754 0 0 0 0 2725 0 0 0 
 2648 
 0 0 0 0 2382 0 2145 2233 2085 
 2316 0 0 2371 0 0 0 2329 0 
 2150 0 0 0 0 2134 0 2082 0 
 2212 0 0 0 0 2387 2418 0 2508 
 2084 0 2098 2222 0 0 0 0 0 
 2118 2120 0 0 2379 2280 2104 0 0 
 0 0 2229 0 0 0 0 2288 0 
 2419 0 0 2511 2520 0 0 2313 0 
 2189 2189 0 2459 2217 0 2373 0 0 
 2255 0 2192 0 0 0 0 0 0 
 2207 0 0 2464 0 0 0 0 2149 
 0 
 2214 0 0 0 2169 0 0 0 0 
 0 0 1934 0 2302 1981 0 2306 0 
 0 0 0 2123 2094 1927 0 2169 0 
 0 0 0 0 0 2269 0 2060 0 
 0 0 0 0 0 2230 0 1953 2063 
 0 2233 1999 0 0 0 0 0 0 
 0 2052 1961 0 0 0 0 2161 0 
 0 2073 0 2087 0 0 2139 0 0 
 0 0 1949 1966 0 0 1927 0 0 
 0 0 2112 1915 2103 1932 0 0 0 
 0 0 2036 0 0 1990 0 2286 0 
 2242 
 930 0 0 961 0 1098 1070 1055 945 
 0 0 995 1040 0 1080 938 0 911 
 913 0 0 941 921 0 1004 1020 1049 
 1004 0 0 0 0 1069 0 974 908 
 0 924 0 955 0 0 1022 1012 0 
 0 0 0 979 0 0 1050 0 0 
 1029 1042 1075 1011 0 921 0 1035 1006 
 1059 0 960 0 1091 1065 903 927 0 
 0 1044 984 0 0 0 0 0 1057 
 979 1067 1043 0 1024 0 960 904 0 
 0 1089 967 0 0 0 0 1055 0 
 996 
 0 1427 1647 1398 0 0 0 0 0 
 0 0 1477 1527 1567 0 0 0 0 
 0 1528 1597 0 1559 0 0 0 0 
 1396 0 0 1455 0 1415 0 0 0 
 1436 0 0 0 0 1508 0 1411 0 
 0 0 1466 0 1385 1377 0 1399 1575 
 0 0 0 0 0 0 1538 0 0 
 0 1420 0 0 1430 0 0 1591 0 
 0 0 1519 0 0 1517 0 1454 1435 
 1473 1418 0 0 0 1465 0 0 0 
 0 0 0 1547 0 1396 1603 1442 0 
 1643 
 303 0 0 294 0 290 0 0 0 
 323 0 0 0 0 276 0 0 318 
 0 276 0 311 0 310 285 303 293 
 321 279 0 0 0 0 0 0 328 
 280 0 277 278 288 0 320 0 326 
 0 0 0 0 0 0 302 0 325 
 283 274 0 0 0 329 0 302 0 
 277 0 284 0 292 0 296 0 0 
 0 0 316 0 0 270 275 304 0 
 0 274 0 295 318 288 0 0 282 
 0 0 327 0 0 0 0 276 0 
 0 
 0 0 0 4442 4451 4502 3833 0 4421 
 4050 0 0 0 0 0 4061 4402 0 
 4504 0 0 0 0 0 0 0 0 
 3937 4500 4003 0 0 3873 0 0 0 
 3885 0 0 3743 4097 4036 0 0 0 
 0 4320 4479 0 0 4220 0 0 4496 
 4232 4368 4164 4402 0 4363 0 0 3793 
 0 0 4100 3694 0 4386 0 0 0 
 0 0 3721 0 0 3914 0 0 0 
 0 0 0 4351 0 4167 0 4294 0 
 4312 4460 0 0 0 0 4219 4422 4318 
 4464 
 827 0 0 0 0 0 0 0 0 
 940 0 0 0 0 900 965 844 976 
 927 831 827 0 0 0 0 873 0 
 0 0 899 0 919 0 0 825 0 
 0 0 842 844 897 0 829 0 925 
 0 0 919 982 0 0 0 821 0 
 0 0 817 0 0 0 849 919 836 
 0 917 0 909 958 0 0 0 913 
 871 0 0 914 904 952 0 919 887 
 0 0 0 0 918 863 0 982 912 
 0 0 0 948 0 849 0 0 0 
 0 
 3064 2577 0 0 2974 3051 2695 0 0 
 0 0 0 0 0 2808 2980 0 2908 
 0 2908 0 2769 0 0 0 2698 0 
 2872 2569 0 0 0 0 0 0 2968 
 0 0 0 0 2996 2898 0 0 0 
 2894 0 0 0 0 0 2741 0 2804 
 2710 0 2806 2767 0 2844 2692 0 0 
 0 0 2548 2887 0 0 0 0 0 
 2903 2760 0 2599 0 0 0 0 2780 
 0 2811 2607 0 0 0 2964 0 0 
 0 2635 0 0 0 0 2740 0 2930 
 2897 
 0 0 837 0 0 0 0 769 736 
 0 0 0 0 847 0 0 0 0 
 837 0 0 0 0 0 0 0 879 
 777 810 766 0 0 0 849 768 734 
 0 781 0 879 859 0 877 771 0 
 0 807 0 729 0 737 0 0 801 
 0 843 0 813 0 0 843 737 0 
 0 794 725 0 814 0 724 0 725 
 0 791 0 873 0 842 0 0 0 
 0 846 0 761 0 813 0 0 0 
 0 724 0 0 0 0 0 751 755 
 837 
 0 0 0 0 877 864 821 0 753 
 0 0 0 0 863 0 731 0 0 
 831 805 834 857 732 750 0 821 799 
 0 767 0 773 0 0 0 843 0 
 738 780 795 0 0 0 0 0 0 
 0 0 775 835 0 0 783 0 765 
 839 815 0 790 0 0 0 0 782 
 0 805 0 851 723 0 0 0 776 
 767 0 0 821 0 0 0 0 780 
 0 0 0 774 827 0 0 0 0 
 776 0 0 783 0 872 840 736 0 
 0 
 1711 0 1729 0 0 0 1574 0 1675 
 1639 1574 0 1440 1738 0 0 0 1727 
 0 1756 0 1479 1564 1757 1494 0 1615 
 1640 0 0 0 1618 1617 0 0 0 
 1715 0 0 1558 1600 0 0 1703 1669 
 1699 0 1722 1470 1502 1603 1681 0 0 
 0 1643 0 1471 0 0 0 0 0 
 0 0 0 1640 1696 1557 1524 1655 0 
 0 1482 0 0 0 0 0 1741 1562 
 1688 1519 0 0 0 1668 1740 0 0 
 0 1459 1651 0 0 0 1569 0 0 
 0 
 1020 0 0 0 0 0 0 1037 0 
 952 0 0 0 902 1097 0 0 0 
 932 1040 0 0 970 960 0 0 0 
 1097 0 939 0 0 0 0 0 0 
 0 904 902 0 1093 0 0 0 0 
 0 0 0 0 0 983 0 972 0 
 1006 0 0 0 0 0 0 0 0 
 0 0 1006 0 961 0 0 0 1098 
 1080 955 0 0 0 0 0 973 973 
 936 1025 0 0 962 0 0 0 965 
 0 0 1011 0 1097 0 0 902 0 
 1059 
 0 2673 3032 3066 0 0 2781 2836 2656 
 0 2945 3027 0 0 0 2848 0 2684 
 2774 0 0 2865 2783 2953 3006 0 0 
 2755 2929 2901 3000 2624 0 2901 3051 0 
 0 0 0 2652 0 0 2757 2942 0 
 0 0 0 0 0 0 0 2894 0 
 0 2759 0 2845 0 0 0 0 0 
 2972 0 0 2690 0 2999 2727 0 2920 
 0 2843 0 0 2525 0 0 0 2548 
 0 0 0 0 2979 0 2929 0 0 
 2785 0 0 0 2972 2995 0 0 2727 
 2918 
 0 0 637 705 0 733 0 0 0 
 668 0 0 769 744 731 0 760 724 
 0 641 0 667 768 0 646 0 0 
 0 757 679 672 670 738 0 663 0 
 748 732 710 732 688 0 0 0 0 
 0 0 0 0 0 0 0 0 0 
 0 0 0 0 0 0 0 0 651 
 0 0 0 0 0 0 711 0 0 
 707 651 765 0 0 635 0 656 0 
 0 712 0 0 0 694 0 733 705 
 0 0 0 764 0 660 0 0 0 
 0 
 0 0 0 1524 0 1417 0 1484 1586 
 1427 0 0 1563 0 1545 1411 0 0 
 1468 1599 0 1365 0 0 0 0 1472 
 0 1503 0 0 1576 0 0 0 0 
 0 0 0 0 0 0 0 0 1478 
 1631 1373 0 0 0 1637 0 1638 0 
 0 1401 0 0 0 0 1453 0 0 
 1506 0 1409 1571 1611 1521 0 1472 1396 
 1628 1582 0 0 0 0 1616 0 0 
 1490 0 1470 0 1610 0 1433 0 0 
 1426 0 0 0 1485 0 0 0 0 
 0 
 0 0 0 0 1373 1356 1413 0 0 
 0 0 1342 0 1408 0 0 1372 1530 
 1408 1441 1476 0 0 0 1261 1443 1493 
 0 0 1384 0 1352 0 0 0 0 
 1509 0 1414 0 0 1462 1267 1394 0 
 0 0 1414 1501 1290 1357 1465 0 0 
 1427 0 0 0 1470 0 1435 0 1500 
 0 1421 0 0 0 0 1261 1464 0 
 0 0 0 0 0 1322 1324 0 1282 
 0 0 0 0 0 0 0 0 1436 
 0 0 0 0 0 0 0 1282 1351 
 1286 
 562 0 0 0 626 0 0 0 571 
 0 643 0 0 0 547 556 0 567 
 593 611 567 615 0 0 0 562 562 
 551 0 0 633 0 640 0 580 0 
 0 0 649 0 0 0 0 0 0 
 0 541 544 574 0 0 563 0 0 
 0 0 0 610 0 0 0 625 0 
 550 0 0 0 601 578 0 0 589 
 571 589 0 0 0 545 0 553 635 
 0 600 0 558 0 564 0 626 0 
 0 620 0 0 652 621 0 0 649 
 0 
 2027 1951 0 1998 0 1786 0 0 0 
 0 0 2055 0 0 0 0 0 0 
 1902 1953 0 0 2066 0 2048 0 0 
 1724 0 0 0 1740 0 0 0 1991 
 0 1987 1746 2008 0 0 0 0 2007 
 0 0 0 0 0 1740 1716 2017 1717 
 0 0 2061 1945 0 0 2030 0 1746 
 1869 0 0 0 0 1825 1970 1920 1909 
 0 0 1977 0 0 1782 0 0 0 
 2011 2004 0 0 0 1791 0 0 1757 
 0 2033 0 2083 1911 0 2043 1725 0 
 0 
 0 1113 0 0 1068 0 1069 0 1076 
 0 0 0 0 1151 0 0 1073 0 
 0 1092 0 0 0 0 0 0 1097 
 0 0 0 0 0 0 1153 0 0 
 0 1122 0 0 0 0 0 0 1015 
 0 997 0 0 1025 1155 1147 1118 1103 
 1030 1138 0 1189 1008 1106 0 0 991 
 0 0 0 0 1138 0 0 1026 0 
 996 0 0 0 0 0 0 0 1106 
 0 1055 1143 0 0 1173 1017 1199 0 
 0 1123 0 0 1083 0 0 1130 0 
 1133 
 1116 0 0 1177 1284 0 0 0 0 
 0 1253 1246 0 0 0 1115 1284 1219 
 0 0 0 0 0 1293 0 0 0 
 1128 0 0 0 1085 0 0 1135 0 
 1132 1083 1246 1308 1314 0 0 0 0 
 0 0 1104 0 0 0 1221 1287 0 
 0 0 1209 0 0 0 1118 0 1251 
 0 0 0 1148 0 0 0 0 1259 
 0 0 0 0 0 0 1266 0 0 
 0 0 0 0 0 1274 1104 0 0 
 1101 0 0 1123 0 0 0 1158 1136 
 0 
 2225 0 0 0 0 2489 2219 0 2253 
 0 2385 0 0 0 2410 0 0 2326 
 0 0 2273 0 0 0 0 2401 2167 
 2337 2087 2287 0 2080 2186 0 0 0 
 2233 0 2497 2344 2149 2405 2113 2208 0 
 0 0 0 0 0 2078 0 0 0 
 2355 0 0 0 0 2168 0 0 2166 
 2276 2237 2225 0 0 2268 2505 0 0 
 0 0 2414 0 2418 0 2185 0 0 
 2078 0 0 2103 0 2398 2510 0 0 
 2352 2186 0 0 2427 2411 2101 0 2471 
 0 
 2341 0 2455 2559 0 0 0 2600 2484 
 0 0 0 0 0 2562 0 0 0 
 2545 2551 2604 0 2431 0 0 2645 0 
 0 0 0 0 0 2852 2370 2577 2359 
 2345 2701 0 2760 0 0 0 2469 0 
 0 2414 2527 0 2712 0 0 0 0 
 2490 0 2859 0 0 2556 0 0 0 
 2426 0 0 2693 0 0 0 2847 2395 
 2820 2474 0 2738 0 0 2512 0 2599 
 2775 2811 2593 2366 0 2523 2805 2609 0 
 2433 0 0 2756 2411 0 0 2542 0 
 2807 
 0 0 0 1658 1575 1803 1795 0 0 
 1540 1772 0 0 1702 1536 0 1792 0 
 1697 0 0 0 1868 1628 0 1580 1824 
 0 1866 0 1775 1864 0 0 0 0 
 1663 0 0 0 1819 0 0 0 0 
 1627 1666 1772 0 0 1861 1711 0 0 
 0 0 1696 1784 0 0 1732 0 0 
 1746 0 1590 0 0 0 0 0 1841 
 1555 0 0 0 1718 1613 1743 0 1595 
 0 0 1757 1564 0 1769 0 1822 0 
 1629 1752 1827 1587 1863 0 1868 1747 0 
 0 
 612 565 613 0 0 658 559 0 625 
 0 0 0 638 0 0 0 621 639 
 654 0 0 645 0 603 540 605 647 
 636 0 631 0 0 0 640 0 0 
 0 0 641 567 0 0 544 657 647 
 0 0 0 600 604 0 612 546 0 
 0 0 0 0 0 593 0 0 0 
 0 0 0 615 0 0 627 0 639 
 579 0 0 563 0 0 652 0 0 
 0 0 555 0 555 0 609 0 0 
 547 0 0 623 0 574 0 0 540 
 601 
 0 0 0 0 0 0 0 0 964 
 820 0 947 0 0 0 0 932 984 
 899 953 0 918 933 0 979 981 979 
 0 0 0 0 0 0 0 941 881 
 836 0 0 818 0 952 0 0 0 
 0 934 860 894 986 886 0 0 0 
 0 883 0 0 903 0 0 957 962 
 0 867 887 862 0 0 0 974 917 
 960 973 0 888 0 831 0 922 0 
 969 0 0 979 892 0 0 817 0 
 0 891 0 0 909 0 0 0 0 
 925 
 1390 1366 1649 0 1630 0 1466 0 0 
 1582 0 0 1431 1515 1546 0 0 1378 
 1513 1379 0 0 0 0 0 0 0 
 1368 0 0 0 1430 0 1517 1484 0 
 1643 0 1521 0 1604 0 1502 0 0 
 0 1553 1494 0 1456 0 1356 0 1634 
 1585 0 0 0 1469 0 0 0 0 
 0 0 0 0 0 0 0 0 0 
 0 0 0 0 1459 1586 0 0 0 
 0 1516 1647 0 0 0 1362 0 0 
 1550 1444 0 0 1614 0 1436 0 1647 
 1505 
 1513 1289 1283 0 0 1373 0 1459 0 
 1481 0 0 0 0 0 1459 0 0 
 1395 0 0 0 0 0 0 0 1281 
 1337 1522 0 0 1407 1480 1384 0 0 
 0 0 1463 1437 1391 0 0 1338 0 
 1339 0 1411 1267 0 0 1495 0 0 
 1344 0 0 1298 0 0 1353 1535 0 
 1511 1369 1287 1336 1502 0 1418 0 1460 
 0 0 0 0 0 0 1487 1468 0 
 0 1455 1305 1400 0 0 0 1390 0 
 1514 0 1445 0 1532 1466 0 1276 1305 
 1357 
 0 750 0 663 0 681 0 0 700 
 0 698 735 0 674 0 0 0 728 
 0 695 0 0 657 0 646 651 0 
 0 635 0 0 0 0 0 0 0 
 0 0 0 0 714 669 679 0 639 
 0 0 0 749 745 646 658 0 0 
 0 0 630 752 0 0 755 0 692 
 0 0 0 0 668 0 0 656 0 
 642 0 728 0 643 0 648 667 733 
 698 0 0 0 0 713 763 0 667 
 668 688 0 0 0 739 670 666 690 
 0 
 0 2833 2649 0 0 0 0 2940 0 
 2633 2943 0 2784 2559 0 2480 0 2559 
 2618 0 0 2934 2781 0 0 0 0 
 0 0 0 2827 0 0 2861 2787 0 
 0 0 0 2726 0 2602 0 2670 2797 
 2594 2836 2781 0 0 0 2809 0 2936 
 2754 0 2910 2633 0 0 2766 0 2753 
 2811 0 0 2964 0 2681 0 0 2603 
 0 2769 2696 0 0 2500 0 0 2825 
 0 0 2629 0 0 2687 0 2968 2735 
 2945 0 0 2502 2913 2594 2927 0 0 
 0 
 0 0 0 0 0 0 0 0 0 
 1404 0 0 0 0 0 0 0 0 
 1393 0 1262 0 0 0 0 1403 1349 
 0 0 0 0 0 0 1420 0 1393 
 0 1262 1175 1217 0 0 0 0 0 
 0 0 1350 0 0 1409 1232 1412 1373 
 0 1278 1376 0 1391 0 1187 0 0 
 0 1225 0 1208 0 0 0 1241 0 
 1270 0 0 0 0 0 0 1244 0 
 0 0 0 0 1319 1212 0 0 0 
 0 0 1217 0 0 1255 0 1397 1259 
 1425 
 0 1191 0 1196 0 1148 0 0 1097 
 0 0 1114 0 0 0 0 1090 991 
 1139 1130 0 1003 1176 0 1193 1079 0 
 0 0 1027 0 0 0 0 1208 0 
 0 0 0 0 0 1105 0 996 0 
 1153 0 0 1015 0 1195 1156 1098 1066 
 0 0 1004 0 0 0 0 0 1015 
 0 1049 1117 1036 0 1015 1196 0 1083 
 0 1106 0 0 0 1086 0 1160 1029 
 0 0 0 0 0 0 1079 0 1113 
 0 0 1134 0 1111 1201 0 0 0 
 1117 
 0 0 0 1474 1602 1520 0 0 0 
 0 0 1567 0 0 1640 1481 0 0 
 0 0 0 1503 0 0 0 1478 0 
 0 1542 1473 0 1729 0 1744 1527 1659 
 0 0 0 1507 0 0 0 0 0 
 1646 1586 0 0 0 0 0 1670 1675 
 0 0 1452 0 1657 0 1686 0 1716 
 1648 0 0 1680 0 0 0 0 0 
 0 1643 0 1692 0 0 1639 0 1559 
 1531 0 0 1682 0 0 0 1700 0 
 0 0 1448 1659 1498 1584 0 0 1623 
 0 
 0 0 903 0 0 0 0 937 1040 
 0 0 1057 935 0 1015 1036 0 995 
 0 0 0 0 925 0 0 903 0 
 1059 1000 1014 986 0 0 964 0 0 
 0 966 0 0 913 1037 0 1027 0 
 947 0 0 0 1093 0 0 0 1079 
 0 1047 0 0 0 0 934 1011 0 
 0 958 0 0 958 996 0 1013 0 
 0 0 1025 923 943 0 0 0 931 
 0 0 1067 0 0 0 952 0 935 
 1019 0 939 0 0 935 981 0 0 
 0 
 0 0 0 0 0 0 452 0 0 
 475 0 0 522 0 517 0 0 522 
 0 0 525 499 0 545 0 495 544 
 0 0 0 473 0 0 0 0 0 
 0 547 516 0 0 457 0 542 0 
 484 0 0 502 0 0 517 501 0 
 514 0 463 524 480 0 460 507 0 
 538 0 0 484 0 0 477 0 520 
 460 0 466 456 503 0 548 0 0 
 0 507 0 472 0 0 0 483 0 
 0 548 484 520 0 0 0 502 503 
 0 
 0 0 0 0 2394 0 0 0 2325 
 0 0 0 2409 2293 2606 0 0 2311 
 0 0 0 0 2568 2437 0 0 0 
 2562 2499 0 2409 0 0 2617 2656 0 
 2507 0 0 2566 2503 0 0 0 2337 
 2515 0 0 0 2490 0 0 2639 2507 
 0 0 0 0 0 2702 0 2277 0 
 2733 0 0 0 0 0 0 0 0 
 2505 0 0 2741 0 2254 0 0 2472 
 2445 2274 0 0 0 0 0 0 0 
 2688 0 2635 0 2622 0 0 2565 0 
 0 
 1805 0 0 1782 1616 1572 1802 0 0 
 0 1833 1688 1702 0 1670 0 0 1745 
 1672 0 1789 0 1721 0 0 0 1640 
 1793 0 1588 0 0 0 0 0 0 
 0 0 1633 1632 1781 1788 0 0 1832 
 0 1839 1718 0 0 1762 0 0 1660 
 0 0 0 1592 1867 0 1731 0 0 
 0 0 0 1542 1542 0 0 0 0 
 0 0 0 1797 0 0 0 0 0 
 0 1697 1575 1537 0 1554 1659 1566 0 
 0 1659 0 1635 1611 0 1827 0 0 
 0 
 1752 0 0 0 0 1836 1804 1757 0 
 0 1766 0 0 1928 1645 0 1911 0 
 1707 0 1777 0 1747 1698 0 0 1858 
 0 1867 1813 1702 0 0 0 0 1787 
 1833 1874 1656 0 1816 0 0 0 0 
 0 0 1976 1704 0 0 1824 0 1688 
 1919 0 0 1977 0 1774 0 0 0 
 0 1677 1672 1835 0 0 0 0 1977 
 0 0 1626 1846 1643 1673 1946 1652 0 
 0 0 0 0 0 0 0 1879 0 
 1744 0 1699 0 1824 0 1658 1886 0 
 1807 
 0 0 0 0 959 979 0 0 982 
 923 1041 0 911 0 0 1039 0 0 
 949 0 0 0 0 0 903 0 0 
 909 0 0 1076 938 964 0 0 902 
 0 1061 952 981 0 940 0 0 0 
 1026 0 1044 0 0 0 0 0 0 
 0 906 0 0 0 961 1037 1050 0 
 1010 0 0 0 1059 957 0 923 0 
 0 1063 1044 1081 940 983 0 0 0 
 0 0 0 913 1050 0 0 0 0 
 0 0 1066 0 1001 0 936 0 0 
 0 
