 75 100 
 0 0 0 1823 0 0 1821 0 1745 
 1722 1768 1702 0 0 0 1758 0 0 
 0 0 0 0 1856 0 1675 1924 1731 
 0 1972 1819 0 0 1768 0 1745 0 
 0 0 1942 0 0 0 0 1658 0 
 0 1911 0 1658 0 1870 0 1862 1715 
 1821 1763 1929 1676 0 0 0 0 0 
 0 1970 1681 0 1666 1670 1731 0 1923 
 0 1961 0 0 0 0 0 0 1816 
 0 1955 1700 1644 0 0 0 1978 0 
 1812 0 1664 0 1704 0 1754 0 1779 
 0 
 0 0 0 2746 0 0 2342 2391 2638 
 0 0 2374 0 2563 2756 2498 0 0 
 2447 0 0 2836 0 0 0 0 2396 
 0 0 0 0 0 2817 2822 2855 2431 
 0 2803 2568 0 0 0 0 0 2575 
 2792 0 2856 0 0 0 0 0 0 
 0 0 2496 2854 2538 0 0 2456 0 
 0 0 2464 0 0 2374 2598 2559 0 
 0 0 0 2739 2840 0 0 2676 0 
 0 2851 2684 2770 2640 2791 0 2767 0 
 0 2405 0 0 2600 2342 0 2781 0 
 0 
 0 0 0 998 0 0 1050 0 0 
 0 0 0 0 1167 0 1118 0 1152 
 0 1156 1196 0 0 0 0 1132 1186 
 1158 1197 1011 0 0 0 0 0 0 
 0 0 1149 0 0 0 0 1101 1180 
 1032 1193 1134 1016 1011 0 0 0 0 
 1067 0 0 0 1099 0 1124 0 0 
 1008 0 0 0 1030 1032 1096 0 1014 
 0 1131 0 0 1123 1200 0 0 0 
 1003 0 0 0 999 0 0 0 1037 
 1123 1022 0 1121 0 1111 1171 0 0 
 0 
 3046 2906 0 0 3047 3016 3176 0 3066 
 2957 0 0 0 0 3061 2877 0 3275 
 3040 0 0 0 3160 0 2831 0 0 
 0 0 3283 2761 0 0 3186 3269 2888 
 0 0 0 0 0 0 0 3008 3193 
 0 3116 0 3116 0 2967 0 0 0 
 2890 0 3077 2753 0 0 0 0 0 
 0 3180 0 0 0 0 3210 3105 0 
 0 0 3101 0 0 0 0 0 2937 
 0 3004 2903 0 3007 2965 0 3047 2884 
 0 0 0 0 2730 3093 0 0 0 
 0 
 0 2177 2070 0 1949 0 0 0 0 
 2085 0 2108 1955 0 0 0 2223 0 
 0 0 1976 0 0 0 0 2055 0 
 2198 2173 0 0 2199 0 0 0 0 
 2019 1934 0 0 0 0 2225 0 0 
 0 0 2199 0 0 0 0 0 0 
 0 2308 2040 2128 2013 0 0 0 2229 
 2016 1928 0 2051 0 2307 2255 0 2302 
 2026 0 0 2120 0 1915 0 1935 0 
 0 2103 0 2213 0 2134 0 0 2215 
 1935 0 0 2085 1905 0 2137 0 1901 
 0 
 1723 0 1879 0 2074 0 2001 0 0 
 0 0 2010 0 1809 0 1931 0 0 
 0 0 1719 0 0 0 0 0 1785 
 1794 1989 0 0 0 0 2083 2053 1950 
 0 1790 0 0 0 0 2051 0 1738 
 0 0 1974 1913 1981 2036 1740 1782 0 
 1950 1898 0 1823 0 1837 0 0 0 
 2002 0 1754 1853 1890 0 0 0 0 
 0 0 0 0 1840 1984 0 0 1861 
 0 1819 1993 1936 0 1878 0 0 0 
 0 1859 0 1912 0 2021 1718 0 0 
 0 
 1456 1438 0 0 1539 0 0 0 0 
 1462 0 0 0 1452 1550 0 0 0 
 0 1456 0 0 1468 0 1635 1575 1381 
 0 0 1604 0 1621 0 0 0 1476 
 0 1571 1537 1475 0 1350 1629 0 0 
 0 1619 0 1647 0 1387 1466 1647 1401 
 0 1514 1537 0 0 0 1517 1515 0 
 0 0 1608 0 0 1461 1500 0 0 
 1597 1565 1593 0 1615 1379 1408 1502 1576 
 0 0 0 1540 0 1379 0 0 0 
 0 0 0 0 0 1538 1590 1460 1428 
 1552 
 0 0 1482 0 0 0 0 0 1741 
 1562 1688 1519 0 0 0 1668 1740 0 
 0 0 1459 1651 0 0 0 1569 0 
 0 0 1632 0 0 0 0 0 0 
 1660 0 1524 0 0 0 1443 1755 0 
 0 0 1492 1665 0 0 1552 1536 0 
 0 0 1755 0 1502 0 0 0 0 
 0 0 0 1447 1444 0 1749 0 0 
 0 0 0 0 0 0 0 1573 0 
 1556 0 1610 0 0 0 0 0 0 
 0 0 0 0 1610 0 1537 0 0 
 0 
 3186 3134 2769 0 0 0 0 0 2822 
 2823 2716 2973 0 0 2791 0 0 0 
 2801 0 0 2934 0 3182 0 0 2618 
 0 3071 0 2768 3140 3175 0 0 2880 
 2937 2751 0 3050 3135 0 0 0 2950 
 0 2780 2874 0 0 2967 2882 3058 3113 
 0 0 2853 3033 3005 3107 2718 0 3005 
 3160 0 0 0 0 2747 0 0 2855 
 3048 0 0 0 0 0 0 0 0 
 2997 0 0 2858 0 2946 0 0 0 
 0 0 3078 0 0 2786 0 3106 2824 
 0 
 2711 0 2640 0 0 2345 0 0 0 
 2366 0 0 0 0 2766 0 2719 0 
 0 2586 0 0 0 2759 2781 0 0 
 2532 2710 0 0 2368 2620 0 2724 0 
 0 0 2481 0 0 2858 2764 2717 0 
 2824 2689 0 2381 0 2480 2855 0 2400 
 0 0 0 2813 2522 2499 2489 2743 0 
 2463 0 2778 2718 2637 2721 2556 0 0 
 0 0 0 0 0 0 0 0 0 
 0 0 0 0 0 0 0 0 0 
 0 2419 0 0 0 0 0 0 2641 
 0 
 0 3737 3445 4048 0 0 3359 0 3467 
 0 0 3764 0 0 0 3671 0 3877 
 3727 0 0 0 4038 0 3491 0 0 
 0 0 0 0 0 3760 0 3495 0 
 3662 3913 3521 0 0 3856 0 3812 3482 
 0 0 3623 3946 0 3368 0 0 0 
 0 3631 0 3709 0 0 3888 0 0 
 0 0 0 0 0 0 0 0 0 
 0 3646 4023 3388 0 0 0 4040 0 
 4040 0 0 3457 0 0 0 0 3584 
 0 0 3716 0 3477 3875 3973 3753 0 
 3632 
 1489 1737 1687 0 0 0 0 1724 0 
 0 1590 0 1568 0 1717 0 1529 0 
 0 1521 0 0 0 1584 0 0 0 
 0 0 0 0 0 0 1570 1550 1615 
 0 0 0 0 1534 0 1610 0 0 
 1568 1749 1610 1647 1686 0 0 0 1441 
 1649 1706 0 0 1582 0 1545 0 0 
 0 0 1724 0 1616 0 0 1671 1449 
 1593 0 0 0 1616 1715 1474 1551 1675 
 0 0 1631 0 0 0 1681 0 1640 
 0 1715 0 1624 0 0 0 0 1442 
 1673 
 0 0 0 0 0 0 1133 1135 0 
 1099 0 0 0 0 0 0 0 0 
 1230 0 0 0 0 0 0 0 1098 
 1158 1102 1124 0 0 0 1252 0 0 
 0 1142 0 1286 0 0 0 1095 1112 
 0 1134 1187 1222 1134 1231 0 0 0 
 1124 1125 1102 0 0 1267 0 1280 0 
 1161 0 0 0 1299 0 0 0 0 
 0 0 0 1083 1088 1148 0 0 1126 
 0 0 0 0 0 1220 0 0 0 
 1251 0 1100 0 0 0 1203 1157 0 
 0 
 3046 2954 3045 0 0 0 2817 0 2861 
 3281 0 3104 0 2887 0 2916 0 3238 
 0 0 3203 0 0 3371 3211 0 0 
 3354 0 3308 3183 0 3261 0 2915 0 
 0 0 0 0 3353 0 0 0 0 
 0 0 3104 3187 0 0 3372 0 3341 
 0 0 2813 0 0 0 2839 0 0 
 0 3248 0 3242 2850 3277 0 0 0 
 0 3276 0 0 0 0 0 2839 2801 
 3291 2802 0 0 3364 3174 0 0 3312 
 0 2849 3049 0 0 0 0 2979 3214 
 3133 
 803 0 0 832 0 0 750 0 0 
 0 846 843 0 0 0 754 0 0 
 740 0 856 0 877 804 0 860 726 
 0 0 0 810 0 0 777 0 777 
 0 782 0 0 0 0 837 0 0 
 780 0 0 794 0 0 0 0 0 
 0 798 0 0 0 0 0 0 838 
 0 0 0 816 0 0 0 0 0 
 0 738 0 725 0 0 745 840 834 
 813 802 749 828 0 865 733 804 0 
 0 720 0 0 0 0 828 0 0 
 746 
 0 1721 0 0 0 0 0 0 0 
 1910 0 1822 1975 0 0 2026 1756 2072 
 0 0 1941 0 0 1871 0 0 1952 
 0 1957 1768 0 0 1864 2033 0 0 
 0 0 0 1985 1973 0 0 0 1766 
 2033 1930 0 0 0 0 0 2047 0 
 0 0 1787 0 0 0 1718 0 0 
 1798 0 1792 1715 1973 2071 2081 0 0 
 0 0 0 0 1748 0 0 0 1933 
 2038 0 0 0 1915 0 0 0 1771 
 0 1981 0 0 0 1817 0 0 0 
 0 
 2098 0 0 0 0 0 0 2110 0 
 0 0 0 0 0 0 2124 1841 0 
 0 1835 0 0 1872 0 0 0 1930 
 1894 0 1935 0 0 0 0 2164 1929 
 0 1959 0 2074 0 0 0 2095 0 
 0 2022 0 0 1976 0 0 0 0 
 2087 1884 2032 1815 1988 0 1808 1901 0 
 0 0 1942 0 2171 2038 1868 2091 1837 
 1920 0 0 0 0 0 0 1807 0 
 0 0 2048 0 0 0 0 1885 0 
 0 1884 1979 1945 1935 0 0 1972 2178 
 0 
 0 0 0 1364 0 1367 0 1235 0 
 0 1174 0 0 1189 0 1355 1419 0 
 0 1329 1236 0 0 1371 1363 1187 0 
 1396 0 1170 0 1227 1279 0 0 0 
 1300 1242 0 0 0 0 0 1281 0 
 0 0 1272 1275 1302 0 1215 0 0 
 1322 0 0 0 0 0 0 1426 1185 
 1288 1179 1172 1350 0 1380 0 0 0 
 1234 0 0 1207 1263 0 1356 0 0 
 0 0 1245 0 1429 0 0 1278 0 
 0 0 1213 0 0 1346 0 0 0 
 1423 
 1382 1627 1427 0 1579 0 0 1449 0 
 1499 1601 1622 1496 1365 0 1455 1618 1505 
 0 1403 0 0 1590 1391 0 0 1466 
 0 1619 0 0 0 1463 1389 1591 1584 
 0 0 1358 1563 0 0 1502 1355 0 
 1581 0 1497 0 0 0 1648 1437 0 
 1394 1610 0 1646 0 1566 1644 0 0 
 0 0 1467 0 0 0 1605 0 0 
 0 0 1435 1470 1564 0 0 1642 1510 
 0 0 0 0 1497 1574 0 0 1528 
 0 0 1541 0 1403 0 0 0 0 
 0 
 2382 2013 0 0 0 2224 2087 2256 0 
 2064 0 0 2274 2025 0 2290 0 2357 
 0 2108 2267 2365 2054 2411 0 2417 2261 
 0 0 2247 2073 2250 0 0 2414 2052 
 0 2294 0 0 0 2340 0 0 0 
 2277 2346 2398 0 0 2367 0 2214 1982 
 2220 2372 2334 0 2315 0 0 0 2348 
 0 0 0 0 2352 2080 0 0 1995 
 2412 2373 0 0 0 2203 2216 0 2246 
 2002 0 0 0 0 0 0 2176 0 
 0 0 0 0 0 2255 0 0 2299 
 0 
 2985 2706 0 0 2627 0 0 3045 0 
 0 0 0 2594 0 2592 0 2844 0 
 0 2554 0 0 2908 0 2682 0 0 
 2521 2805 0 0 0 0 0 0 0 
 0 3001 2552 0 2947 0 0 0 0 
 2900 3062 2797 2967 0 2857 2903 0 3046 
 3052 3047 0 0 0 0 0 0 0 
 2930 2743 2602 0 0 2545 0 2961 0 
 0 0 0 2906 2678 2782 3069 2757 0 
 0 0 0 2747 0 0 2809 0 0 
 2977 2993 0 2699 2761 2683 0 0 0 
 3030 
 1223 1280 1298 0 1185 0 1108 0 1230 
 0 1293 0 0 1306 1190 0 0 1090 
 0 0 1188 0 0 1212 0 0 0 
 0 1234 1112 1093 1319 0 1304 0 1173 
 0 0 1265 0 0 1145 1212 1237 0 
 0 1102 1210 1103 0 0 0 0 0 
 0 0 1094 0 0 0 1144 0 1214 
 1187 0 1315 0 1217 0 1283 0 1202 
 0 0 0 1243 1195 0 1164 0 1085 
 0 1307 1268 0 0 0 1175 0 0 
 0 0 0 0 0 0 0 0 0 
 0 
 0 0 0 0 0 583 634 0 0 
 0 0 606 658 0 0 0 545 0 
 0 620 577 0 0 645 0 574 0 
 659 602 648 552 550 0 0 588 0 
 625 0 634 0 0 0 0 0 625 
 0 0 598 0 0 0 0 0 0 
 0 549 573 652 0 0 603 634 593 
 0 0 0 0 627 615 596 0 0 
 573 0 574 0 605 543 0 0 640 
 0 0 576 0 0 556 0 0 580 
 658 0 647 586 551 572 643 0 607 
 0 
 2817 0 0 0 0 0 0 2868 2832 
 0 0 2806 2516 2700 0 0 0 2681 
 0 2920 0 2788 0 2954 2827 0 2462 
 2516 2618 0 2894 0 2560 0 2629 0 
 0 2702 0 2695 2837 0 2602 0 0 
 0 2810 0 2683 0 0 2534 0 2494 
 2514 0 0 2451 0 0 0 0 0 
 0 0 0 0 0 0 2757 2582 2622 
 0 2468 0 0 0 2890 2876 2495 2541 
 0 0 0 0 2432 2903 0 0 2914 
 0 2669 0 0 0 0 2577 0 0 
 2532 
 0 1285 0 1457 0 1286 0 1297 1334 
 1466 1397 0 0 0 0 1426 1526 0 
 1335 1337 1376 0 0 0 1479 1341 1333 
 1381 0 0 1469 1373 0 0 0 0 
 1524 0 1365 1526 0 1443 1326 0 1285 
 0 1326 1357 0 0 1521 1442 0 0 
 0 0 0 0 0 1466 0 0 1483 
 1445 0 0 0 0 1413 0 1349 0 
 1384 1450 1345 1470 1442 0 0 0 1456 
 0 1522 1428 0 1509 1365 0 0 1434 
 0 1427 1457 0 0 1536 0 1390 0 
 0 
 1735 0 1846 1797 0 0 1667 0 0 
 1883 0 0 1753 0 0 1791 0 1978 
 1823 1963 0 0 1668 1942 1729 1951 0 
 0 0 0 0 0 0 0 0 0 
 0 0 1944 0 0 0 0 0 0 
 0 0 1929 0 1748 0 0 0 0 
 1943 1868 0 0 0 0 0 0 1966 
 0 1928 0 1747 1627 1685 0 0 0 
 0 0 0 0 1869 0 0 1952 1705 
 1956 1901 0 1770 1905 0 1926 0 1644 
 0 0 0 1696 0 1672 0 0 0 
 1718 
 0 1661 0 0 0 0 0 0 1627 
 0 0 0 0 0 1725 1585 0 0 
 0 0 0 1592 0 0 1641 0 1827 
 1647 1864 0 1841 0 1848 0 1774 0 
 0 1695 0 0 1722 0 0 0 0 
 1685 1532 1761 1747 0 1551 1817 0 1844 
 1668 0 0 0 1588 0 0 0 0 
 1867 0 0 0 0 0 0 1708 0 
 1539 0 1782 0 0 1569 0 1847 1786 
 1697 1647 0 0 1553 0 0 0 0 
 0 1569 0 1622 1727 1602 0 1569 1849 
 0 
 2855 0 2916 0 0 0 2864 0 3059 
 2713 0 0 0 0 0 0 2845 0 
 2936 0 0 2990 0 2930 3166 0 0 
 0 2945 0 0 0 2673 2904 2755 0 
 0 0 0 0 2841 0 0 2973 2685 
 0 0 0 0 0 2725 0 0 0 
 2679 0 0 2795 2671 0 3134 0 3161 
 2769 3007 0 0 0 2733 0 0 0 
 0 0 2984 2875 0 0 0 0 0 
 3028 3037 0 0 2632 0 3003 0 3057 
 0 3110 2988 0 0 3046 0 0 0 
 0 
 0 0 1335 0 1375 0 0 1332 0 
 1267 1244 0 0 1367 0 0 0 1381 
 0 0 0 1176 1348 1217 1287 0 0 
 1319 0 0 0 1173 0 0 0 0 
 1218 1352 0 0 1374 1216 0 1319 1347 
 0 1293 0 0 0 0 1203 0 0 
 1174 0 1377 1300 1319 1282 0 0 1253 
 0 0 0 1257 0 0 1186 1349 0 
 1335 0 1232 0 0 0 1421 0 0 
 0 1403 0 1361 0 0 0 0 1214 
 1314 0 0 1245 0 0 1246 1295 0 
 1317 
 0 0 0 2256 2031 2076 0 0 0 
 2048 0 0 2348 0 0 0 2095 0 
 2058 2243 0 2066 0 0 2058 2159 0 
 0 0 0 0 0 0 0 0 1989 
 0 0 2090 0 0 2299 0 2278 0 
 0 2297 0 0 2313 2197 0 2401 0 
 2179 2396 0 0 0 2084 0 0 0 
 0 0 0 2410 2273 0 0 2012 0 
 2387 0 2133 0 0 2211 0 0 2275 
 2204 0 2261 0 2038 2306 2114 0 2024 
 2234 0 2370 0 0 2131 0 0 2099 
 0 
 2604 2304 0 2332 2280 2518 0 2743 0 
 0 0 2535 0 2362 0 0 0 2418 
 0 0 2742 2420 2604 0 0 0 2511 
 2518 0 0 0 0 0 2394 0 0 
 0 2325 0 0 0 2409 2293 2606 0 
 0 2311 0 0 0 0 2568 2437 0 
 0 0 2562 2499 0 2409 0 0 2617 
 2656 0 2507 0 0 2566 2503 0 0 
 0 2337 2515 0 0 0 2490 0 0 
 2639 2507 0 0 0 0 0 2702 0 
 2277 0 2733 0 0 0 0 0 0 
 0 
 0 2806 0 0 3070 0 2524 0 0 
 2769 2739 2547 0 0 0 0 0 0 
 0 3011 0 2951 0 2937 0 0 2872 
 0 0 2973 0 0 2935 2662 2589 2969 
 0 0 0 3019 2781 2803 0 2751 0 
 0 2875 2754 0 2947 0 2835 0 0 
 0 2702 2954 0 2616 0 0 0 0 
 0 0 0 0 2690 2688 2933 2945 0 
 0 3017 0 3029 2830 0 0 2902 0 
 0 2734 0 0 0 2623 3076 0 2851 
 0 0 0 0 0 2540 2540 0 0 
 0 
 0 0 0 0 2855 0 0 0 0 
 0 0 2696 2502 2441 0 2468 2636 2487 
 0 0 2635 0 2597 2559 0 2902 0 
 0 0 2628 0 0 0 0 2754 2706 
 2636 0 0 2649 0 0 2893 2467 0 
 2867 0 2561 0 2665 0 2621 2547 0 
 0 2787 0 2800 2719 2553 0 0 0 
 0 2680 2750 2811 2484 0 2724 0 0 
 0 0 0 0 2965 2556 0 0 2737 
 0 2532 2878 0 0 2966 0 2662 0 
 0 0 0 2515 2508 2752 0 0 0 
 0 
 2087 0 0 1716 1948 1734 1766 2054 1744 
 0 0 0 0 0 0 0 0 1984 
 0 1841 0 1793 0 1925 0 1750 1991 
 0 1907 0 0 0 0 1822 1861 0 
 0 1867 1755 1978 0 1732 0 0 1974 
 0 0 1803 0 0 0 0 0 1717 
 0 0 1728 0 0 2045 1784 1832 0 
 0 1713 0 2017 1808 1863 0 1786 0 
 0 0 1949 0 1985 0 0 0 0 
 0 0 0 1723 0 0 0 1827 1971 
 1996 0 1919 0 0 0 2012 1820 0 
 1754 
 0 0 1063 1044 1081 940 983 0 0 
 0 0 0 0 913 1050 0 0 0 
 0 0 0 1066 0 1001 0 936 0 
 0 0 1036 0 0 0 954 0 0 
 928 0 0 0 1080 0 1072 0 0 
 1006 0 927 0 0 0 0 1053 0 
 958 0 1081 0 0 0 988 0 1049 
 0 927 1047 0 0 0 0 0 950 
 0 1033 942 1056 1007 1064 0 1066 0 
 0 0 1071 0 1077 1061 989 0 0 
 0 0 0 1026 1056 0 1043 970 0 
 0 
 1146 0 0 0 0 0 0 0 0 
 0 0 0 0 1192 0 0 1118 1240 
 0 0 0 1190 0 0 0 0 0 
 0 1265 0 0 0 0 0 0 1281 
 0 0 0 1125 0 1287 1082 1226 0 
 0 0 1100 0 0 0 0 0 1184 
 0 1233 0 1275 1304 0 0 0 0 
 0 0 0 0 0 0 1209 0 0 
 1265 0 0 1296 1183 1304 0 0 1150 
 1150 1142 1160 0 1141 0 1300 1195 1287 
 0 0 1270 1175 0 0 0 1305 0 
 1185 
 0 0 0 0 0 0 0 1332 0 
 1420 0 1520 1405 0 1384 0 0 0 
 1360 0 1425 0 0 0 1326 1389 1447 
 1427 0 1297 1269 0 0 0 1278 0 
 0 0 0 1340 0 0 0 1409 0 
 1332 0 0 1494 1390 1392 1469 1394 0 
 0 1429 0 0 1317 1294 0 0 1411 
 1335 0 0 1314 1383 1388 0 0 1529 
 0 0 0 1272 1414 0 0 1277 0 
 0 0 1532 0 0 0 1531 1432 0 
 0 0 1374 0 1518 0 1526 0 1354 
 1535 
 2257 0 0 0 0 0 0 2601 2541 
 0 0 2451 0 0 2415 2280 0 0 
 0 0 0 2235 2443 2625 0 2554 2266 
 0 0 2613 0 2342 0 0 2360 0 
 0 2301 0 2593 0 2625 0 0 2321 
 2393 0 0 2320 2505 0 0 0 2192 
 0 2386 0 2548 0 0 0 0 0 
 2227 0 2265 0 2461 0 0 2206 0 
 0 0 2473 0 0 0 2329 2572 0 
 2433 2466 0 0 2464 2423 2430 0 0 
 0 0 2188 0 2557 0 2268 0 0 
 0 
 1671 1527 0 0 1471 1484 1643 1629 0 
 1649 1620 1456 0 0 0 0 0 0 
 0 1741 0 1670 1662 0 0 0 0 
 1508 0 1655 1453 0 1512 0 0 0 
 1737 0 1507 0 1518 0 0 1643 0 
 0 0 0 0 0 0 1459 1486 0 
 1556 0 0 0 0 0 0 0 0 
 1612 0 0 1497 0 1571 0 1483 0 
 0 0 1553 1537 1745 0 0 1743 0 
 0 0 0 0 0 0 0 0 1684 
 1451 1563 0 1480 0 0 0 1524 1744 
 0 
 3573 0 0 0 0 2975 3603 0 2972 
 3628 0 3336 0 3116 0 0 0 3079 
 3206 0 0 0 0 0 0 3629 3536 
 0 3545 0 3043 0 0 3119 0 0 
 0 3317 3004 3034 0 0 0 0 0 
 0 0 0 0 3398 3518 3062 0 3358 
 0 0 3274 0 0 3238 3449 3291 0 
 0 0 0 3581 3046 3334 3359 3074 0 
 2975 0 0 3202 0 0 0 2971 3560 
 0 3285 3466 0 0 0 3024 3355 0 
 0 0 0 3457 3250 0 0 3054 0 
 0 
 0 0 0 0 0 0 1588 0 1383 
 1611 1584 0 0 0 1479 1526 0 1445 
 1464 1626 0 0 0 0 1524 1536 0 
 1537 0 1358 0 0 0 0 0 1630 
 1531 0 0 0 1518 0 1432 0 1506 
 0 0 0 1454 1641 0 0 0 0 
 0 1600 0 1455 0 1359 0 0 0 
 0 0 1490 0 1355 1566 0 1381 0 
 1620 0 0 0 0 0 1474 0 1575 
 1443 0 0 0 1501 1507 1547 1592 1429 
 0 0 0 0 0 0 1550 0 1364 
 1584 
 1135 0 1031 0 1038 1169 1027 0 0 
 0 0 999 1189 0 0 0 993 1165 
 0 0 0 1161 1182 1148 1114 1026 0 
 1050 0 0 1171 0 0 0 0 0 
 1178 0 998 0 0 1172 0 0 0 
 1028 0 1171 1120 1111 999 0 0 0 
 1046 1205 1039 0 1109 0 0 0 0 
 0 1117 1007 0 0 1056 0 0 1124 
 1200 1137 0 0 0 1141 0 0 0 
 1112 0 1206 1070 0 0 1035 0 1105 
 1026 1049 1047 1076 0 0 0 1202 1181 
 0 
 0 0 0 0 0 1847 1952 1693 0 
 1627 0 0 1865 0 0 0 0 0 
 1653 0 1876 1815 0 1708 0 1786 0 
 1738 0 1767 0 1875 0 1837 1807 0 
 1877 0 0 1956 0 0 0 1963 0 
 0 0 0 1828 0 0 0 0 0 
 0 0 1933 1812 0 0 1771 1776 0 
 1648 1933 0 1811 0 1902 0 0 0 
 0 0 0 0 0 1730 0 0 0 
 1703 0 0 0 1918 1670 1856 1851 0 
 0 1799 0 0 1900 0 0 1692 1835 
 1908 
 0 0 1688 0 1625 0 0 1707 1608 
 1738 0 1554 1572 0 1839 0 0 1568 
 0 1614 0 0 1605 0 0 1816 0 
 1858 1860 0 1686 0 0 0 1709 0 
 0 0 0 1833 0 0 0 0 0 
 0 0 0 1583 0 0 1765 0 1573 
 0 0 0 1685 0 1725 0 1607 0 
 0 0 0 0 0 0 1851 0 1625 
 0 1859 1675 1798 0 1683 1568 0 1549 
 1807 0 1703 0 1726 0 0 0 0 
 1816 0 1673 0 0 0 1686 0 1720 
 0 
 0 2019 2291 2103 0 0 0 2032 2308 
 0 0 2134 1966 0 2174 0 0 2127 
 0 0 0 0 0 2134 0 2148 0 
 1941 0 0 0 0 2022 0 1965 1917 
 1971 0 2178 0 0 0 0 0 2254 
 0 0 2144 0 2026 0 2291 0 0 
 1947 0 0 0 0 2092 2266 0 0 
 2092 0 0 2235 2144 2023 0 0 0 
 0 0 0 2177 2278 0 0 0 2022 
 0 0 0 0 0 2244 0 0 0 
 0 2298 0 2276 2298 1894 0 0 0 
 2197 
 2948 0 0 2641 0 2909 2767 2600 2731 
 0 2833 0 2473 0 0 2590 2810 0 
 2948 0 0 0 2757 2926 0 0 0 
 2673 2748 2951 2747 0 0 0 0 2773 
 0 0 0 0 2808 0 2860 2745 0 
 0 0 0 0 0 2544 2456 0 2953 
 2906 0 2776 0 2618 0 0 0 0 
 2561 0 0 2496 2486 0 2844 0 0 
 0 0 0 2458 0 0 0 0 0 
 2938 0 0 0 0 0 0 0 0 
 0 2641 0 0 0 0 0 0 2682 
 2483 
 0 0 1766 0 2025 0 1775 1868 0 
 0 2067 0 0 0 1968 1788 0 0 
 0 1890 1905 1989 0 0 0 0 1995 
 2040 1937 0 0 0 0 1842 0 1713 
 2012 2045 1991 0 1881 0 0 2040 0 
 1899 0 1989 0 0 0 0 1830 0 
 1944 2002 2067 1984 0 0 1921 1764 0 
 0 0 1836 1925 2035 0 1778 1715 0 
 1853 0 0 2028 0 2050 1872 1762 2025 
 0 0 1815 1992 0 0 0 1876 0 
 0 1849 1750 0 0 0 2081 0 0 
 0 
 0 2041 2092 0 2069 2058 0 0 0 
 0 0 2170 0 1889 2144 0 0 0 
 0 0 0 2152 0 0 0 0 1828 
 0 2121 0 0 0 0 0 1863 2014 
 1889 0 0 2120 2197 0 0 0 0 
 1837 1975 0 0 2140 0 0 0 0 
 0 0 0 0 2008 0 0 1969 1807 
 2168 0 1845 0 0 2155 0 2087 0 
 0 2148 2044 0 0 1974 2110 0 2115 
 0 0 0 0 1917 0 0 0 0 
 2160 0 0 0 0 0 0 0 0 
 0 
 513 467 549 0 0 0 0 0 506 
 533 463 517 0 0 519 0 462 0 
 0 0 0 484 513 459 516 0 0 
 0 493 520 0 0 0 0 0 0 
 0 0 453 0 0 0 527 0 0 
 535 0 486 0 519 463 0 536 0 
 0 0 541 0 525 0 463 0 0 
 497 0 0 0 0 508 0 455 0 
 460 0 0 521 0 0 0 493 0 
 514 487 0 452 518 453 0 0 450 
 456 549 0 0 0 547 452 488 0 
 0 
 2181 0 0 0 0 2261 2335 2093 0 
 2006 2238 0 0 2330 2124 0 0 0 
 2261 2158 0 2080 2160 0 2286 0 2010 
 0 2248 2354 0 2066 0 2208 0 1984 
 2137 0 2382 0 2417 0 0 2049 0 
 0 0 0 0 2012 0 0 0 1982 
 2213 2272 0 0 0 2132 0 2404 2384 
 0 0 0 0 2409 2349 2043 2375 2018 
 2195 2269 0 0 0 2002 0 2314 0 
 2185 2048 0 2167 0 0 0 0 0 
 0 0 0 0 0 2104 2270 0 0 
 0 
 0 0 1106 0 0 1154 0 0 0 
 1304 0 0 1317 0 1189 1297 0 1146 
 1227 0 0 0 0 0 1308 1291 0 
 0 1194 0 1266 1231 1226 1317 1176 1158 
 1215 0 0 1130 0 1207 1089 0 0 
 0 1125 0 0 0 0 0 1215 0 
 0 1288 1137 1194 1135 0 1186 0 1291 
 1208 0 0 1281 0 1167 0 0 0 
 0 1144 1312 1090 0 0 1193 0 0 
 0 0 0 0 0 0 0 1108 0 
 1149 0 0 0 1226 0 0 0 1087 
 0 
 1774 1890 0 0 0 2075 0 1737 0 
 1976 0 1909 1892 0 0 0 0 0 
 1919 0 0 1747 0 0 1868 1833 0 
 0 0 1761 1828 0 1734 0 1918 2070 
 1823 0 0 0 0 0 0 0 1955 
 2059 0 1764 0 2006 0 0 0 0 
 1842 0 1975 0 2070 0 0 2034 0 
 0 0 2043 0 0 1980 1732 0 0 
 0 1824 1758 1927 1759 0 0 2045 0 
 0 0 0 1741 0 0 1814 1934 0 
 2018 1913 0 2037 2077 0 0 1935 0 
 1849 
 2250 2242 2189 2107 0 2059 0 0 0 
 2336 2203 2325 0 2106 2382 0 2136 0 
 0 2178 0 0 2182 2140 0 2270 0 
 2331 2078 0 0 2298 0 0 2309 2080 
 0 2288 0 0 0 0 2166 2313 0 
 0 0 0 2177 0 0 2183 0 0 
 0 0 2004 0 2412 2303 0 2398 2043 
 2344 0 0 2202 2194 0 0 0 0 
 2307 0 2042 2118 0 0 0 2285 0 
 2253 2394 0 0 0 0 2384 0 2222 
 2240 2170 2145 2310 0 0 0 0 0 
 0 
 1513 1700 1457 1602 1503 0 0 1673 0 
 0 0 0 0 0 1456 0 1640 0 
 0 1513 1605 0 0 0 1484 0 0 
 0 0 0 0 0 1654 1619 0 1451 
 0 1654 0 0 0 1542 0 1747 1473 
 0 0 0 1537 0 1446 1607 0 0 
 0 1525 1568 1708 1535 0 0 1654 1587 
 0 0 1583 1646 0 0 1553 1757 1737 
 1442 0 0 0 1587 1752 0 1605 0 
 1664 1542 0 0 0 1497 0 1585 0 
 0 1536 1746 1647 1667 0 1467 1710 1639 
 0 
 0 712 0 688 0 0 0 649 0 
 647 683 655 652 0 0 0 0 0 
 0 734 0 0 672 723 0 0 766 
 766 0 0 698 0 631 729 0 689 
 0 725 769 649 0 0 725 0 0 
 0 635 0 0 696 676 0 761 0 
 0 0 0 0 0 0 0 726 0 
 0 739 0 741 637 685 0 0 659 
 0 0 0 0 0 747 722 0 0 
 0 0 0 0 0 634 641 0 669 
 0 0 728 0 0 0 0 0 732 
 701 
 0 2814 0 0 0 0 0 2438 0 
 0 2837 2821 0 2465 2519 2551 0 0 
 0 0 0 2536 0 0 2773 0 0 
 2690 0 0 2510 0 0 0 2623 0 
 2376 0 0 0 2758 0 2453 0 0 
 0 2677 0 0 2340 0 2707 0 0 
 0 2523 2376 0 2694 0 2838 0 2547 
 2667 0 0 2388 0 0 0 2556 0 
 0 2418 0 2456 0 0 2467 2748 0 
 0 2377 0 2791 2539 0 2797 0 0 
 0 2804 0 0 2655 2786 2457 0 0 
 0 
 0 0 1313 0 0 1369 0 0 1433 
 1304 1475 1461 1499 0 0 0 0 0 
 0 0 1391 0 0 1533 0 1381 0 
 0 0 1355 1341 0 1277 0 0 1346 
 0 0 0 0 0 1455 1473 1480 1362 
 0 0 0 0 1323 0 0 0 0 
 0 0 0 0 0 1319 0 0 0 
 0 0 0 1351 1401 0 1517 1330 0 
 0 0 0 0 1316 0 1477 1398 1375 
 0 0 1458 1459 0 0 1322 0 0 
 1325 1465 1472 0 0 1429 1537 0 0 
 0 
 2045 2131 1968 0 2210 1909 1986 2051 2230 
 0 2294 0 0 2263 0 2279 0 1988 
 0 0 0 0 0 0 0 2267 2102 
 0 0 2194 0 0 0 2002 0 1965 
 1942 0 2088 0 0 0 2187 2192 1956 
 2211 0 0 0 0 0 0 0 0 
 0 1975 0 0 2059 0 0 0 2231 
 2261 1973 0 0 0 0 0 0 0 
 0 2051 0 2177 2292 1913 0 0 2101 
 0 2209 0 2260 0 0 0 0 0 
 0 2010 0 2083 0 2301 0 0 0 
 0 
 0 2622 0 0 0 2206 0 0 0 
 2487 2575 0 0 0 0 0 0 0 
 2633 0 2542 0 0 0 2465 0 0 
 2627 0 2163 0 0 2381 0 0 0 
 0 2234 2545 2288 0 0 2197 2483 0 
 0 0 2178 0 2455 0 0 2310 0 
 2568 2505 2431 2548 2524 0 2299 0 2171 
 0 2280 0 2519 0 2305 0 2557 0 
 2509 2502 2363 0 0 2349 0 0 0 
 2414 0 2301 0 0 0 2257 0 2211 
 0 0 2238 0 0 2264 0 2277 0 
 0 
 0 0 0 1229 0 1196 0 0 1344 
 1382 0 1329 0 0 1336 1241 0 0 
 1299 0 1425 0 1295 1364 0 1388 0 
 0 1237 0 1397 0 0 0 0 0 
 1273 0 0 0 1339 0 0 1325 1334 
 0 1353 0 1356 0 0 0 0 0 
 1390 0 0 0 1395 1362 1180 1419 0 
 0 0 1299 0 0 1259 0 1284 0 
 1206 1264 0 0 1357 1382 0 0 1241 
 1292 1409 1315 0 1323 1237 1269 0 1314 
 0 0 1208 0 1359 1364 0 1284 0 
 1222 
 0 0 0 0 1635 0 0 0 1534 
 1544 0 0 0 0 0 1414 0 1393 
 1409 0 0 1566 1521 0 0 1494 1525 
 1542 1549 0 1503 1448 0 0 0 0 
 0 1636 1381 0 1614 1412 1494 0 1613 
 0 1401 1525 0 1385 1441 0 0 1404 
 1516 0 0 0 1601 1580 1553 0 1372 
 1397 0 0 1481 1537 1432 0 0 1478 
 0 1460 0 0 0 1410 0 1583 1569 
 1384 0 0 1407 0 0 0 0 1376 
 0 1631 1573 1575 0 0 0 1588 0 
 0 
 1727 1719 0 0 0 1734 0 1731 0 
 1823 1780 1775 0 0 0 1881 1709 0 
 1836 0 0 0 0 0 0 0 1874 
 0 0 0 1781 1766 1723 0 0 1820 
 1851 0 0 0 0 1794 0 0 1727 
 1821 1704 1866 0 1632 0 1952 1942 0 
 1745 0 0 0 0 1915 1647 0 1852 
 0 0 1870 0 0 0 1905 1970 1887 
 0 1944 1920 0 0 1971 0 0 1851 
 0 1725 1751 1680 1879 0 0 0 0 
 1903 0 0 0 0 1665 0 1668 0 
 1838 
 1200 0 0 1166 0 1135 1043 0 0 
 1019 0 1068 0 0 0 0 0 1111 
 0 996 1130 0 1034 1056 1081 0 1019 
 0 0 1118 1166 1047 1147 0 1178 0 
 1196 0 0 0 1172 0 0 1125 0 
 1081 0 0 1179 0 0 1028 1063 1150 
 1201 1199 1118 0 0 1176 1085 0 1128 
 0 0 1156 0 0 0 0 0 0 
 0 1181 0 0 0 1128 0 0 1154 
 0 0 0 1034 1029 1183 0 0 1096 
 0 1046 1132 0 0 1114 1022 0 0 
 0 
 3075 0 0 0 0 0 0 0 2780 
 0 0 0 0 0 0 2836 2523 2634 
 2706 2723 2730 0 2661 0 0 0 0 
 2775 0 0 0 3041 2831 0 2994 0 
 0 2578 0 0 2525 0 0 2529 2560 
 0 0 2922 0 0 2835 2883 0 2985 
 0 0 2815 0 2922 2758 2876 0 0 
 0 0 2919 0 0 2595 0 0 0 
 3018 2747 0 0 2915 0 0 0 0 
 0 0 0 0 2609 2779 0 0 0 
 0 0 2847 2970 0 0 0 0 0 
 0 
 0 920 907 0 0 0 915 907 906 
 950 959 0 0 905 0 896 0 0 
 962 897 0 0 0 0 869 0 0 
 847 0 978 0 0 0 0 0 0 
 0 906 892 909 849 844 0 928 923 
 0 975 0 0 0 0 0 981 0 
 0 944 0 0 983 0 958 0 0 
 824 0 0 0 0 0 855 909 928 
 876 977 977 0 0 0 0 896 853 
 902 0 0 849 0 0 0 864 924 
 911 0 0 825 824 847 0 960 898 
 989 
 0 3378 3342 0 0 0 3338 0 0 
 0 0 0 3659 0 0 3824 0 3382 
 0 0 0 3717 3355 3861 3622 0 3651 
 3876 0 0 0 0 0 3609 3598 0 
 0 3837 0 0 3391 3920 0 3478 3831 
 0 0 0 3331 0 3414 0 0 0 
 3411 3460 3590 0 0 0 0 3940 3587 
 3431 0 0 3485 0 0 0 0 3904 
 3848 3722 0 0 0 0 0 4043 3422 
 3457 0 0 3729 3488 3439 3714 4058 0 
 0 3394 0 0 0 3758 0 3612 0 
 3647 
 0 3108 0 2875 0 3170 0 0 2754 
 2754 2952 3099 3259 0 0 0 0 0 
 3220 0 0 2870 0 3054 0 0 0 
 0 2804 0 2726 0 0 0 2966 2755 
 3180 0 0 0 3058 0 2826 3098 0 
 0 2738 0 3019 0 0 0 2963 0 
 0 0 2756 2802 0 0 0 3093 0 
 0 2913 3225 0 0 0 3232 2930 0 
 0 0 0 3084 3202 2930 2842 3268 0 
 2957 0 0 2975 2703 3198 0 0 3137 
 2977 0 3258 0 2730 0 3276 2877 2933 
 0 
 0 0 0 1081 1077 0 946 0 0 
 0 0 0 0 0 0 0 979 954 
 0 0 0 1069 1089 0 1084 1047 0 
 0 0 0 917 0 0 0 0 1075 
 0 0 0 0 995 1009 0 0 0 
 0 1098 959 0 0 0 938 0 0 
 941 0 942 0 0 914 0 0 0 
 0 1081 0 0 993 0 976 0 0 
 933 0 0 0 0 0 1031 954 0 
 974 0 0 0 0 961 961 0 0 
 0 1056 959 0 0 909 1083 0 0 
 927 
 818 0 0 720 0 0 840 0 818 
 735 0 0 787 0 0 727 857 0 
 829 0 0 820 0 0 0 813 0 
 752 0 0 0 0 0 0 778 0 
 0 748 757 0 859 758 858 0 756 
 0 0 0 0 766 0 728 744 0 
 0 0 0 0 729 0 0 847 772 
 0 0 0 869 0 0 0 819 0 
 734 841 787 0 740 0 0 817 840 
 0 762 0 810 0 771 830 756 726 
 0 0 753 829 757 0 0 733 0 
 0 
 0 0 1135 1015 0 0 1007 0 0 
 0 0 0 1166 0 1125 0 1198 1186 
 0 0 0 0 0 0 0 0 1170 
 1019 0 1118 1127 1057 0 0 1172 0 
 1077 1076 1177 0 0 1081 1083 0 0 
 0 0 0 0 0 1043 1006 1017 0 
 0 0 0 0 0 0 0 0 0 
 1203 1004 0 0 0 0 998 0 0 
 1074 0 0 1176 1120 0 1101 1199 1127 
 1059 0 0 1083 1046 1072 0 1113 1188 
 0 0 1024 1003 0 0 1102 1110 0 
 1119 
 0 0 329 0 0 291 0 299 0 
 279 304 0 0 0 291 0 322 0 
 0 0 279 283 0 0 0 0 276 
 0 0 302 294 0 278 278 299 275 
 0 0 299 329 0 0 270 0 0 
 0 0 0 0 0 0 0 292 0 
 0 0 274 310 285 301 0 298 0 
 325 276 0 0 284 0 0 0 0 
 0 281 292 321 299 0 0 287 0 
 0 313 275 301 0 0 0 0 297 
 0 0 0 0 318 293 322 0 0 
 329 
 0 0 0 0 0 0 0 0 102 
 0 101 0 0 96 0 0 0 0 
 0 0 96 0 0 98 0 0 0 
 91 99 0 97 0 0 91 93 0 
 102 107 93 0 0 0 0 0 0 
 102 0 0 0 102 0 95 109 0 
 0 99 91 98 107 0 0 0 0 
 99 0 109 94 0 97 95 97 0 
 96 107 108 0 94 108 0 100 109 
 92 107 0 105 0 0 0 0 0 
 103 107 103 0 104 0 0 98 0 
 0 
 611 574 0 585 0 0 547 586 0 
 0 0 0 625 0 0 634 560 0 
 0 0 637 566 0 571 0 0 0 
 0 0 0 0 554 591 0 0 0 
 656 561 0 0 551 0 0 637 0 
 612 0 0 577 603 0 653 0 0 
 563 0 579 627 616 0 0 567 583 
 0 0 579 0 0 599 578 0 0 
 0 0 0 0 0 575 0 0 608 
 598 586 597 569 0 623 0 627 628 
 0 0 0 0 0 606 0 0 0 
 618 
 0 0 0 1024 0 0 0 0 934 
 0 0 1053 0 1037 0 0 964 0 
 0 988 0 0 0 0 0 1032 0 
 0 0 950 1096 0 0 0 1083 0 
 0 0 0 928 0 1044 0 0 0 
 0 928 919 0 1094 0 0 923 1012 
 0 0 0 990 0 913 1086 0 988 
 953 0 0 0 0 953 942 0 0 
 1095 0 960 0 1008 0 0 0 0 
 0 0 0 0 1025 933 0 917 925 
 1011 1038 1046 1023 1048 0 1065 0 934 
 928 
 0 0 1858 1968 2079 1844 2108 1886 0 
 0 0 0 1913 1920 0 0 0 0 
 2040 0 0 1930 1853 2067 0 0 1964 
 0 1884 0 0 0 0 2197 0 1890 
 0 2007 0 1851 0 0 0 2094 2177 
 1876 0 1988 0 0 0 0 2033 2001 
 2190 0 0 0 1844 1932 0 0 0 
 0 2192 2127 0 2026 0 2100 1814 2131 
 0 1827 2121 0 0 1909 1961 0 0 
 2199 0 2031 2087 0 2092 0 2075 2086 
 2165 0 0 0 0 2048 1870 0 0 
 1830 
