 75 100 
 0 0 1688 0 0 1798 0 0 0 
 1940 1856 1939 1679 1662 0 1679 0 1714 
 1717 1679 0 0 0 1867 0 1713 1720 
 1844 0 0 0 1759 0 1846 0 1704 
 0 1809 0 0 0 1711 1736 1774 1940 
 0 0 0 1940 1805 0 0 0 0 
 1696 0 0 0 0 1937 1855 1806 1696 
 0 0 1829 0 0 0 1783 0 1777 
 0 1919 0 1706 1847 0 0 0 0 
 0 0 1956 1810 0 1844 0 1977 0 
 0 0 1676 0 1697 0 1694 1663 1680 
 0 
 2437 0 0 2680 2464 2475 2465 0 0 
 0 0 2694 0 2579 2830 2558 0 0 
 2636 2644 0 0 0 0 2417 0 2357 
 0 2402 2734 0 2371 0 2689 0 0 
 2821 0 2706 0 0 0 2506 0 0 
 0 0 0 2678 0 0 0 2482 2829 
 0 0 0 0 0 0 0 0 0 
 0 2807 0 0 0 0 0 2856 0 
 0 2424 0 0 2349 0 0 0 2545 
 2566 0 2422 0 0 2411 2579 2717 0 
 2349 2412 2362 2384 0 2410 2813 0 0 
 0 
 0 0 1209 0 0 0 0 0 0 
 0 1081 0 0 1146 1080 0 1027 0 
 1040 0 0 0 0 1065 1038 1051 0 
 0 0 0 1189 0 1109 0 0 0 
 0 1136 1129 0 0 0 0 0 0 
 0 1006 0 990 0 0 1044 1088 1071 
 1183 0 0 1157 0 1207 0 0 0 
 0 0 1142 0 1008 0 0 0 1092 
 0 1001 1002 0 1025 0 1050 1093 1112 
 1082 0 0 0 0 1176 1112 1069 0 
 0 0 1202 1096 0 1206 1039 1184 0 
 1159 
 0 0 0 2922 3280 3045 0 2759 0 
 3146 0 2827 0 2705 2706 0 0 2813 
 0 0 0 0 3012 0 2929 0 2736 
 3094 2937 2999 0 3105 0 3142 0 0 
 2715 0 0 3013 2921 0 3094 0 0 
 0 0 0 3208 2833 0 0 0 0 
 2733 0 0 0 0 3045 0 0 2983 
 0 2951 0 0 0 0 0 3065 0 
 0 0 0 0 0 3108 0 3066 3058 
 0 0 0 0 0 0 2953 0 3077 
 0 0 3228 0 0 0 0 2822 2866 
 2929 
 0 0 0 2151 2285 2159 2138 0 0 
 2091 2081 2048 2297 2308 1980 0 1933 0 
 2278 0 0 2263 1948 1979 2045 2048 0 
 0 0 0 0 2252 0 0 0 0 
 1948 0 2221 2220 2298 0 0 0 0 
 0 0 0 2010 2290 0 0 2168 0 
 0 0 2022 0 2283 0 0 2228 0 
 2306 0 0 0 0 0 2133 2122 0 
 0 0 2054 0 0 2132 0 2172 0 
 0 2222 0 2084 2099 0 0 1942 0 
 2147 0 0 2160 0 2174 0 2249 2275 
 1909 
 1742 0 0 1965 2034 0 0 0 0 
 1811 0 0 0 0 0 1804 2005 0 
 0 1891 0 0 0 1828 2004 1778 0 
 1929 0 0 0 0 0 0 0 0 
 0 2069 0 1944 1972 0 0 1946 1846 
 0 0 0 2025 0 0 0 0 1826 
 2013 0 0 1760 0 0 2043 0 0 
 1914 1847 0 0 0 1946 2052 0 0 
 1976 0 0 0 0 1929 0 0 0 
 0 0 2017 0 2044 0 2008 0 0 
 0 0 0 0 0 0 0 1824 0 
 0 
 1386 1507 0 1598 1601 0 0 1484 1354 
 0 1498 1548 0 0 0 0 0 1375 
 1470 1373 1400 0 0 1640 1534 0 0 
 1561 0 1358 0 1391 0 0 1569 0 
 0 0 1574 1456 0 0 1385 1421 1640 
 0 1610 0 1468 0 1561 0 1361 0 
 0 1594 1539 0 1593 1627 1379 1498 1646 
 1350 0 1616 0 0 0 0 1583 0 
 1380 0 0 0 0 1436 0 0 1382 
 0 0 0 0 1495 1527 1574 0 0 
 0 0 0 0 1508 0 0 1476 0 
 0 
 0 0 0 0 0 1746 1724 0 1675 
 0 0 0 1710 0 0 1501 1751 0 
 0 0 1669 1700 0 1744 1620 0 1676 
 1534 0 0 1673 0 0 1628 0 1710 
 1453 0 0 1583 0 1730 1739 0 0 
 0 0 0 0 0 0 0 1534 0 
 1737 0 0 1486 0 0 0 1608 0 
 1527 0 0 1614 1657 0 0 0 0 
 1469 0 0 0 0 0 1505 1581 0 
 0 0 0 0 0 1711 1471 0 0 
 0 0 0 0 0 1757 0 0 0 
 1522 
 3089 3107 0 0 0 3035 0 0 0 
 0 2816 2618 2633 0 0 2857 2980 0 
 0 0 0 0 2958 0 3005 0 0 
 0 0 0 0 3162 0 3101 0 2974 
 0 0 2813 2802 0 3061 3101 2613 0 
 0 0 0 0 0 2963 0 0 0 
 0 2939 3102 0 2651 0 0 3163 0 
 0 0 2705 0 0 0 2622 2913 0 
 2993 0 0 0 0 2735 3148 0 2838 
 2909 0 0 0 2901 0 0 0 0 
 0 3169 2982 0 0 0 2836 0 0 
 0 
 2825 2674 0 0 2418 0 2671 0 0 
 2430 2542 2470 2617 2508 2798 2676 2602 0 
 2478 0 2765 2466 0 2435 0 0 0 
 0 0 0 2643 2688 2729 0 0 0 
 0 0 2792 2575 0 2669 0 0 2768 
 2384 0 0 0 2447 0 2577 2402 0 
 0 2576 0 0 2689 0 0 2462 0 
 0 0 2767 2830 2511 0 2366 0 2717 
 0 0 0 0 0 0 2758 2717 0 
 0 0 0 0 2417 2425 0 0 0 
 0 0 2693 0 0 0 2777 0 0 
 2628 
 3336 0 0 3884 3567 4002 3556 3887 0 
 0 0 3850 0 0 0 3506 0 3911 
 0 3758 0 0 0 0 0 3906 0 
 0 3574 0 0 3981 0 0 3422 0 
 0 0 0 3693 4043 3762 0 0 0 
 0 3882 0 4019 0 3917 0 0 4046 
 0 0 3786 3896 3852 0 0 0 3606 
 0 3743 3795 0 3915 0 0 3995 3380 
 0 0 0 0 0 3478 0 3669 3963 
 3432 0 0 0 0 4008 3533 3491 0 
 3766 0 3820 3646 0 3838 0 4037 0 
 0 
 1602 1487 0 0 0 1652 0 1443 1465 
 0 0 0 0 1497 0 0 0 0 
 1484 0 1512 1520 0 0 0 1444 1519 
 0 0 0 0 1503 0 0 0 1461 
 0 0 0 0 1657 0 1492 1553 1450 
 1611 0 0 1649 0 0 0 1620 0 
 1496 0 0 0 0 1484 0 1449 0 
 1538 0 0 0 0 1660 1682 0 1745 
 1449 0 1459 1546 0 0 0 0 0 
 1473 1475 0 0 1655 1586 1463 0 0 
 0 0 1551 0 0 0 0 1591 0 
 1683 
 0 0 1310 1314 0 0 1206 0 1142 
 1142 0 1283 1156 0 1238 0 0 1176 
 0 1144 0 0 0 0 0 0 1151 
 0 0 1286 0 0 0 0 1121 0 
 1265 0 0 0 1239 0 0 0 0 
 0 0 1105 0 1315 1132 0 1317 0 
 0 0 0 1213 1196 1101 0 1239 0 
 0 0 0 0 0 1296 0 1177 0 
 0 0 0 0 0 1274 0 1116 1179 
 0 1276 1142 0 0 0 0 0 0 
 0 1172 1120 0 0 0 0 1235 0 
 0 
 3060 0 3081 0 0 3157 0 0 0 
 0 2878 2902 0 0 2845 0 0 0 
 0 3117 2827 3104 2852 0 0 0 0 
 0 3006 0 0 2938 0 3374 0 3309 
 2883 0 0 2979 0 3405 3317 3272 2932 
 0 0 3086 3226 0 3351 2909 0 2824 
 2832 0 0 2918 2856 0 3114 3162 3252 
 3112 0 0 0 0 3315 0 3022 2815 
 0 2865 0 2962 0 0 3171 3139 0 
 0 0 0 3035 0 0 3255 0 0 
 3191 3231 3334 3135 0 2856 0 3209 3120 
 3284 
 0 768 0 873 852 722 741 0 0 
 835 787 0 0 0 0 0 845 783 
 854 834 0 819 0 768 723 0 0 
 871 773 0 0 0 0 844 0 797 
 0 761 878 746 0 0 0 0 0 
 0 0 788 814 835 0 0 0 0 
 0 814 852 0 831 0 0 0 0 
 745 0 0 776 0 755 0 0 0 
 766 0 0 0 0 804 0 752 0 
 0 0 782 0 738 734 0 746 840 
 0 0 0 0 0 0 820 0 0 
 0 
 1799 0 0 1812 0 0 2016 0 0 
 0 1924 0 0 1922 0 1842 1818 1866 
 1797 0 0 0 1856 0 0 0 0 
 0 0 1959 0 1768 2030 1827 0 2081 
 1920 0 0 1866 0 1842 0 0 0 
 2050 0 0 0 0 1750 0 0 2017 
 0 1750 0 1974 0 1966 1811 1922 1861 
 2037 1769 0 0 0 0 0 0 2079 
 1774 0 1759 1762 1827 0 2030 0 2070 
 0 0 0 0 0 0 1917 0 2064 
 1794 1735 0 0 0 2088 0 1912 0 
 1756 
 0 1893 0 1949 0 1977 0 0 0 
 0 2113 0 0 1801 1839 2029 0 0 
 1826 0 1972 2120 1921 0 0 1883 0 
 0 2181 0 0 0 0 1843 0 0 
 0 0 0 2167 2171 2196 1870 0 2156 
 1975 0 0 0 0 0 1981 2147 0 
 2197 0 0 0 0 0 0 0 0 
 1920 2195 1952 0 0 1889 0 0 0 
 1895 0 0 1826 1998 1968 0 0 0 
 0 2107 2185 0 0 2058 0 0 2193 
 2064 2131 2031 2147 0 2128 0 0 1850 
 0 
 0 1300 1171 0 1390 0 0 0 0 
 0 1179 0 0 1241 0 0 0 0 
 0 0 1379 0 1321 0 1361 0 1367 
 1414 0 0 0 0 1337 1402 1369 1415 
 1195 0 0 0 0 0 0 0 0 
 1358 0 0 0 0 1301 1394 1219 1410 
 1340 1201 1195 0 0 0 0 1261 0 
 0 0 1299 0 1328 0 0 1191 0 
 0 0 1217 1220 1295 0 1198 0 1336 
 0 0 1328 1418 0 0 0 1186 0 
 0 0 1181 0 0 0 1226 1328 1208 
 0 
 1528 0 1515 1597 0 0 0 1523 1453 
 0 0 1523 1508 1588 0 1533 1478 0 
 0 0 0 1530 1438 0 1637 1520 0 
 0 0 1580 0 1415 0 0 0 0 
 1641 1380 0 0 1593 1634 1444 0 0 
 0 0 0 0 0 1504 1596 0 1558 
 0 1558 0 1483 0 0 0 1445 0 
 1538 1376 0 0 0 0 0 0 1590 
 0 0 0 0 1605 1552 0 0 0 
 1550 0 0 0 0 0 1468 0 1502 
 1451 0 1503 1482 0 1523 1442 0 0 
 0 
 0 2002 2268 0 0 0 0 0 2281 
 2169 0 2042 0 0 0 0 2184 0 
 2209 2048 0 0 0 2329 0 0 0 
 2071 0 0 0 0 2153 0 2302 2276 
 0 0 2304 0 0 0 0 2115 2026 
 0 0 0 0 2331 0 0 0 0 
 2303 0 0 0 0 0 0 0 2418 
 2138 2229 2108 0 0 0 2335 2112 2020 
 0 2149 0 2417 2362 0 2411 2122 0 
 0 2221 0 2006 0 2027 0 0 2203 
 0 2319 0 2235 0 0 2320 2027 0 
 0 
 2780 2540 0 2850 0 2534 0 2540 0 
 2770 0 3056 0 2948 0 0 0 0 
 2963 0 2666 0 2847 0 0 0 0 
 2534 0 0 0 0 0 2631 2644 2931 
 0 0 0 0 3070 3026 2874 0 2637 
 0 0 0 0 3023 0 2561 0 0 
 2910 2820 2920 3001 2565 2626 0 2874 2797 
 0 2687 0 2708 0 0 0 2950 0 
 2585 2730 2785 0 0 0 0 0 0 
 0 0 2712 2925 0 0 2742 0 2680 
 2937 2854 0 2767 0 0 0 0 2740 
 0 
 1207 0 1277 1085 0 0 0 1165 1150 
 0 0 1231 0 0 0 0 1170 0 
 0 0 1162 1240 0 0 0 0 1165 
 0 0 1175 0 1308 1260 1104 0 0 
 1283 0 1296 0 0 0 1180 0 1256 
 1229 1180 0 1080 1303 0 0 0 1295 
 0 1317 0 1109 1173 1318 1121 0 1211 
 1230 0 0 0 1214 1212 0 0 0 
 1286 0 0 1169 1200 0 0 1277 1252 
 1274 0 1292 1103 1127 1202 1261 0 0 
 0 1232 0 1103 0 0 0 0 0 
 0 
 0 0 615 636 584 571 620 0 0 
 556 0 0 0 0 0 653 585 633 
 569 0 0 0 625 652 0 0 0 
 547 619 0 0 0 588 0 0 0 
 612 0 0 0 0 0 0 622 0 
 571 0 0 0 541 658 0 0 0 
 559 624 0 0 582 576 0 0 0 
 658 0 563 0 0 0 0 0 0 
 0 542 541 0 656 0 0 0 0 
 0 0 0 0 0 590 0 583 0 
 603 0 0 0 0 0 0 0 0 
 0 
 0 2717 0 2594 0 0 0 2966 2917 
 2578 0 0 0 0 0 2628 2629 2529 
 2768 0 0 2598 0 0 0 2608 0 
 0 2731 0 2962 0 0 2437 0 2859 
 0 2577 2923 2956 0 0 2681 2735 2561 
 0 2839 2919 0 0 0 2746 0 2588 
 2675 0 0 2762 2683 2847 2898 0 0 
 2656 2824 2798 2893 2531 0 2797 2942 0 
 0 0 0 2557 0 0 2658 2837 0 
 0 0 0 0 0 0 0 2791 0 
 0 2661 0 2743 0 0 0 0 0 
 2866 
 0 0 1345 0 1499 1363 0 1460 0 
 1421 0 0 1262 0 0 0 1274 0 
 0 0 0 1489 0 1464 0 0 1392 
 0 0 0 1486 1497 0 0 1363 1459 
 0 0 1275 1411 0 1466 0 0 0 
 1336 0 0 1539 1488 1463 0 1521 1448 
 0 1282 0 1335 1537 0 1292 0 0 
 0 1515 1358 1345 1340 1477 0 1326 0 
 1496 1464 1420 1465 1376 0 0 0 0 
 0 0 0 0 0 0 0 0 0 
 0 0 0 0 0 0 0 0 1302 
 0 
 0 0 0 0 0 1828 0 0 1818 
 1676 1969 0 0 1634 0 1686 0 0 
 1831 0 0 0 1786 0 1886 1813 0 
 0 0 1964 0 1698 0 0 0 0 
 0 0 0 1829 0 1700 0 1781 1903 
 1712 0 0 1876 0 1854 1694 0 0 
 1762 1919 0 1638 0 0 0 0 1766 
 0 1804 0 0 1891 0 0 0 0 
 0 0 0 0 0 0 0 0 1773 
 1957 1648 0 0 0 1965 0 1965 0 
 0 1681 0 0 0 0 1743 0 0 
 1807 
 0 1597 1780 1825 1724 0 1668 1582 1845 
 1793 0 0 0 0 1832 0 0 1689 
 0 1666 0 1825 0 1624 0 0 1616 
 0 0 0 1683 0 0 0 0 0 
 0 0 0 0 1668 1647 1716 0 0 
 0 0 1630 0 1710 0 0 1667 1858 
 1710 1750 1792 0 0 0 1532 1752 1813 
 0 0 1680 0 1642 0 0 0 0 
 1832 0 1717 0 0 1776 1539 1692 0 
 0 0 1717 1823 1566 1648 1779 0 0 
 1733 0 0 0 1786 0 1743 0 1822 
 0 
 2945 0 0 0 0 2613 3034 0 0 
 0 0 0 0 2739 2744 0 2657 0 
 0 0 0 0 0 0 0 2974 0 
 0 0 0 0 0 0 2655 2799 2664 
 2717 0 0 0 3026 0 0 0 2761 
 0 3109 0 0 0 2646 2687 0 2741 
 2869 2955 2740 2974 0 0 0 2718 2719 
 2663 0 0 3062 0 3094 0 2806 0 
 0 0 3141 0 0 0 0 0 0 
 0 2617 2630 2774 0 0 2723 0 0 
 0 0 0 2949 0 0 0 3025 0 
 2658 
 0 0 0 1303 1253 0 0 1277 1238 
 1277 0 0 0 1181 0 1200 1375 0 
 1301 0 1210 0 1223 0 1357 0 0 
 1343 0 0 1413 1346 0 0 1406 0 
 1387 1335 0 1367 0 1222 0 0 0 
 0 0 1406 0 0 0 0 0 0 
 1301 1336 0 0 1414 0 1401 0 0 
 1179 0 0 0 1190 0 0 0 1362 
 0 1359 1195 1374 0 0 0 0 1373 
 0 0 0 0 0 1190 1174 1380 1175 
 0 0 1410 1331 0 0 1389 0 1194 
 1278 
 0 0 0 0 2114 2281 2223 2210 0 
 0 2290 0 0 2064 0 0 0 2328 
 2320 0 0 0 2074 0 0 2035 0 
 2354 0 2412 2213 0 2365 1998 0 0 
 0 2227 0 0 2136 0 2138 0 2152 
 0 0 0 0 2302 0 0 2146 0 
 0 2184 0 0 0 0 0 0 2194 
 0 0 0 0 0 0 2306 0 0 
 0 2245 0 0 0 0 0 0 2031 
 0 1995 0 0 2050 2310 2294 2236 2207 
 2061 2277 0 2379 2017 2213 0 0 1982 
 0 
 0 0 0 2588 0 0 2333 0 2264 
 0 0 0 0 0 0 0 2514 0 
 2398 2599 0 0 2666 2311 2726 0 0 
 2554 0 0 2462 0 0 2568 0 2575 
 2326 0 0 2453 2675 0 0 0 0 
 0 2611 2596 0 0 0 2324 2675 2540 
 0 0 0 0 0 2694 0 0 0 
 2351 0 0 0 2260 0 0 2366 0 
 2359 2257 2597 2725 2738 0 0 0 0 
 0 0 2300 0 0 0 2543 2681 0 
 0 0 2520 0 0 0 2330 0 2607 
 0 
 0 0 2678 0 0 0 0 2938 0 
 0 0 0 0 0 2954 0 0 0 
 0 0 0 0 2974 2577 0 0 2570 
 0 0 2622 0 0 0 2702 2651 0 
 2709 0 0 0 0 3030 2701 0 2743 
 0 2903 0 0 0 2934 0 0 2831 
 0 0 2767 0 0 0 0 2923 2638 
 2845 2541 2784 0 2532 2662 0 0 0 
 2719 0 3040 2854 2616 2927 2572 2688 0 
 0 0 0 0 0 2530 0 0 0 
 2867 0 0 0 0 2640 0 0 2638 
 2771 
 2627 2612 0 0 2663 2940 0 0 0 
 0 2834 0 2839 0 2565 0 0 2439 
 0 0 2469 0 2815 2947 0 0 2762 
 2567 0 0 2849 2831 2466 0 2901 0 
 2432 0 2550 2658 0 0 0 2700 2579 
 0 0 0 0 0 2661 0 0 0 
 2643 2649 2704 0 2525 0 0 2746 0 
 0 0 0 0 0 2961 2461 2676 2450 
 2435 2805 0 2866 0 0 0 2564 0 
 0 2507 2624 0 2816 0 0 0 0 
 2586 0 2969 0 0 2655 0 0 0 
 2519 
 0 0 1968 0 0 0 2080 1750 2061 
 1808 0 2001 0 0 1835 0 1899 2027 
 2054 1895 1729 0 1843 2049 1907 0 1778 
 0 0 2014 1762 0 0 1857 0 2051 
 0 0 0 1854 1760 2016 2007 0 0 
 1721 1980 0 0 1902 1717 0 2003 0 
 1896 0 0 0 2088 1820 0 1766 2039 
 0 2085 0 1983 2083 0 0 0 0 
 1859 0 0 0 2033 0 0 0 0 
 1818 1863 1981 0 0 2080 1913 0 0 
 0 0 1896 1993 0 0 1936 0 0 
 1952 
 0 935 0 0 0 0 0 1082 915 
 0 0 0 1010 948 1025 0 938 0 
 0 1033 920 0 1040 0 1071 0 958 
 1030 1075 933 1096 0 1098 1027 0 0 
 1021 942 1022 0 0 1097 932 0 1043 
 0 0 0 1063 0 0 0 1035 1066 
 1090 0 0 1076 0 1006 901 1009 1078 
 1061 0 1052 0 0 0 1067 0 0 
 0 0 1069 945 0 0 907 1096 1078 
 0 0 0 1001 1007 0 1021 910 0 
 0 0 0 0 0 989 0 0 0 
 0 
 0 0 1230 0 0 1254 0 1279 1159 
 0 0 1126 0 0 1305 0 0 0 
 0 1111 0 1110 0 1219 0 0 1094 
 0 0 1246 0 1149 0 0 1080 1202 
 0 0 0 0 0 0 0 0 1286 
 1094 0 1263 0 0 0 0 1243 1312 
 1198 1271 0 1224 1244 0 1305 1308 1306 
 0 0 0 0 0 0 0 1255 1175 
 1115 0 0 1090 0 1269 0 0 0 
 0 1245 1147 1192 1315 1181 0 0 0 
 0 1177 0 0 1204 0 0 1276 1282 
 0 
 1349 1380 1341 0 0 0 1515 1427 1493 
 1514 0 1382 0 1293 0 1435 0 1508 
 0 0 1524 1388 0 0 1272 0 0 
 1386 0 0 1415 0 0 0 0 1440 
 1297 1275 1539 0 1521 0 1368 0 0 
 1476 0 0 1336 1414 1443 0 0 1286 
 1412 1287 0 0 0 0 0 0 0 
 1277 0 0 0 1335 0 1416 1385 0 
 1534 0 1420 0 1497 0 1402 0 0 
 0 1450 1395 0 1358 0 1266 0 1525 
 1480 0 0 0 1371 0 0 0 0 
 0 
 0 0 0 0 0 0 0 0 0 
 0 0 0 2335 2538 0 0 0 0 
 2427 2635 0 0 0 2180 0 0 2481 
 2311 0 0 2582 0 2298 0 2636 2408 
 2594 2211 2200 0 0 2353 0 2502 0 
 2538 0 0 0 0 0 2501 0 0 
 2392 0 0 0 0 0 0 0 2197 
 2292 2610 0 0 2412 2537 2373 0 0 
 0 0 2508 2463 2384 0 0 2294 0 
 2296 0 2420 2172 0 0 2563 0 0 
 2305 0 0 2226 0 0 2321 2632 0 
 2591 
 1565 1471 1527 1716 0 1620 0 1669 0 
 0 0 0 0 0 1699 1678 0 0 
 1663 1491 1600 0 0 0 1589 0 1730 
 0 1652 0 1751 1675 0 1459 1491 1551 
 0 1715 0 1517 0 1557 0 0 1601 
 0 1597 1681 0 1542 0 0 0 1665 
 0 1589 0 0 1501 0 1478 1490 0 
 0 1453 0 0 0 0 0 0 0 
 0 0 0 0 1634 1530 1554 0 1462 
 0 0 0 1713 1704 1478 1506 0 0 
 0 0 1441 1720 0 0 1726 0 1582 
 0 
 0 0 0 3150 0 0 3095 0 3029 
 0 3434 0 3031 0 3058 3145 3456 3294 
 0 0 0 0 3361 3598 0 3148 3151 
 3245 0 0 0 3486 3161 3142 3257 0 
 0 3463 3238 0 0 0 0 3593 0 
 3218 3597 0 3403 3127 0 3031 0 3127 
 3200 0 0 3586 3399 0 0 0 0 
 0 0 0 3456 0 0 3497 3406 0 
 0 0 0 3332 0 3181 0 3263 3419 
 3171 3466 3399 0 0 0 3433 0 3589 
 3366 0 3557 3218 0 0 3381 0 3365 
 3435 
 0 0 1646 0 1489 0 0 1446 0 
 1538 1498 0 0 1389 0 0 1569 0 
 0 1461 0 0 1492 0 1649 1519 1636 
 0 0 1390 1618 1441 1626 0 0 0 
 0 0 0 0 0 0 0 0 0 
 1620 0 0 0 0 0 0 0 0 
 1608 0 1456 0 0 0 0 1619 1557 
 0 0 0 0 0 0 1638 0 1607 
 0 1456 1356 1404 0 0 0 0 0 
 0 0 1557 0 0 1626 1421 1630 1584 
 0 1475 1587 0 1605 0 1370 0 0 
 0 
 1036 0 1022 0 0 0 1050 0 1075 
 0 0 0 0 0 0 1053 0 0 
 0 0 0 1116 1026 0 0 0 0 
 0 1030 0 0 1062 0 1182 1065 1206 
 0 1191 0 1196 0 1148 0 0 1097 
 0 0 1114 0 0 0 0 1090 991 
 1139 1130 0 1003 1176 0 1193 1079 0 
 0 0 1027 0 0 0 0 1208 0 
 0 0 0 0 0 1105 0 996 0 
 1153 0 0 1015 0 1195 1156 1098 1066 
 0 0 1004 0 0 0 0 0 1015 
 0 
 1718 1828 1696 0 1661 1957 0 1772 0 
 1810 0 0 0 1777 0 1898 1684 0 
 0 0 0 0 0 1766 0 1822 0 
 0 1856 0 1819 1965 0 0 0 1828 
 0 0 0 1659 1803 1710 0 0 0 
 0 0 1763 0 0 1845 1666 0 0 
 0 0 0 1691 0 0 0 1663 0 
 0 1735 1658 0 1945 0 1962 1718 1866 
 0 0 0 1696 0 0 0 0 0 
 1852 1784 0 0 0 0 0 1879 1885 
 0 0 1634 0 1864 0 1897 0 1930 
 1854 
 0 0 1785 0 0 0 0 0 0 
 1745 0 1798 0 0 1742 0 1657 1627 
 0 0 1787 0 0 0 1806 0 0 
 0 1538 1763 1591 1683 0 0 1725 0 
 0 0 1535 0 0 0 0 1593 1769 
 0 0 1797 1590 0 1725 1761 0 1691 
 0 0 0 0 1573 0 0 1535 0 
 1801 1700 1725 1677 0 0 1639 0 0 
 0 1643 0 0 1552 1764 0 1746 0 
 1611 0 0 0 1859 0 0 0 1835 
 0 1780 0 0 0 0 1588 1718 0 
 0 
 2012 0 0 2013 2092 0 2128 0 0 
 0 2154 1939 1981 0 0 0 1955 0 
 0 2241 0 0 0 2000 0 1964 2141 
 0 1972 0 0 1964 2060 0 0 0 
 0 0 0 0 0 0 1899 0 0 
 1995 0 0 2194 0 2174 0 0 2192 
 0 0 2207 2097 0 2292 0 2080 2287 
 0 0 0 1989 0 0 0 0 0 
 0 2300 2170 0 0 1920 0 2278 0 
 2036 0 0 2111 0 0 2171 2104 0 
 2158 0 1945 2201 2018 0 1932 2132 0 
 2262 
 0 0 2616 0 0 2577 0 2812 2488 
 0 2519 2463 2720 0 2962 0 0 0 
 2738 0 2551 0 0 0 2612 0 0 
 2961 2614 2812 0 0 0 2712 2720 0 
 0 0 0 0 2586 0 0 0 2511 
 0 0 0 2602 2476 2814 0 0 2496 
 0 0 0 0 2774 2632 0 0 0 
 2767 2698 0 2602 0 0 2826 2869 0 
 2708 0 0 2771 2704 0 0 0 2524 
 2717 0 0 0 2689 0 0 2850 2707 
 0 0 0 0 0 2918 0 2459 0 
 2952 
 0 0 0 0 0 0 0 0 1904 
 0 0 2083 0 1713 0 0 1879 1858 
 1728 0 0 0 0 0 0 0 2043 
 0 2003 0 1993 0 0 1949 0 0 
 2017 0 0 1992 1806 1757 2015 0 0 
 0 2048 1887 1902 0 1866 0 0 1951 
 1869 0 1999 0 1924 0 0 0 1833 
 2004 0 1775 0 0 0 0 0 0 
 0 0 1825 1824 1990 1998 0 0 2047 
 0 2055 1920 0 0 1969 0 0 1855 
 0 0 0 1780 2087 0 1934 0 0 
 0 
 0 0 1814 1814 0 0 0 0 0 
 0 0 2115 0 0 0 0 0 0 
 1997 1853 1808 0 1828 1952 1842 0 0 
 1952 0 1924 1895 0 2150 0 0 0 
 1947 0 0 0 0 2040 2004 1952 0 
 0 1962 0 0 2143 1828 0 2124 0 
 1897 0 1974 0 1941 1887 0 0 2064 
 0 2074 2014 1891 0 0 0 0 1985 
 2037 2082 1840 0 2017 0 0 0 0 
 0 0 2196 1893 0 0 2027 0 1875 
 2132 0 0 2197 0 1971 0 0 0 
 0 
 465 464 509 0 0 0 0 549 0 
 0 451 512 456 464 540 458 0 0 
 0 0 0 0 0 0 522 0 484 
 0 471 0 506 0 460 524 0 502 
 0 0 0 0 479 489 0 0 491 
 461 520 0 455 0 0 519 0 0 
 474 0 0 0 0 0 451 0 0 
 454 0 0 538 469 482 0 0 451 
 0 530 476 490 0 470 0 0 0 
 513 0 522 0 0 0 0 0 0 
 0 453 0 0 0 480 518 525 0 
 505 
 0 0 0 2329 2107 0 2031 0 0 
 2339 2298 2379 2069 2164 0 0 0 0 
 0 0 2009 2311 0 0 0 0 0 
 0 2347 0 2203 0 2059 0 0 0 
 2280 0 0 0 2100 0 0 2042 0 
 0 0 2376 0 2359 0 0 2215 0 
 2039 0 0 0 0 2317 0 2109 0 
 2380 0 0 0 2175 0 2308 0 2041 
 2305 0 0 0 0 0 2090 0 2273 
 2072 2324 2215 2342 0 2346 0 0 0 
 2357 0 2369 2334 2176 0 0 0 0 
 0 
 1232 1268 0 1252 1164 0 0 1146 0 
 0 0 0 0 0 0 0 0 0 
 0 0 1192 0 0 1118 1240 0 0 
 0 1190 0 0 0 0 0 0 1265 
 0 0 0 0 0 0 1281 0 0 
 0 1125 0 1287 1082 1226 0 0 0 
 1100 0 0 0 0 0 1184 0 1233 
 0 1275 1304 0 0 0 0 0 0 
 0 0 0 0 1209 0 0 1265 0 
 0 1296 1183 1304 0 0 1150 1150 1142 
 1160 0 1141 0 1300 1195 1287 0 0 
 1270 
 1861 0 0 0 2066 0 1876 0 0 
 0 0 0 0 0 1808 0 1928 0 
 2063 1907 0 1879 0 0 0 1846 0 
 1934 0 0 0 1799 1886 1964 1937 0 
 1760 1722 0 0 0 1735 0 0 0 
 0 1818 0 0 0 1912 0 1808 0 
 0 2027 1887 1890 1994 1892 0 0 1939 
 0 0 1788 1756 0 0 1914 1812 0 
 0 1784 1877 1883 0 0 2076 0 0 
 0 1727 1919 0 0 1734 0 0 0 
 2080 0 0 0 2078 1943 0 0 0 
 1865 
 0 2385 0 2398 0 2127 2413 2069 0 
 0 0 0 0 0 2385 2329 0 0 
 2247 0 0 2214 2090 0 0 0 0 
 0 2049 2240 2406 0 2341 2077 0 0 
 2395 0 2147 0 0 2163 0 0 2109 
 0 2377 0 2406 0 0 2128 2194 0 
 0 2127 2296 0 0 0 2009 0 2187 
 0 2335 0 0 0 0 0 2041 0 
 2076 0 2256 0 0 2022 0 0 0 
 2267 0 0 0 2135 2357 0 2230 2261 
 0 0 2258 2221 2228 0 0 0 0 
 2005 
 0 1704 0 1512 0 0 0 1671 1527 
 0 0 1471 1484 1643 1629 0 1649 1620 
 1456 0 0 0 0 0 0 0 1741 
 0 1670 1662 0 0 0 0 1508 0 
 1655 1453 0 1512 0 0 0 1737 0 
 1507 0 1518 0 0 1643 0 0 0 
 0 0 0 0 1459 1486 0 1556 0 
 0 0 0 0 0 0 0 1612 0 
 0 1497 0 1571 0 1483 0 0 0 
 1553 1537 1745 0 0 1743 0 0 0 
 0 0 0 0 0 0 1684 1451 1563 
 0 
 647 0 0 0 666 763 0 757 0 
 0 0 0 631 764 0 630 769 0 
 707 0 661 0 0 0 653 680 0 
 0 0 0 0 0 769 750 0 752 
 0 645 0 0 661 0 0 0 703 
 637 643 0 0 0 0 0 0 0 
 0 0 720 746 649 0 712 0 0 
 694 0 0 686 731 698 0 0 0 
 0 759 646 707 712 652 0 631 0 
 0 679 0 0 0 630 755 0 696 
 735 0 0 0 641 711 0 0 0 
 0 
 2724 2561 0 0 2406 0 0 0 0 
 0 0 0 0 2753 0 2398 2792 2746 
 0 0 0 2563 2646 0 2505 2538 2819 
 0 0 0 0 2642 2662 0 2665 0 
 2354 0 0 0 0 0 2826 2655 0 
 0 0 2631 0 2483 0 2611 0 0 
 0 2520 2845 0 0 0 0 0 2774 
 0 2523 0 2355 0 0 0 0 0 
 2583 0 2349 2714 0 2395 0 2808 0 
 0 0 0 0 2554 0 2730 2501 0 
 0 0 2603 2613 2681 2760 2478 0 0 
 0 
 0 0 0 1446 0 1273 1478 1444 0 
 1312 0 1321 1489 1308 0 0 0 0 
 1271 1514 0 0 0 1264 1483 0 0 
 0 1478 1505 1462 1418 1306 0 1337 0 
 0 1490 0 0 0 0 0 1500 0 
 1270 0 0 1492 0 0 0 1309 0 
 1491 1426 1415 1272 0 0 0 1331 1534 
 1322 0 1412 0 0 0 0 0 1422 
 1282 0 0 1344 0 0 1430 1527 1447 
 0 0 0 1453 0 0 0 1415 0 
 1535 1362 0 0 1317 0 1407 1306 1335 
 1332 
 2054 0 0 0 2294 2254 0 0 0 
 0 0 0 2155 2278 1975 0 1898 0 
 0 2176 0 0 0 0 0 1928 0 
 2188 2118 0 1993 0 2084 0 2028 0 
 2062 0 2187 0 2143 2109 0 2190 0 
 0 2282 0 0 0 2291 0 0 0 
 0 2132 0 0 0 0 0 0 0 
 2255 2114 0 0 2066 2072 0 1923 2256 
 0 2113 0 2219 0 0 0 0 0 
 0 0 0 2018 0 0 0 1987 0 
 0 0 2238 1949 2166 2160 0 0 2099 
 0 
 0 2534 0 0 2256 2447 2545 0 0 
 2383 0 2294 0 0 2410 2270 2454 0 
 2195 2219 0 2597 0 0 2214 0 2279 
 0 0 2266 0 0 2564 0 2623 2626 
 0 2381 0 0 0 2413 0 0 0 
 0 2587 0 0 0 0 0 0 0 
 0 2235 0 0 2492 0 2221 0 0 
 0 2379 0 2436 0 2269 0 0 0 
 0 0 0 0 2613 0 2295 0 2624 
 2364 2539 0 2376 2214 0 2187 2551 0 
 2404 0 2437 0 0 0 0 2564 0 
 2363 
 0 0 0 1289 0 1315 0 0 1250 
 1418 1302 0 0 0 1258 1429 0 0 
 1321 1217 0 1346 0 0 1317 0 0 
 0 0 0 1321 0 1330 0 1202 0 
 0 0 0 1251 0 1216 1186 1220 0 
 1348 0 0 0 0 0 1395 0 0 
 1327 0 1254 0 1418 0 0 1205 0 
 0 0 0 1295 1403 0 0 1295 0 
 0 1383 1327 1252 0 0 0 0 0 
 0 1347 1410 0 0 0 1252 0 0 
 0 0 0 1389 0 0 0 0 1422 
 0 
 1625 1641 1352 0 0 0 1569 1637 0 
 0 1467 0 1616 1537 1444 1517 0 1573 
 0 1373 0 0 1439 1561 0 1637 0 
 0 0 1532 1625 0 0 0 1485 1526 
 1639 1526 0 0 0 0 1540 0 0 
 0 0 1560 0 1589 1525 0 0 0 
 0 0 0 1413 1364 0 1640 1614 0 
 1542 0 1454 0 0 0 0 1423 0 
 0 1387 1381 0 1580 0 0 0 0 
 0 1365 0 0 0 0 0 1632 0 
 0 0 0 0 0 0 0 0 1467 
 0 
 0 0 0 0 0 1788 1655 0 0 
 1673 0 1919 0 1682 1770 0 0 1958 
 0 0 0 1865 1694 0 0 0 1791 
 1805 1884 0 0 0 0 1890 1933 1835 
 0 0 0 0 1745 0 1623 1906 1938 
 1886 0 1782 0 0 1933 0 1799 0 
 1885 0 0 0 0 1734 0 1842 1897 
 1958 1879 0 0 1820 1671 0 0 0 
 1739 1823 1928 0 1685 1625 0 1755 0 
 0 1921 0 1942 1773 1669 1918 0 0 
 1719 1887 0 0 0 1777 0 0 1751 
 1658 
 0 0 0 1205 0 0 0 0 1123 
 1151 0 1138 1131 0 0 0 0 0 
 1193 0 1038 1179 0 0 0 0 0 
 0 1183 0 0 0 0 1005 0 1166 
 0 0 0 0 0 1024 1108 1039 0 
 0 1166 1208 0 0 0 0 1010 1086 
 0 0 1177 0 0 0 0 0 0 
 0 0 1104 0 0 1083 994 1192 0 
 1015 0 0 1185 0 1148 0 0 1181 
 1124 0 0 1085 1160 0 1163 0 0 
 0 0 1054 0 0 0 0 1188 0 
 0 
 0 0 0 0 0 0 0 2876 2620 
 3078 0 0 0 0 0 2838 2984 2597 
 2899 0 0 2911 0 2588 0 0 0 
 0 2712 2875 2570 2891 0 0 0 2762 
 2912 0 0 0 0 0 0 0 0 
 2537 0 0 0 2953 0 0 2996 0 
 2722 0 2911 2594 0 3006 0 0 0 
 3033 0 2944 0 2594 0 0 2783 0 
 0 0 0 2848 0 2549 0 2578 0 
 0 2920 0 0 0 2765 0 2882 2730 
 0 2534 2901 2541 0 0 2523 2554 3077 
 0 
 0 0 985 815 879 0 0 892 0 
 0 0 0 925 955 856 0 820 915 
 0 0 953 869 0 0 0 925 882 
 0 851 883 0 935 0 822 0 919 
 963 0 845 0 903 0 811 874 0 
 974 0 989 0 0 838 0 0 0 
 0 0 823 0 0 0 811 905 929 
 0 0 0 872 0 983 975 0 0 
 0 0 985 961 836 971 825 898 928 
 0 0 0 819 0 946 0 894 838 
 0 886 0 0 0 0 0 0 0 
 0 
 0 0 3538 3819 0 0 0 0 0 
 3411 0 0 3558 0 0 0 4023 0 
 0 4061 0 3666 4001 0 3534 3785 0 
 0 0 0 0 4035 3981 0 0 3683 
 0 3903 3797 3780 4061 3627 3572 3746 0 
 0 3485 0 3722 3359 0 0 0 3469 
 0 0 0 0 0 3748 0 0 3972 
 3506 3684 3500 0 3657 0 3981 3727 0 
 0 3952 0 3599 0 0 0 0 3529 
 4045 3362 0 0 3681 0 0 0 0 
 0 0 0 0 0 3416 0 3543 0 
 0 
 0 3065 0 0 0 2719 0 2802 2984 
 0 0 0 3277 0 2743 0 3121 0 
 3015 2987 0 0 0 0 0 3031 0 
 0 2759 0 0 2949 2894 0 0 0 
 2781 2887 0 2738 0 3029 3269 2879 0 
 0 0 0 0 0 0 3087 3251 0 
 2786 0 3167 0 0 0 0 2909 0 
 3119 0 3269 0 0 3212 0 0 0 
 3226 0 0 3127 2735 0 0 0 2880 
 2776 3043 2778 0 0 3230 0 0 0 
 0 2750 0 0 2865 3054 0 3187 3021 
 0 
 1072 1093 0 0 1018 0 973 1023 1019 
 995 957 0 936 0 0 0 1062 1001 
 1056 0 957 1082 0 971 0 0 990 
 0 0 991 972 0 1032 0 1059 944 
 0 0 1044 0 0 1049 945 0 1040 
 0 0 0 0 984 1051 0 0 0 
 0 989 0 0 992 0 0 0 0 
 911 0 1096 1047 0 1090 928 1065 0 
 0 1000 997 0 0 0 0 1048 0 
 928 963 0 0 0 1039 0 1024 1088 
 0 0 0 0 1083 0 1010 1018 986 
 975 
 840 0 0 0 0 0 0 756 850 
 728 801 751 0 0 836 0 0 0 
 0 0 0 728 0 820 0 0 756 
 802 0 0 0 742 0 0 0 0 
 0 0 0 827 809 0 725 0 827 
 0 0 0 771 0 873 736 0 0 
 0 768 0 723 803 0 0 0 762 
 784 854 767 0 0 827 793 0 0 
 791 823 0 0 776 878 868 721 0 
 0 0 793 876 0 802 0 832 771 
 0 0 0 748 0 792 0 0 768 
 873 
 1132 1146 0 1009 1175 1127 0 0 1120 
 0 1081 0 0 0 1020 0 1016 1073 
 1029 1025 0 0 0 0 0 0 1154 
 0 0 1056 1136 0 0 1204 1204 0 
 0 1097 0 991 1145 0 1083 0 1140 
 1209 1021 0 0 1140 0 0 0 997 
 0 0 1094 1063 0 1197 0 0 0 
 0 0 0 0 0 1141 0 0 1162 
 0 1165 1001 1077 0 0 1035 0 0 
 0 0 0 1173 1136 0 0 0 0 
 0 0 0 997 1008 0 1051 0 0 
 1145 
 0 0 0 0 0 314 300 0 324 
 0 0 0 0 0 281 0 0 327 
 325 0 284 290 294 0 0 0 0 
 0 292 0 0 319 0 0 310 0 
 0 289 0 0 0 302 0 274 0 
 0 0 318 0 283 0 0 0 308 
 0 0 270 0 312 0 0 0 291 
 274 0 310 0 327 0 293 307 0 
 0 275 0 0 0 294 0 0 279 
 0 283 0 0 284 317 0 0 274 
 0 322 292 0 322 0 0 0 323 
 0 
 0 102 107 94 0 0 0 0 0 
 93 0 0 97 0 0 102 93 105 
 104 107 0 0 0 0 0 0 0 
 99 0 0 109 0 98 0 0 0 
 96 95 0 91 0 0 96 0 0 
 0 0 0 103 105 105 97 0 0 
 0 0 94 0 0 0 0 0 0 
 0 0 0 94 0 0 0 0 0 
 0 96 100 0 108 95 0 0 0 
 0 0 94 0 105 99 98 0 0 
 104 104 0 0 94 0 0 94 104 
 105 
 0 0 612 658 0 0 0 584 608 
 562 0 631 545 567 586 637 0 655 
 0 0 646 0 651 0 568 0 0 
 0 0 0 0 0 647 600 0 0 
 627 0 0 0 572 0 561 555 0 
 596 0 0 0 624 626 558 631 0 
 0 0 0 0 0 0 0 0 564 
 0 0 588 0 0 0 637 646 563 
 0 0 0 0 0 0 0 0 586 
 0 622 654 546 0 0 600 0 631 
 0 645 0 0 0 0 0 0 574 
 0 
 992 0 1095 0 0 0 0 0 1092 
 0 0 0 919 0 0 0 1036 1073 
 0 0 0 0 0 0 0 1097 0 
 1059 0 0 0 1027 0 0 1094 0 
 901 0 0 992 0 0 0 0 931 
 1060 953 0 0 915 1034 0 0 0 
 907 0 1022 0 0 962 0 1070 1044 
 1012 1061 1052 0 958 0 904 0 950 
 0 1049 0 960 0 1065 0 1045 1042 
 984 0 0 979 0 0 0 1005 0 
 959 0 0 0 940 0 921 0 0 
 932 
 0 0 1886 0 1898 0 0 0 0 
 0 1890 0 1840 0 0 2068 2127 0 
 2045 0 0 2055 1909 0 0 1998 0 
 2193 0 1992 2099 0 2136 0 0 1904 
 0 2149 0 0 0 0 0 1958 0 
 0 0 2060 0 0 2038 2052 0 2082 
 0 2087 0 0 0 0 0 2139 0 
 0 0 2147 2096 1815 2184 0 0 0 
 1999 0 0 1936 0 1976 0 1856 1944 
 0 0 2088 2127 0 0 1910 1988 2167 
 2023 0 2036 1903 1952 0 2022 0 0 
 1859 
