 50 100 
 0 0 737 0 640 0 0 0 0 
 0 0 0 0 0 742 0 0 742 
 0 0 0 671 0 656 641 0 0 
 0 682 655 0 0 0 0 0 0 
 0 663 0 0 0 0 0 714 0 
 0 749 700 682 666 0 767 670 660 
 0 705 0 0 639 687 0 0 0 
 0 0 0 708 0 0 0 761 642 
 0 692 0 651 0 0 689 724 668 
 0 713 743 678 638 649 0 674 637 
 718 0 727 0 0 0 693 0 688 
 0 
 2748 0 0 0 0 0 0 0 0 
 0 3223 2825 0 0 0 2878 0 2901 
 0 0 0 3032 2869 2984 0 0 2896 
 0 3081 0 3011 2920 0 3001 2792 2782 
 0 0 2745 0 3151 0 0 2894 0 
 0 0 3138 3298 3273 3270 3214 0 0 
 3271 0 3221 0 2941 0 2907 0 2881 
 0 2993 3154 0 0 0 0 3062 2929 
 3116 0 3009 0 0 0 0 2966 3199 
 0 0 0 0 2989 0 0 0 0 
 2861 3153 2987 0 3029 0 3041 3118 0 
 0 
 0 1525 1445 1525 0 0 0 0 0 
 0 1682 1535 0 0 0 1534 0 0 
 0 1511 0 0 0 0 0 1527 0 
 0 0 1598 1607 1597 1753 1512 0 0 
 0 1632 0 0 0 1443 0 1673 0 
 0 1598 0 1499 1443 1660 1559 0 0 
 1564 1749 1640 1598 1645 1660 0 0 0 
 1746 1526 1536 1512 0 0 0 0 0 
 0 0 1679 0 1500 0 0 1490 1586 
 0 0 1481 1592 0 1591 1572 0 0 
 1500 0 0 0 0 1644 0 1693 1530 
 0 
 881 902 0 0 909 922 949 0 953 
 0 0 0 0 854 0 877 915 0 
 0 0 900 886 0 0 810 0 0 
 985 844 0 0 818 0 810 0 0 
 0 0 816 965 0 0 0 878 0 
 0 0 850 0 0 897 0 0 0 
 0 972 0 0 0 0 861 0 0 
 887 0 0 0 902 879 0 0 0 
 0 928 0 952 0 0 888 958 0 
 913 0 0 832 0 945 954 0 905 
 933 0 0 0 0 892 0 0 979 
 903 
 0 0 2157 2071 2215 0 0 1993 0 
 0 2177 2184 0 0 1906 0 2092 0 
 2172 2306 2208 0 0 0 0 0 0 
 2093 0 0 2229 0 2167 2071 2262 2122 
 1974 0 0 0 0 0 0 0 1944 
 0 0 0 2300 0 0 0 1919 1943 
 1958 0 0 2033 2278 2046 0 2248 0 
 0 2080 0 0 0 0 0 2214 0 
 0 0 0 2297 2126 0 0 1967 2294 
 0 0 0 0 0 2114 0 2104 0 
 0 0 0 0 2052 2270 2074 2214 0 
 0 
 0 1462 0 0 0 0 0 0 0 
 0 1359 0 0 0 1616 0 0 0 
 0 1550 1435 0 1394 0 0 0 0 
 1352 0 1590 0 0 1428 1494 0 1535 
 0 1561 0 1633 0 0 0 0 1521 
 0 1528 0 0 0 1458 1564 1580 0 
 0 1487 1591 1592 1468 0 0 0 1375 
 1397 1490 0 1460 0 0 1583 1403 0 
 0 1540 1497 1581 1625 1556 0 1496 1646 
 0 1392 0 1456 0 0 0 1596 0 
 0 0 1519 0 0 1448 1442 1499 0 
 0 
 2078 0 0 0 0 0 0 1791 0 
 1993 1752 1982 2025 1928 0 1816 0 1849 
 1837 0 0 0 0 0 0 0 1834 
 0 0 0 2066 1715 0 1978 1970 0 
 1942 1790 0 2015 0 1813 0 0 0 
 0 0 1863 1899 2083 0 0 0 0 
 1893 0 1857 1995 0 2006 1983 1906 1892 
 0 0 1953 1985 0 1973 1972 1742 2039 
 0 0 0 1810 0 0 1711 2015 1919 
 0 1819 1841 0 0 1875 1815 0 0 
 1935 0 0 0 0 1833 0 0 0 
 0 
 2449 2118 2527 0 0 2503 2475 0 0 
 0 2455 2155 2165 0 2272 2137 0 2189 
 2402 0 0 2194 0 2340 0 0 0 
 0 0 0 0 0 0 2395 2475 0 
 0 0 2320 0 0 2171 0 0 2387 
 0 0 2448 2423 2176 2391 2363 0 2470 
 2237 2318 0 2286 0 0 0 0 2114 
 0 0 2465 2452 0 2496 0 2259 2420 
 0 2126 0 0 0 0 0 0 2453 
 0 0 0 0 2260 0 0 0 0 
 0 2357 2358 0 0 2159 2143 0 0 
 0 
 1092 0 0 0 1141 0 1033 0 1163 
 1170 0 0 0 1048 1070 0 1095 1070 
 0 1174 0 1081 1159 1083 0 1081 1124 
 0 0 0 1096 0 0 0 0 0 
 0 1135 0 1200 1086 1163 0 1101 1022 
 0 0 1034 0 1022 0 0 1002 1000 
 0 1181 0 0 0 0 1092 0 1071 
 0 0 0 0 0 0 0 1197 0 
 1033 0 0 0 998 0 0 0 1063 
 1136 1007 0 0 1021 0 0 0 0 
 1071 0 0 1081 0 0 0 0 0 
 0 
 488 0 0 0 0 0 0 0 0 
 522 0 0 0 465 0 546 0 0 
 0 0 0 482 0 498 507 532 520 
 0 0 0 0 0 471 456 0 0 
 481 0 0 505 507 0 0 0 0 
 0 517 539 528 0 512 488 0 0 
 0 536 0 0 0 0 0 543 524 
 488 452 486 499 0 528 0 458 530 
 0 486 0 0 0 0 470 0 0 
 0 517 472 0 0 0 0 0 499 
 0 0 0 534 0 0 542 0 0 
 0 
 1845 1864 0 1952 2024 1795 1714 2041 2014 
 2088 2063 0 0 2083 0 0 2007 0 
 1902 0 0 0 1819 0 0 0 1904 
 0 0 0 0 1792 1961 0 1927 1786 
 0 0 0 0 1932 2016 0 1824 0 
 0 1920 1855 1975 0 2083 0 0 0 
 2037 0 1910 0 0 0 0 1851 0 
 0 0 0 1988 0 2006 0 2055 1968 
 1942 0 0 2007 0 0 0 0 0 
 1911 0 1920 0 1725 1985 0 0 1896 
 0 0 0 1748 0 1881 0 0 1837 
 0 
 3181 0 0 3109 0 0 0 0 0 
 2755 2684 2720 2911 0 0 2628 0 0 
 2949 0 0 0 0 0 0 3168 0 
 3109 0 0 2805 2754 0 3130 0 2665 
 2653 3161 3110 0 0 0 3047 0 0 
 3095 3163 0 0 0 3030 0 0 2971 
 0 0 2857 2615 0 2863 3137 0 0 
 3066 2738 0 2838 0 3012 0 0 2830 
 0 3129 0 2814 2789 0 0 0 0 
 0 3075 2739 2922 0 0 0 0 3083 
 0 2967 0 3009 0 0 2660 2944 0 
 0 
 0 0 2386 0 0 2390 0 2116 0 
 2331 0 2388 2385 0 0 2476 2251 2439 
 0 0 2426 0 0 0 2404 2508 0 
 2213 0 2191 0 2490 2480 0 0 0 
 0 2401 0 0 0 0 0 0 2339 
 2314 0 2158 2135 0 0 0 0 0 
 0 0 2417 2216 0 2401 2334 2449 2317 
 0 2464 2085 0 2388 2481 0 0 2229 
 2441 2355 0 2408 2189 2229 0 0 0 
 0 0 0 0 0 0 2451 0 0 
 2119 0 2471 0 2295 2123 0 2461 0 
 0 
 0 0 2161 1988 0 0 0 0 1922 
 0 0 0 0 1891 0 0 0 0 
 2268 0 0 0 0 0 0 0 1935 
 1984 0 0 1893 0 0 0 0 0 
 0 0 2262 2207 2251 0 0 0 2250 
 0 0 0 0 0 1944 0 0 0 
 0 2195 2181 0 0 0 2101 0 2042 
 0 0 0 0 0 0 0 2161 1944 
 2063 2150 0 0 0 2051 0 0 2073 
 2239 0 0 0 0 0 0 2163 2058 
 0 0 2042 1983 0 0 0 0 2253 
 2195 
 0 1010 995 0 0 0 1045 0 1040 
 0 929 0 1046 0 992 0 0 0 
 0 0 1093 0 1023 0 1087 0 1063 
 982 0 0 0 0 933 935 0 0 
 0 960 0 957 919 0 0 0 1024 
 0 0 909 0 952 0 0 918 0 
 0 0 937 987 0 986 1039 954 0 
 1011 997 1073 945 0 0 963 0 1025 
 1002 951 943 965 996 0 0 1070 1002 
 0 0 965 0 0 0 1076 0 0 
 1025 0 1067 917 0 0 0 0 0 
 1061 
 0 1412 0 0 1352 0 0 1476 0 
 0 0 0 0 0 1430 0 0 0 
 1373 0 0 0 0 1522 0 0 1425 
 0 0 1523 1630 0 0 1596 0 0 
 0 1550 1554 0 0 1582 1519 0 1645 
 1381 1509 0 1631 1600 1454 0 0 1634 
 1559 0 1390 0 0 0 0 1496 0 
 0 1351 1415 0 1357 0 0 1529 0 
 1392 0 1458 0 1523 0 1424 0 0 
 0 1641 1609 0 1470 1565 1445 0 0 
 0 1587 0 0 1510 0 0 0 1608 
 1515 
 304 0 0 292 317 0 0 0 0 
 287 299 0 0 0 322 0 0 279 
 282 0 291 277 0 0 0 0 0 
 0 0 0 0 0 293 283 0 0 
 296 319 0 0 0 0 282 0 0 
 0 0 0 0 307 0 0 0 274 
 292 0 0 0 304 0 0 0 0 
 0 0 293 0 0 0 0 0 0 
 300 0 294 0 298 0 0 0 0 
 0 298 312 301 0 276 0 0 284 
 273 272 302 0 313 0 0 0 0 
 0 
 0 3835 0 0 0 3744 4208 3701 0 
 0 3984 4122 4244 0 3992 0 3723 0 
 0 4111 0 0 0 4336 0 0 3769 
 3930 0 3810 4226 0 0 3951 0 4433 
 0 3805 4140 0 0 4199 3958 0 0 
 0 0 0 4366 3988 4409 3860 0 0 
 0 0 4139 0 3948 0 4360 0 0 
 0 4241 0 0 4477 0 0 4008 0 
 0 0 4192 0 4280 0 0 0 0 
 4198 0 0 0 0 4330 0 4022 3813 
 0 0 0 0 4045 4372 0 0 0 
 0 
 832 0 0 936 0 0 0 983 0 
 0 0 0 0 987 931 0 868 0 
 929 814 965 0 911 0 941 946 0 
 0 0 0 940 913 0 0 874 877 
 0 0 0 0 0 0 983 873 0 
 0 0 966 929 0 0 831 0 946 
 852 927 0 933 844 958 944 962 867 
 0 880 888 955 832 0 0 901 0 
 850 0 941 0 0 0 0 0 916 
 0 0 0 0 0 0 0 973 0 
 0 0 0 0 0 0 0 0 891 
 0 
 2948 0 2650 0 3054 3035 0 2739 2992 
 0 3050 2788 2893 0 0 0 0 2920 
 2721 0 2890 0 2582 3022 2921 0 2994 
 0 3064 0 2628 0 3003 0 2885 0 
 0 0 0 0 0 0 0 0 0 
 3001 0 0 0 0 0 0 2672 2795 
 0 2520 0 2788 0 0 2954 0 0 
 0 2633 0 2825 0 0 0 0 2790 
 2770 0 0 0 0 0 2810 2961 2894 
 0 2655 2918 3006 0 2550 2626 0 0 
 0 3042 0 3000 0 0 2735 0 2706 
 0 
 759 794 0 879 0 0 847 0 796 
 0 744 0 0 771 0 853 0 0 
 847 0 738 772 0 0 0 0 0 
 0 0 0 0 0 0 813 0 737 
 0 783 740 0 751 0 0 848 0 
 785 0 0 0 0 0 0 0 803 
 747 0 0 850 0 849 0 766 788 
 0 837 878 0 811 731 769 0 0 
 771 825 835 0 0 863 0 0 0 
 0 0 778 776 0 0 775 0 0 
 0 853 781 733 771 763 0 766 0 
 845 
 0 813 756 780 0 868 0 0 0 
 0 825 0 0 795 842 0 0 0 
 0 0 0 789 0 0 846 0 0 
 733 0 0 833 0 0 826 792 0 
 0 0 829 769 0 0 0 749 836 
 726 0 776 0 0 0 0 795 800 
 764 0 0 781 0 872 792 0 808 
 787 0 744 827 0 0 0 843 746 
 0 0 735 738 782 0 825 0 746 
 0 870 815 837 822 0 0 753 0 
 0 0 853 0 0 0 0 795 0 
 0 
 1685 0 0 1606 1534 0 0 0 0 
 1451 0 0 0 1696 0 0 0 0 
 0 0 1754 0 0 1509 1754 1568 1596 
 0 0 1678 0 0 0 0 0 0 
 0 0 0 0 0 0 1478 0 0 
 0 0 1700 0 1581 1572 0 1500 0 
 0 0 0 1658 0 1484 0 0 1698 
 0 0 0 0 1584 1681 0 0 1552 
 1621 1753 1453 0 0 1686 0 0 0 
 0 0 1472 0 1487 0 1568 1467 1561 
 1540 0 0 0 1514 0 0 1506 0 
 1470 
 0 0 0 1088 1099 0 1021 0 0 
 1098 0 0 933 0 0 1054 0 1098 
 0 1009 1088 0 1035 1011 996 915 0 
 0 0 0 1095 956 0 0 0 1040 
 0 0 0 0 0 919 0 0 980 
 0 1076 1046 0 0 0 1063 0 0 
 0 921 914 930 1091 0 0 0 909 
 0 1021 1024 1031 968 0 0 0 0 
 0 0 0 1033 905 0 0 0 0 
 0 0 0 0 0 0 1018 0 0 
 0 0 0 0 0 923 0 913 0 
 0 
 0 0 2988 0 2820 0 0 0 0 
 2530 2772 2892 0 2772 0 0 0 2627 
 0 0 0 0 2868 0 2776 0 0 
 0 2602 0 2841 0 0 0 0 0 
 2844 0 0 0 2989 0 2750 0 0 
 2813 0 0 2797 0 0 2557 3033 0 
 3004 2758 0 0 0 0 2796 0 0 
 2881 0 2792 0 0 0 0 0 0 
 0 2685 0 0 0 2699 0 3003 3049 
 0 0 2856 2864 0 0 0 0 2994 
 0 2686 0 2610 0 0 3010 3023 0 
 0 
 0 644 0 726 688 671 726 687 0 
 0 0 0 686 761 707 0 0 679 
 0 0 768 654 689 0 0 673 0 
 0 0 0 699 0 0 0 0 0 
 734 658 0 721 0 0 0 649 0 
 0 0 0 667 0 0 734 0 660 
 0 685 0 0 0 0 0 646 0 
 695 768 0 749 720 0 765 745 0 
 736 0 0 0 717 728 658 0 0 
 644 695 0 684 667 0 760 755 0 
 0 0 0 0 0 0 662 0 0 
 655 
 0 0 1529 1587 1532 0 1390 0 1415 
 0 0 1545 0 0 0 0 0 0 
 1355 1350 0 0 0 0 0 1609 1426 
 0 1649 1549 1600 0 0 0 1546 0 
 0 1542 1358 0 0 1408 0 0 1581 
 0 0 0 1383 0 0 1620 1506 0 
 0 0 0 1647 1632 0 0 0 1410 
 0 0 1394 0 1548 1441 0 0 1570 
 1523 0 0 1489 0 0 0 1568 1615 
 1471 1535 0 0 0 1359 0 0 1450 
 0 0 1539 1543 1370 1482 0 1523 1396 
 0 
 1509 0 1457 1320 1378 0 1479 0 0 
 0 1453 1316 1393 0 0 1416 0 0 
 0 1520 0 0 0 0 0 0 0 
 1503 1495 0 1291 0 0 1299 0 0 
 0 1483 0 1367 1350 0 0 1482 1307 
 0 0 0 1339 0 0 1478 1438 1380 
 0 0 0 0 0 1327 1406 0 1310 
 1317 0 0 1333 0 1484 1514 1299 1340 
 0 0 0 0 1470 1502 0 0 0 
 1279 0 0 1531 1407 0 0 0 0 
 1373 0 0 0 0 0 1523 0 0 
 1512 
 626 633 553 0 658 0 0 0 0 
 0 592 0 549 0 0 0 630 0 
 0 0 0 0 602 0 0 653 648 
 0 592 0 0 633 553 0 0 0 
 581 0 0 627 573 637 623 0 0 
 656 0 593 617 0 0 0 572 0 
 620 556 642 0 0 0 0 0 0 
 0 0 0 658 635 0 613 563 0 
 609 556 0 0 634 0 0 585 0 
 0 0 611 562 0 552 0 0 659 
 0 563 631 0 0 0 0 638 0 
 0 
 0 0 0 0 2021 0 0 1994 0 
 1987 0 0 0 0 1761 0 0 0 
 0 1885 2041 0 0 2052 2041 0 0 
 0 0 0 0 0 1764 0 0 0 
 1969 0 1908 2031 0 0 0 0 0 
 0 1967 1943 0 0 1940 0 0 1914 
 1875 0 1919 0 0 0 1915 2045 0 
 0 1945 0 2009 2013 1936 2069 0 0 
 0 2000 0 1963 1821 0 0 0 1975 
 0 0 2029 0 0 0 0 0 1746 
 2021 0 2070 0 0 0 1965 0 1933 
 0 
 0 1168 1126 1133 0 1005 0 1110 1162 
 1086 1112 1023 0 0 0 1061 0 1127 
 1048 1177 0 0 0 1000 0 0 1068 
 0 0 0 1184 0 0 1119 0 0 
 0 1023 0 0 1051 0 1042 1158 0 
 0 1164 1076 0 0 1041 0 0 0 
 1131 0 998 0 0 0 0 0 0 
 0 0 0 1152 0 0 0 1168 1159 
 0 1053 1142 0 0 0 1044 1134 0 
 0 0 0 0 1060 1090 1193 0 0 
 0 0 1154 0 1116 1001 0 0 0 
 0 
 0 0 0 0 0 1082 0 0 0 
 1293 0 0 1305 0 0 0 0 1285 
 1208 0 0 1307 1147 0 0 0 0 
 0 0 0 0 0 0 0 0 1210 
 0 0 0 0 0 1141 1276 0 0 
 1089 1269 0 0 1100 0 0 1163 0 
 0 1283 1189 1082 0 0 0 1146 1262 
 0 1203 1206 0 0 1217 1108 0 1208 
 0 1170 0 0 1177 0 0 1081 1280 
 1086 0 0 1239 0 0 0 0 0 
 1170 0 0 0 0 0 1291 0 0 
 1255 
 0 2377 0 0 2134 0 2416 0 0 
 2158 0 0 2181 0 2309 0 0 2277 
 0 2394 2168 0 2471 0 0 0 2334 
 0 2232 0 0 2380 0 0 2282 0 
 0 2454 2238 0 0 0 0 0 2390 
 0 0 0 0 2260 0 2202 0 2139 
 2328 0 0 2429 2245 0 2320 0 2094 
 0 2243 0 0 0 2277 0 2303 2445 
 0 2414 2233 2491 2385 0 2305 0 0 
 2077 2077 0 2422 2181 2226 0 0 0 
 2081 2482 2492 0 0 2249 0 0 0 
 2349 
 2355 2366 0 0 0 2373 0 0 2570 
 0 0 0 0 2716 0 0 2571 0 
 0 2489 0 0 2667 2389 0 0 2680 
 0 2759 0 0 0 0 2578 2749 0 
 0 2536 2428 0 0 2544 0 0 0 
 0 0 0 0 0 0 2578 2739 2559 
 0 0 2837 0 2461 0 0 2408 0 
 0 0 0 2774 2701 2586 0 0 2399 
 0 0 2829 0 2435 2361 2673 0 0 
 0 0 0 2812 2525 0 2637 0 0 
 2753 2494 0 0 2788 0 0 0 2470 
 2698 
 1781 1722 1731 1852 0 0 0 1669 1757 
 1833 1548 1750 0 1844 0 0 0 0 
 0 0 1574 0 0 0 1794 1587 0 
 0 0 0 1853 1690 0 0 0 0 
 1714 1591 0 1595 0 1802 0 1792 1851 
 1625 1847 0 0 0 1713 0 0 0 
 0 0 0 1839 1756 0 0 1833 1641 
 0 1715 1723 0 0 0 0 1764 0 
 0 0 0 1811 0 1707 0 0 0 
 0 0 0 1581 0 1552 0 1791 1565 
 1691 1717 0 1725 0 0 0 1564 1585 
 0 
 622 634 0 651 0 0 0 0 0 
 654 616 0 567 0 0 592 0 0 
 0 0 0 0 0 0 0 652 557 
 627 624 0 0 559 550 597 639 581 
 625 568 0 0 580 576 0 641 587 
 617 0 601 0 636 0 548 0 584 
 0 0 0 0 0 597 659 598 0 
 0 645 584 0 0 653 642 0 0 
 0 0 0 571 606 556 555 0 0 
 0 0 0 0 0 559 580 565 646 
 0 643 0 0 0 0 566 0 0 
 0 
 0 926 915 920 0 0 0 0 0 
 0 0 882 894 935 0 824 881 0 
 866 0 985 945 875 0 821 0 817 
 965 873 0 873 972 878 0 0 0 
 868 0 0 989 888 0 986 0 0 
 0 0 817 0 0 974 0 0 0 
 960 858 0 0 856 839 0 0 0 
 872 0 852 0 0 811 0 972 0 
 0 862 0 0 912 0 0 904 0 
 0 832 0 832 890 0 0 0 0 
 936 857 900 843 0 0 0 0 0 
 930 
 0 0 0 0 0 0 0 0 0 
 0 0 0 0 1495 1381 0 1431 1469 
 0 0 0 0 0 0 1568 1418 1619 
 1534 0 1590 0 0 0 1412 1415 1437 
 0 0 1564 0 1557 0 0 1608 0 
 1405 0 0 1538 1462 0 1486 0 1450 
 0 0 0 0 0 1617 1448 0 0 
 1350 1404 0 0 0 1552 0 0 1412 
 1512 1588 0 1424 0 0 0 1520 1572 
 1370 1614 0 0 1506 0 0 1444 0 
 0 0 1520 0 1442 0 1472 0 0 
 0 
 1465 0 1270 0 0 0 0 0 0 
 1402 0 0 1271 1288 0 0 1477 1351 
 0 0 1525 1370 0 1464 1478 1369 1260 
 1333 1372 0 0 1347 0 1360 0 1375 
 0 1429 0 0 1453 0 1514 1466 1405 
 1427 1343 1451 0 0 0 0 1401 0 
 0 1372 0 0 1391 1315 1503 0 0 
 0 0 1515 1482 1463 0 0 0 0 
 0 0 0 1292 0 0 0 0 1359 
 1342 0 0 0 0 0 0 1369 1358 
 0 0 1513 1301 0 0 0 1373 0 
 0 
 0 634 0 676 0 698 688 0 685 
 695 691 670 672 685 0 0 0 0 
 0 0 0 0 0 0 0 0 0 
 655 0 0 653 685 0 0 672 727 
 0 703 732 659 648 0 0 0 0 
 0 641 0 0 0 686 638 702 0 
 0 683 0 0 0 716 0 0 744 
 767 701 0 664 0 0 745 0 643 
 0 755 0 730 0 690 0 0 0 
 649 652 0 0 0 765 696 686 0 
 0 742 0 654 652 669 638 0 0 
 0 
 0 2460 0 0 2671 2677 0 2782 0 
 2519 0 2865 0 2553 2731 2577 0 0 
 2465 2811 2730 0 0 2727 0 2594 2950 
 0 2865 0 2747 2598 2461 0 2571 2720 
 2625 0 2956 0 0 0 2582 0 2533 
 2861 2709 0 0 0 2795 0 2620 2894 
 0 0 2476 2871 0 0 0 2523 2812 
 2814 2614 0 0 0 0 0 0 2903 
 2766 0 2911 0 2699 0 0 0 0 
 0 0 2468 2869 0 0 0 0 0 
 2558 2721 0 0 2819 0 0 2793 0 
 0 
 0 0 1278 1253 0 1398 1182 0 1267 
 0 0 1294 0 0 0 0 1315 0 
 0 0 0 0 0 0 0 1208 1395 
 1383 1201 0 1373 1417 0 0 0 0 
 0 0 1240 1315 1207 1297 0 0 0 
 0 0 0 0 1305 1424 1302 1408 1274 
 0 0 0 1400 1361 0 0 1263 0 
 0 1411 0 0 1304 1258 1269 1224 1246 
 1251 1253 1191 0 0 1236 0 0 0 
 1385 1389 0 0 1352 1187 0 0 0 
 0 0 0 0 1321 0 0 1336 0 
 1172 
 0 995 0 0 1156 0 0 1158 0 
 1127 0 0 0 0 990 1180 0 0 
 1121 0 1007 0 0 995 1202 1037 0 
 0 1138 0 1014 1186 0 1105 0 1023 
 0 1103 1106 0 0 0 1064 1003 1042 
 0 1012 0 0 0 0 0 1188 1118 
 0 0 0 1175 1200 0 1153 1031 0 
 0 0 0 0 1141 1063 0 0 0 
 0 1091 1124 0 0 0 1145 0 1120 
 1134 1021 1206 1159 0 0 0 1103 1013 
 1123 0 0 0 0 0 0 0 0 
 1105 
 1708 0 1754 1697 0 0 1506 1475 1541 
 1625 0 0 0 0 1580 0 0 0 
 1523 0 0 1737 1472 0 1758 1650 1632 
 1712 0 0 0 0 0 1528 1519 1719 
 0 0 1457 0 0 1466 0 1694 0 
 1525 0 1494 1712 0 0 0 0 0 
 1575 0 1595 0 1613 1554 0 0 0 
 0 0 0 0 0 1556 0 0 0 
 1592 1549 1707 0 0 0 0 1713 0 
 1651 1441 1677 1514 0 0 1609 0 1754 
 0 0 1488 1497 0 1643 1639 1639 0 
 0 
 0 1056 0 0 0 1032 1018 913 0 
 970 0 0 962 0 0 0 0 974 
 0 980 1050 910 0 0 0 1089 1048 
 0 936 0 0 0 0 0 901 998 
 0 0 0 928 1026 0 0 936 0 
 1096 0 962 1019 971 1067 0 0 0 
 0 0 920 1077 0 0 0 0 0 
 0 913 0 1065 1063 0 994 978 922 
 912 993 901 1053 0 0 0 0 1061 
 959 0 0 0 0 0 0 954 0 
 955 0 0 0 982 0 0 986 1031 
 0 
 0 465 511 0 468 455 0 0 0 
 474 0 0 0 0 0 0 518 0 
 452 0 0 0 521 0 474 478 0 
 0 0 492 463 0 0 492 0 543 
 0 0 513 524 505 0 0 544 0 
 460 0 523 504 0 0 0 0 474 
 532 0 0 462 0 0 0 0 0 
 0 0 468 0 0 0 485 537 0 
 462 0 494 0 0 0 549 0 0 
 0 0 482 534 486 462 0 0 0 
 0 525 462 0 473 532 0 0 546 
 0 
 0 2512 2474 2598 0 0 2315 2266 2307 
 2677 2574 0 0 2461 0 0 0 0 
 2427 2579 0 2317 0 0 2641 0 2411 
 0 0 0 2500 2439 2687 0 0 2504 
 0 0 2587 0 0 2615 2280 0 0 
 0 2298 2471 0 2525 0 0 2251 2529 
 0 2519 0 2419 2319 2567 2400 2290 0 
 0 0 2580 0 2659 0 2410 2554 0 
 2705 2687 0 2480 0 2327 0 0 0 
 0 2307 2327 0 2703 0 2674 0 2629 
 0 2420 0 0 2621 0 2613 0 0 
 0 
 0 1656 1756 0 1736 0 0 0 0 
 0 1836 0 0 1692 1796 1686 0 1668 
 0 1733 0 0 1617 1796 0 1754 1727 
 0 1709 0 1567 0 0 0 0 1619 
 0 1746 0 0 1811 0 1847 1855 0 
 1696 0 0 0 1640 0 1638 1669 0 
 1819 0 0 0 1740 1858 1688 1775 1831 
 1775 1619 0 1712 0 0 1841 0 0 
 0 0 0 0 1867 0 0 0 1830 
 1628 0 1836 0 1751 1798 0 0 0 
 0 1730 0 0 1856 0 0 1601 0 
 0 
 0 1880 1932 0 1947 0 0 1977 0 
 0 0 0 1909 0 1845 1853 1635 0 
 1740 0 0 0 0 0 0 0 0 
 0 1824 0 0 0 1716 1781 0 0 
 0 0 1955 0 0 0 1971 1814 0 
 1755 0 0 0 0 1958 0 0 1863 
 0 0 1723 1871 1780 1694 0 0 0 
 1952 0 1907 0 1688 0 1929 0 0 
 1858 1975 1758 0 1852 0 0 0 1918 
 0 0 0 0 0 0 0 1963 0 
 1808 1978 1789 0 1647 0 0 0 0 
 0 
 1070 0 1005 0 946 0 0 0 0 
 0 0 0 1057 0 0 1055 1046 0 
 1055 975 917 0 0 0 929 0 0 
 0 0 1093 0 0 0 0 1047 0 
 0 0 1043 0 0 0 947 0 982 
 0 972 0 0 0 0 0 971 0 
 968 949 0 905 0 0 0 0 1038 
 0 0 1079 0 0 0 923 0 0 
 0 0 989 921 0 0 0 0 1077 
 1043 0 989 992 0 1099 923 0 939 
 0 0 1041 0 0 0 0 0 906 
 0 
