 100 100 
 0 0 0 1090 0 1055 1038 1030 0 
 1032 0 0 1064 0 0 0 1069 1086 
 0 1005 0 1053 1029 1043 0 0 920 
 0 0 0 0 909 0 906 984 1024 
 0 0 0 1072 928 916 0 1083 0 
 0 1032 0 0 0 1018 0 1070 0 
 1062 0 1043 0 0 0 956 1050 0 
 1040 1013 0 0 1082 0 0 1092 0 
 930 961 0 1050 0 1011 0 0 0 
 1097 0 917 0 0 0 0 1024 0 
 1097 995 0 0 0 0 0 0 1084 
 962 
 0 0 705 674 727 0 0 649 0 
 0 0 767 708 660 0 0 675 667 
 706 703 718 0 694 736 696 0 708 
 0 0 0 642 757 750 0 764 656 
 0 727 705 0 0 754 739 718 0 
 633 0 0 759 706 0 642 0 0 
 752 0 658 0 692 0 738 732 0 
 737 0 0 763 0 0 0 0 0 
 753 0 743 716 0 0 0 0 763 
 0 0 0 0 674 723 0 0 0 
 638 0 648 0 0 0 0 0 0 
 0 
 1237 0 0 0 1197 1353 0 0 0 
 0 0 0 0 1380 0 0 0 1318 
 0 1244 1357 0 1340 1292 0 0 1385 
 0 0 0 0 0 0 1316 1402 1428 
 1230 0 1420 0 1331 0 0 1237 0 
 0 0 1398 0 1342 0 1354 1369 1215 
 1240 0 0 0 1280 0 0 0 0 
 0 0 0 1321 1417 0 0 0 0 
 1218 0 0 1177 0 1262 0 0 0 
 1295 0 0 1348 0 1255 1326 1362 0 
 1379 0 1275 0 0 0 1212 1411 0 
 1259 
 1860 0 1807 0 0 0 2084 1981 0 
 1999 0 0 0 2017 0 0 0 0 
 1733 0 0 1816 1720 0 0 1788 0 
 1854 0 0 1827 0 0 1875 0 0 
 0 1753 0 1994 1726 1912 0 0 1716 
 0 2036 1912 1882 1715 0 0 0 0 
 2037 1804 0 1938 1921 1774 0 1866 0 
 2025 0 0 0 0 0 0 1783 0 
 1879 2085 1863 0 1923 0 0 0 1898 
 0 0 0 0 0 0 0 0 0 
 0 0 1805 1901 0 1768 1957 1917 0 
 0 
 0 0 0 0 0 0 0 2608 0 
 2548 0 0 2570 0 2697 0 2788 0 
 0 0 0 2560 2462 0 2483 0 0 
 0 0 0 2697 0 2747 0 0 0 
 0 0 2539 0 2581 0 0 0 0 
 2664 0 0 0 2796 2507 0 2675 0 
 2348 0 2393 2366 0 2612 0 0 0 
 0 2374 0 0 0 2438 0 0 0 
 2510 0 0 2497 0 0 0 2357 0 
 2502 0 0 2701 0 0 0 2537 2530 
 0 0 0 2755 2359 0 2360 2596 0 
 2420 
 0 276 310 0 317 306 322 0 0 
 0 322 289 0 281 300 318 0 287 
 0 0 0 275 327 304 0 0 0 
 271 0 0 322 0 298 281 0 302 
 272 328 0 290 0 0 0 0 0 
 0 0 286 0 326 285 0 0 0 
 0 327 298 304 273 323 309 326 317 
 0 291 0 0 314 0 0 0 0 
 305 290 300 288 0 0 0 327 0 
 0 0 0 0 0 0 0 0 293 
 0 0 0 320 0 0 0 272 0 
 0 
 492 0 0 0 0 533 0 461 535 
 0 0 519 485 526 535 530 0 549 
 0 0 0 0 476 0 0 0 478 
 0 543 0 543 0 457 0 549 455 
 0 0 462 0 0 0 0 0 519 
 0 538 0 473 0 0 481 0 459 
 0 466 0 476 497 501 0 0 0 
 0 0 0 499 0 0 503 0 0 
 477 0 532 0 489 482 480 0 0 
 494 481 494 0 0 513 0 0 462 
 511 0 0 514 0 0 0 498 0 
 469 
 0 0 913 0 0 0 0 917 821 
 0 0 962 0 0 0 0 0 952 
 877 0 903 0 0 0 0 0 881 
 0 0 875 0 0 949 0 832 0 
 0 0 0 0 0 953 0 0 0 
 853 0 883 0 947 863 986 0 0 
 904 824 0 0 947 983 815 0 907 
 0 890 0 0 860 0 949 0 0 
 0 878 980 903 0 0 0 0 962 
 900 0 0 0 939 822 929 0 0 
 0 0 0 0 892 0 0 832 0 
 0 
 1461 1461 1719 0 0 1573 0 1539 0 
 1558 0 0 0 1491 0 1442 0 1626 
 0 1666 0 0 1485 0 0 0 0 
 1651 1508 1565 0 1584 0 1665 0 1529 
 0 0 0 1713 1635 0 1446 0 1607 
 0 0 0 0 0 0 0 0 1626 
 0 0 0 0 0 1571 0 1540 1743 
 0 0 1698 1570 0 0 0 0 1699 
 0 0 1683 0 1644 0 1477 0 0 
 0 0 0 0 0 0 1466 0 0 
 0 1557 1555 1715 0 1670 0 0 0 
 1555 
 1567 1724 1750 1469 0 0 0 1553 0 
 1707 1497 0 0 1499 1500 0 0 0 
 0 1594 0 1611 1630 0 1639 1586 1566 
 1700 0 0 0 0 1692 0 0 1458 
 0 1690 0 0 1555 0 0 0 0 
 1509 0 1719 1530 0 1549 0 0 0 
 1481 0 0 0 1750 0 1597 1535 1603 
 1572 1646 1683 0 0 0 0 0 0 
 0 0 0 1616 1525 0 1473 1451 0 
 1595 0 0 0 0 1600 0 1535 0 
 0 1681 1675 1506 0 1688 1738 0 0 
 0 
 1166 1175 0 0 0 1196 1288 1162 1253 
 0 1167 0 1239 1302 0 0 0 0 
 0 0 0 1257 0 1188 0 0 1286 
 0 1220 0 0 0 1129 1088 0 0 
 1310 0 0 1316 0 0 0 1105 1220 
 1175 0 1250 0 0 0 1276 1255 1282 
 0 1155 0 1127 1317 0 0 0 0 
 1109 1284 1295 1221 1137 0 0 1276 1112 
 0 0 0 1305 0 0 0 0 1184 
 1286 0 0 0 1251 0 0 0 0 
 0 0 0 1131 0 0 0 0 0 
 1289 
 0 2011 0 1814 1807 0 0 0 0 
 0 1972 0 1992 0 0 0 0 0 
 0 0 0 0 1975 0 0 0 0 
 0 0 0 1999 0 0 1817 0 0 
 0 0 0 0 0 0 0 1833 0 
 0 0 0 0 1880 0 0 0 0 
 0 1726 0 0 0 0 0 0 0 
 1841 1766 1907 2016 2069 0 0 0 0 
 0 0 0 1993 1763 0 0 1834 0 
 1929 1735 1915 0 0 1787 1790 1940 2001 
 1732 0 0 0 1833 0 1865 2006 0 
 0 
 0 0 0 2081 0 0 0 2105 2451 
 0 0 2282 2129 0 2419 0 2089 0 
 2520 0 2222 0 0 2452 2295 0 2100 
 0 0 0 0 0 2197 0 2317 0 
 2251 2488 2121 0 2288 2099 2167 2384 2167 
 2483 0 0 0 0 2135 0 0 0 
 0 0 0 0 0 0 0 2248 2279 
 0 0 0 0 2437 2499 0 0 0 
 0 0 2174 2227 2091 2102 0 0 0 
 0 0 0 0 0 0 2430 0 0 
 0 0 0 0 0 0 2187 2233 2501 
 0 
 0 2032 2071 0 0 0 0 0 0 
 0 2197 2118 2133 1830 2118 1853 0 0 
 2005 0 0 0 0 0 0 0 0 
 2195 0 0 2081 0 1880 1898 2197 0 
 1834 0 1941 0 0 2127 1951 0 2078 
 1813 0 0 1982 2014 0 2088 0 2135 
 0 0 1815 0 0 1844 0 0 0 
 2047 1806 0 0 0 0 1867 0 0 
 0 0 0 2027 0 0 0 0 1922 
 1889 0 2061 2063 0 0 0 0 0 
 0 0 0 0 1894 0 2060 0 2078 
 1895 
 770 778 0 0 727 876 0 0 0 
 0 0 746 816 0 0 786 720 825 
 0 852 0 0 847 0 775 0 772 
 0 0 0 0 0 0 0 0 0 
 829 0 0 0 795 797 0 0 0 
 0 0 742 0 0 0 0 841 0 
 0 0 872 0 0 830 869 813 872 
 775 851 0 853 0 0 0 0 819 
 0 0 0 0 0 0 0 0 853 
 0 0 0 747 0 853 812 744 0 
 0 0 0 0 0 0 809 0 0 
 0 
 2024 0 0 0 0 0 0 0 1918 
 0 0 0 0 2088 0 0 2059 2075 
 0 1948 1792 0 1838 0 2042 0 0 
 1736 0 1963 0 0 0 0 1980 0 
 0 1741 0 1932 0 1788 1812 0 1990 
 0 0 0 1788 0 2076 1870 1854 1966 
 0 0 2032 0 0 2019 0 2037 1890 
 0 1710 0 1828 0 2031 0 0 0 
 1839 0 1954 1967 0 0 1890 2018 0 
 0 2009 0 2033 0 0 0 1759 2061 
 0 0 1782 0 2049 2005 1713 0 1756 
 1844 
 184 0 0 189 0 0 0 0 208 
 182 192 0 0 0 211 0 189 209 
 194 190 0 0 201 0 187 0 0 
 182 204 0 0 0 181 0 0 213 
 201 194 0 205 187 0 212 0 0 
 191 0 0 0 186 206 0 0 0 
 0 0 0 0 0 209 210 0 0 
 0 199 0 0 0 214 207 190 0 
 0 0 203 186 208 0 0 0 0 
 212 0 0 0 196 181 187 0 192 
 0 0 0 0 0 213 0 216 196 
 212 
 1255 1274 0 1269 1238 0 0 1182 0 
 1206 0 0 1255 0 1238 0 1293 0 
 1308 0 0 0 0 1185 0 0 1118 
 0 0 0 1171 1173 0 1136 1268 0 
 1219 0 0 0 0 0 1252 0 0 
 0 0 0 0 1220 0 0 0 1149 
 0 1315 0 0 0 0 0 0 0 
 0 1224 0 0 0 0 1272 1208 0 
 1136 1095 1119 0 1098 1251 0 0 0 
 0 0 1141 0 1208 1216 1276 1117 0 
 1129 1126 0 0 0 1183 1085 1178 0 
 1297 
 1729 1646 0 1794 1562 1718 1810 0 1755 
 1722 0 0 1646 0 0 0 0 1567 
 0 0 1788 0 0 1774 0 0 0 
 0 0 0 1657 1564 0 0 1572 0 
 0 1614 0 0 0 0 1799 1691 1660 
 1553 0 0 1675 0 0 0 0 0 
 1859 1853 0 0 0 0 1542 1685 1583 
 0 0 0 0 1722 0 0 1768 0 
 1799 0 0 0 0 0 0 0 0 
 1561 1851 1863 1745 0 0 0 0 1722 
 1570 1702 0 1853 1747 0 0 0 0 
 0 
 0 0 0 848 0 0 883 0 0 
 0 0 0 833 0 0 0 972 983 
 0 0 0 0 0 845 0 0 0 
 0 946 0 0 0 0 0 866 914 
 922 843 0 0 892 875 0 0 0 
 899 0 851 930 0 0 0 890 0 
 0 906 969 0 0 0 822 0 833 
 898 0 906 0 0 0 925 0 0 
 0 837 0 879 876 0 874 988 0 
 953 0 0 899 932 903 915 0 0 
 836 0 0 0 0 0 0 0 0 
 936 
 0 0 0 1154 0 1188 0 1175 0 
 0 0 1153 1063 0 0 0 0 1068 
 0 0 1054 1016 0 0 1126 0 0 
 0 0 0 0 1141 1040 0 0 0 
 0 1034 1124 0 1135 0 1162 0 1076 
 0 0 0 1141 0 0 0 0 1096 
 1207 1142 993 1048 0 1091 0 0 0 
 0 0 1114 0 0 0 0 0 0 
 1115 0 0 1184 0 0 1192 0 0 
 0 0 0 0 0 0 0 0 0 
 0 1073 1020 1063 0 0 0 0 0 
 0 
 0 0 0 0 1702 0 0 0 0 
 0 1641 0 0 1620 0 1822 0 1854 
 0 0 0 0 0 0 0 0 0 
 1832 1929 1722 0 0 0 0 0 0 
 0 1767 0 1936 1700 0 0 1911 0 
 0 1819 1977 1725 0 0 0 0 0 
 0 0 0 1909 0 0 1673 0 0 
 0 1739 0 1778 1856 0 0 0 1829 
 0 1676 1893 0 1947 0 1695 0 0 
 0 0 1819 1839 0 0 1755 0 1801 
 0 1795 0 0 0 0 0 1852 1794 
 0 
 0 2681 0 3093 2957 0 3110 0 0 
 2779 0 0 0 0 0 0 3061 0 
 0 0 0 0 0 0 0 0 0 
 2749 2688 2708 0 3182 2968 0 0 0 
 2634 0 0 0 2790 0 2708 3029 0 
 3169 2780 2737 3123 0 0 0 3179 2898 
 0 3072 3158 2940 0 2656 0 0 0 
 2650 0 0 0 2664 0 2961 0 0 
 0 0 3064 0 0 2839 3092 2963 0 
 2889 0 0 2706 0 0 0 0 3154 
 0 0 0 0 2921 0 0 0 0 
 0 
 0 0 313 0 0 285 301 282 0 
 0 0 291 316 304 0 0 0 308 
 0 285 277 0 0 0 0 306 0 
 0 0 0 0 0 0 0 292 289 
 0 0 296 0 0 0 0 324 321 
 319 0 0 0 307 0 0 328 285 
 0 297 329 306 287 0 0 307 0 
 0 276 0 0 0 0 0 0 0 
 329 271 0 0 0 297 297 0 316 
 276 324 0 0 0 0 302 0 0 
 312 0 0 0 278 0 0 0 0 
 0 
 0 0 0 0 0 592 0 616 0 
 0 641 0 0 0 0 0 0 559 
 595 649 0 641 0 0 0 0 0 
 641 639 0 0 0 0 0 0 617 
 555 0 0 0 618 650 0 577 650 
 555 556 653 0 0 0 635 0 0 
 0 643 634 629 610 605 0 0 0 
 604 551 0 0 0 582 0 625 0 
 642 561 0 0 634 0 567 0 0 
 0 0 580 0 642 0 0 641 0 
 0 590 0 620 0 0 579 647 0 
 540 
 1567 0 0 1815 0 0 0 1603 1631 
 0 1638 0 0 0 0 1601 1593 0 
 0 1558 0 1841 0 0 1729 1729 0 
 1592 1552 0 1632 1667 0 0 1740 0 
 0 1555 0 0 0 0 0 0 1713 
 0 0 1705 0 0 1601 1530 1544 1694 
 1537 1714 0 1817 0 0 0 1555 1631 
 0 0 0 0 0 1799 0 1791 1856 
 0 1543 0 0 0 0 1608 1748 1847 
 0 1531 0 1852 0 0 1660 1658 0 
 0 1817 0 1838 0 0 1596 1794 0 
 0 
 0 0 0 1517 0 1545 1726 1632 1691 
 0 1559 1580 0 0 1570 0 1513 0 
 0 0 1702 0 1579 0 0 0 0 
 0 0 0 0 0 1550 1745 1759 1514 
 1585 1754 0 0 0 1643 1567 0 1722 
 1522 1720 0 1680 1730 1589 0 0 0 
 0 0 0 0 0 1485 1741 0 1544 
 0 1478 0 0 0 0 1674 0 0 
 0 1640 0 1599 0 0 1710 1683 1547 
 0 0 0 1653 1587 1695 0 1705 0 
 0 1553 0 1690 0 0 0 0 0 
 0 
 0 0 0 1578 1710 0 0 0 1535 
 0 1495 0 0 0 0 0 1683 1516 
 1544 0 0 0 1711 0 1655 1448 0 
 0 0 0 1657 1653 1642 0 1661 0 
 1737 1755 0 0 0 1696 0 0 0 
 1597 1758 0 0 0 1700 0 0 1699 
 1442 0 0 0 0 1555 0 1595 1639 
 1543 0 0 1710 0 0 1703 0 0 
 0 0 0 1656 0 0 0 0 0 
 0 0 1727 0 0 0 0 0 0 
 0 0 0 1497 0 1508 1573 0 0 
 0 
 0 0 0 0 860 0 0 838 866 
 0 0 0 0 0 0 0 835 0 
 0 0 0 0 859 921 0 832 0 
 932 0 0 0 935 812 0 957 0 
 0 0 0 0 965 0 0 0 963 
 858 0 887 0 0 980 936 0 0 
 826 0 814 0 946 905 0 0 0 
 0 0 0 0 909 0 0 889 921 
 881 911 0 905 0 0 0 971 0 
 0 0 0 825 0 0 0 0 884 
 0 878 0 856 0 826 843 874 811 
 0 
 0 0 0 2197 2038 2203 0 0 0 
 1895 0 0 2175 2112 0 0 0 2246 
 1998 0 2053 0 2100 0 0 0 0 
 0 0 2049 0 2137 2234 0 0 2198 
 0 0 2104 0 0 2111 0 0 0 
 0 0 1896 1998 0 0 2166 2296 0 
 2209 2286 0 2244 2207 2149 0 0 0 
 0 0 0 1983 0 2246 0 2268 0 
 0 0 2156 2112 1924 2065 2099 2020 0 
 0 0 2122 0 0 2152 0 2002 2080 
 1970 0 0 0 0 0 2192 1906 0 
 0 
 2698 0 0 0 0 0 0 0 0 
 2528 2928 2453 0 0 2560 0 2752 2457 
 0 2505 0 0 0 2638 0 2780 0 
 0 0 0 0 2747 0 2681 2715 2536 
 2673 0 0 2591 0 2663 0 2784 2523 
 2617 2742 2444 0 2442 2465 0 2655 2822 
 2841 0 2939 2472 2862 2754 2867 0 0 
 0 0 2487 0 2879 0 0 0 0 
 0 2671 2792 0 2563 2615 0 0 2694 
 0 0 0 2546 0 2544 0 2563 2497 
 0 2859 2961 0 2471 0 0 2722 0 
 2957 
 0 0 0 0 2137 0 0 0 0 
 0 2509 0 0 0 0 0 0 2191 
 0 0 0 0 2230 2493 2101 0 0 
 0 0 0 2509 0 2252 0 0 0 
 0 0 0 2528 2383 2480 2448 0 0 
 0 2380 2392 0 2142 0 0 0 2264 
 0 0 2109 0 0 2072 0 2247 0 
 0 2166 2493 2463 0 0 0 0 0 
 0 0 0 2395 0 2404 2525 2393 0 
 2398 0 0 0 0 0 0 0 0 
 2163 2307 0 2266 0 2223 0 0 0 
 2141 
 1053 0 0 0 1103 0 1184 0 0 
 1199 1130 1074 0 1064 0 0 0 1027 
 0 1105 1149 0 0 1087 0 0 0 
 1140 0 0 0 0 0 0 0 0 
 1194 0 1129 0 990 0 0 1064 0 
 0 1158 0 0 1176 1036 1081 0 1096 
 0 1041 1100 0 0 1196 1204 1127 1110 
 1125 0 0 0 1179 1144 1020 0 0 
 0 0 0 1110 0 0 0 1194 0 
 0 0 0 0 0 0 0 0 1048 
 0 0 0 1023 0 0 0 1134 1186 
 992 
 1370 1394 0 1496 1412 1431 0 0 1393 
 0 0 0 0 1396 1494 1275 0 0 
 0 0 0 1488 1433 1426 1261 1501 1520 
 1326 1272 0 1368 0 0 1393 0 1431 
 1304 0 0 1319 1495 0 1292 1462 0 
 0 1459 0 0 0 0 1511 1515 1391 
 0 0 0 1323 0 0 0 0 0 
 0 0 1410 1335 0 0 0 0 0 
 0 0 0 1321 0 0 0 0 1434 
 0 1382 0 1371 0 0 0 1475 0 
 0 1496 1513 0 0 1262 1450 0 1503 
 0 
 0 0 0 813 846 0 854 0 0 
 0 0 0 811 0 761 0 737 803 
 0 835 0 0 0 0 816 0 0 
 0 862 826 0 0 0 0 0 0 
 0 0 0 0 809 0 0 0 0 
 0 737 0 728 0 721 0 0 809 
 835 783 0 0 0 0 0 0 803 
 0 766 0 0 0 753 824 0 0 
 730 763 0 0 0 799 0 0 0 
 0 779 765 0 0 0 737 0 0 
 735 0 0 0 818 0 803 0 0 
 0 
 528 0 0 511 0 491 0 0 479 
 544 506 511 0 0 543 507 484 541 
 476 478 0 0 544 0 0 0 526 
 0 0 0 494 516 549 502 549 0 
 0 0 536 0 515 0 0 0 0 
 0 0 0 0 0 470 486 0 0 
 493 475 0 473 0 0 0 513 513 
 549 512 0 0 0 453 514 542 0 
 0 457 519 0 542 450 0 0 0 
 0 0 509 0 542 545 0 0 0 
 0 464 536 522 0 452 0 549 0 
 0 
 0 0 720 0 0 0 0 0 0 
 854 758 0 864 824 0 0 0 0 
 0 0 0 721 0 0 0 838 0 
 822 828 869 743 0 0 844 0 790 
 0 792 0 874 823 0 0 809 0 
 0 0 0 0 807 0 844 0 0 
 0 0 791 840 856 0 0 741 0 
 0 0 0 0 810 0 757 0 0 
 720 0 845 838 0 747 0 760 0 
 0 743 0 0 0 0 723 752 0 
 0 0 873 774 740 0 844 0 808 
 0 
 1451 0 0 0 1568 0 0 0 0 
 0 0 0 0 0 0 0 1632 0 
 0 1652 0 1528 1653 1729 1651 1454 0 
 1661 0 0 1526 0 0 0 0 0 
 1496 0 0 0 1548 1530 1692 0 1568 
 0 0 1619 0 1573 0 0 1625 0 
 0 1626 0 1470 1461 1532 0 0 0 
 1744 0 0 0 0 0 0 1704 0 
 0 1707 1568 0 0 0 0 0 0 
 0 0 0 0 0 0 0 0 0 
 0 0 0 0 0 1667 0 0 0 
 0 
 0 0 0 3316 0 2909 0 0 0 
 0 3135 2991 0 2959 3164 0 3050 3289 
 0 3269 2822 3196 0 0 0 0 0 
 0 0 0 0 0 0 0 0 0 
 3013 0 0 3014 0 2917 3309 0 3238 
 2992 3052 0 0 3404 3060 0 0 0 
 0 0 3185 3154 0 3019 3332 2826 0 
 0 0 3025 0 0 3004 2902 0 2902 
 3148 2909 0 3294 0 0 0 2907 0 
 0 3299 0 3258 2931 3067 0 0 0 
 3378 3376 0 3053 2931 0 0 3179 0 
 3044 
 0 0 0 0 0 941 0 0 0 
 969 0 0 897 856 815 922 0 0 
 0 0 838 849 0 0 0 874 0 
 989 0 0 876 939 983 919 959 0 
 948 884 869 0 0 841 929 836 0 
 0 0 0 0 974 912 952 900 0 
 0 0 0 843 887 952 0 0 0 
 0 0 0 972 973 872 0 0 0 
 0 0 0 887 880 951 867 0 0 
 0 816 0 0 0 0 0 0 989 
 0 816 0 0 0 0 867 854 955 
 0 
 0 0 0 526 463 0 513 0 519 
 0 465 0 0 0 0 528 0 0 
 0 0 0 485 527 0 0 0 0 
 0 0 528 463 530 0 0 0 0 
 0 0 531 490 0 460 0 0 0 
 478 0 0 0 0 0 547 476 507 
 0 0 0 502 547 0 470 0 516 
 0 526 532 0 487 0 0 0 0 
 0 542 0 0 0 0 485 0 484 
 475 0 0 0 0 0 486 0 483 
 0 0 490 0 485 0 0 452 0 
 0 
 0 0 0 485 507 456 464 0 0 
 0 0 0 543 0 485 0 0 0 
 543 459 0 0 544 0 502 0 508 
 0 0 0 0 491 0 491 0 464 
 0 0 465 0 0 0 0 0 0 
 519 0 0 0 478 490 0 544 0 
 542 0 518 0 455 0 0 0 477 
 0 0 0 525 0 460 0 468 0 
 511 0 0 499 0 0 0 486 460 
 528 0 450 533 0 544 0 0 0 
 516 499 0 493 460 0 540 0 0 
 0 
 664 0 747 0 742 0 0 749 0 
 728 651 0 0 0 0 661 673 0 
 633 0 0 706 0 0 0 683 710 
 0 0 0 0 0 0 738 0 763 
 720 0 755 718 681 0 0 0 0 
 0 666 0 0 665 0 0 672 741 
 0 0 0 687 702 632 0 663 0 
 0 0 0 0 635 715 0 0 700 
 0 0 767 646 0 0 0 0 0 
 720 0 0 0 0 0 721 0 0 
 0 741 0 723 0 0 0 664 0 
 0 
 0 1902 1883 0 0 0 0 1890 1639 
 0 1833 0 0 0 0 1805 0 1965 
 0 0 1920 0 0 0 0 1699 0 
 0 0 0 0 1850 1797 0 1693 1661 
 0 1749 0 0 0 1944 1743 0 1673 
 1665 1822 0 0 0 0 0 1781 0 
 0 1912 0 0 0 0 0 0 1636 
 0 1971 0 0 1632 0 0 0 1735 
 0 1709 0 1681 0 0 0 1647 0 
 1781 1942 1677 1794 1900 1748 0 0 0 
 0 0 1823 1921 0 0 0 1646 0 
 1793 
 0 0 1535 1565 0 1626 0 0 0 
 0 0 0 1535 0 0 0 0 0 
 0 1552 1546 1454 0 0 1517 1735 0 
 1531 0 0 1483 0 0 0 0 0 
 0 1576 0 1576 1574 0 1748 0 1665 
 0 1655 0 0 0 0 1746 1541 1741 
 1701 0 1529 1535 1443 1742 1440 0 0 
 0 0 0 1445 1513 1494 1724 0 0 
 1596 0 0 1495 0 0 0 0 0 
 0 1455 1470 1450 0 0 1699 1620 1736 
 0 0 1614 0 0 0 0 0 0 
 1711 
 104 0 0 106 0 0 0 104 0 
 0 109 0 109 0 106 101 0 0 
 0 91 0 0 0 0 0 0 104 
 108 95 0 0 0 0 106 0 99 
 0 0 105 0 0 0 0 105 0 
 0 0 109 0 108 108 93 0 95 
 0 0 90 0 0 96 0 0 0 
 109 92 0 0 0 97 0 102 104 
 96 0 109 104 0 0 103 98 99 
 0 0 0 0 94 0 0 0 98 
 0 0 0 0 102 0 0 93 103 
 96 
 0 0 2891 2726 0 2798 0 0 0 
 0 2912 0 0 0 0 0 0 2483 
 0 2691 0 0 0 0 0 0 2680 
 2535 0 2599 0 2568 0 2911 0 0 
 0 0 0 2480 2695 2929 2535 0 0 
 0 0 0 2582 0 0 0 0 2805 
 0 0 0 2565 0 0 2635 0 0 
 0 0 0 0 2446 0 2675 2882 0 
 0 0 0 0 0 2792 2520 0 0 
 0 0 0 2723 0 0 0 2443 2630 
 0 2551 0 0 0 0 2497 0 0 
 2496 
 3812 3924 0 0 0 0 3660 0 3433 
 0 0 0 0 0 0 0 3614 0 
 0 0 0 0 3394 0 3743 3440 3345 
 0 0 0 0 0 3371 0 0 3655 
 0 0 0 3581 0 3498 0 0 3835 
 0 0 3882 0 3654 0 0 0 0 
 0 3868 0 0 0 0 3703 3631 3923 
 3797 0 0 3797 3292 0 3852 0 0 
 0 3641 3275 3482 0 0 0 0 3476 
 0 0 0 0 0 0 0 0 0 
 0 0 0 3373 0 0 3306 0 3657 
 0 
 0 0 0 2745 3282 0 3134 0 3085 
 2726 0 0 2736 2843 0 3187 0 0 
 2867 0 0 3051 0 0 0 0 0 
 0 0 3292 0 0 2943 0 0 3229 
 0 0 0 0 0 3061 0 2940 0 
 0 0 2849 2985 0 2924 3265 2995 0 
 0 2849 2820 3091 0 3109 2718 2840 0 
 3250 0 0 2789 3074 0 2954 0 0 
 0 3152 0 0 0 0 0 3049 0 
 0 0 2904 2945 2822 0 2928 0 2890 
 0 2707 3045 3045 0 0 2865 0 0 
 2821 
 1293 0 0 0 0 1401 0 1261 0 
 0 0 0 0 1227 1287 0 1330 1188 
 0 1328 0 0 0 0 0 1212 0 
 1397 0 0 0 0 0 1273 1335 0 
 0 1350 0 1418 0 1221 1412 0 0 
 0 0 0 1295 0 0 1234 0 1402 
 0 0 1331 1243 1287 1392 1339 1232 1350 
 0 1180 1270 0 0 0 0 1182 0 
 1299 1258 0 0 1393 1206 0 0 1207 
 1395 0 0 0 0 0 0 0 0 
 1191 1319 0 1212 0 1366 0 0 0 
 0 
 0 0 0 1075 0 0 997 906 939 
 907 914 909 999 0 0 1098 999 925 
 1078 908 1032 1084 0 1009 934 0 960 
 925 0 0 1056 926 910 956 0 925 
 0 0 935 0 1048 0 1009 0 961 
 0 998 0 0 1007 0 995 916 0 
 0 0 0 0 0 1047 0 1091 0 
 0 940 1097 0 944 945 1048 0 0 
 0 0 0 0 0 0 0 0 0 
 903 976 0 0 0 0 0 0 0 
 0 0 0 1026 0 0 0 947 1020 
 0 
 931 924 910 0 0 0 0 848 897 
 0 0 961 943 854 986 970 883 0 
 0 0 954 0 0 880 0 0 813 
 916 903 0 813 865 828 0 973 0 
 0 0 0 0 0 859 910 0 930 
 937 985 0 899 0 0 0 941 0 
 846 842 984 0 832 0 897 0 0 
 894 0 0 917 932 0 0 963 0 
 0 0 862 927 0 0 932 869 0 
 0 0 0 0 0 949 819 0 0 
 846 907 853 0 988 956 938 0 819 
 815 
 0 1505 0 0 0 0 1496 0 0 
 0 0 0 1289 1486 0 1380 0 1301 
 1321 1476 0 0 1401 0 1388 0 0 
 1280 0 0 0 0 0 0 0 1267 
 0 0 1358 1409 0 0 1452 1380 0 
 0 0 0 0 0 0 0 0 1388 
 0 0 1383 0 0 1270 0 0 1401 
 0 1267 1423 1391 1482 0 0 0 0 
 1337 0 0 1317 0 0 0 0 1363 
 0 0 1366 1306 1318 1511 0 1327 1457 
 0 0 0 1489 0 1487 1386 0 0 
 0 
 0 0 1679 1629 0 1832 1628 0 0 
 0 1633 1817 0 0 0 0 0 0 
 0 0 0 0 0 0 0 1755 0 
 1721 0 1787 0 0 0 0 0 1702 
 0 0 1647 1699 0 1821 1680 0 0 
 1849 0 1832 1730 0 0 0 0 0 
 0 1945 0 0 1726 1742 0 0 0 
 0 1891 0 1914 0 1712 0 0 0 
 1649 0 0 0 0 0 0 0 1963 
 1895 1939 0 1721 0 0 0 1916 0 
 1721 0 1779 1876 1891 0 0 1841 0 
 1693 
 0 0 0 204 0 0 0 191 210 
 193 0 0 0 0 213 0 0 202 
 0 184 0 0 187 0 0 0 0 
 0 0 195 212 181 219 186 0 0 
 0 193 208 0 0 183 0 197 0 
 0 205 219 194 215 0 0 189 0 
 0 0 180 0 0 0 197 0 0 
 0 0 216 211 214 0 0 0 0 
 0 0 0 213 0 0 0 193 0 
 194 0 0 0 189 212 0 192 210 
 0 198 212 185 0 0 0 0 0 
 0 
 0 0 0 0 0 0 0 554 629 
 574 632 568 599 0 0 0 634 0 
 0 586 0 0 581 659 610 0 0 
 0 0 637 0 546 573 625 614 633 
 561 0 657 0 603 0 627 0 0 
 556 598 0 0 0 0 0 618 0 
 0 0 0 0 657 0 612 0 595 
 0 0 0 0 0 0 553 0 587 
 582 0 0 0 0 0 614 578 568 
 620 0 0 0 0 0 0 656 0 
 0 649 0 0 586 0 544 601 0 
 0 
 0 0 0 750 707 715 0 0 0 
 0 0 0 0 673 0 0 676 668 
 0 0 635 738 768 0 0 0 0 
 0 0 748 664 0 640 0 751 0 
 758 0 0 637 720 0 661 0 720 
 0 0 734 666 0 0 643 0 0 
 0 0 0 647 0 652 0 0 665 
 669 727 646 0 0 0 0 0 0 
 0 733 747 646 0 635 761 0 0 
 0 0 678 0 648 0 0 0 739 
 0 0 0 0 697 0 647 697 0 
 0 
 0 1903 1889 1898 0 1871 1890 1943 0 
 1911 0 1971 1835 0 0 0 0 1741 
 0 1833 1914 0 1828 1632 1654 1708 1705 
 0 0 0 0 1941 1835 0 1774 0 
 1850 0 1757 0 0 1645 1636 1647 1849 
 0 0 0 1878 1712 0 1786 1718 1843 
 1932 0 1685 0 0 0 0 1922 0 
 1660 0 1922 1905 0 1811 1718 1963 0 
 1940 1679 1629 0 1732 1718 0 0 1811 
 0 0 1795 1739 0 0 0 1696 0 
 1960 1832 0 1668 0 1853 1812 0 1807 
 0 
 2831 3012 2829 2776 3070 0 0 0 3040 
 0 3012 0 0 0 0 0 0 2829 
 2869 0 0 2914 0 0 2977 0 2772 
 2781 2719 0 2634 0 0 0 2650 2825 
 0 3015 0 0 2894 0 0 0 2889 
 0 0 2631 0 0 2895 2958 2812 0 
 0 0 0 0 2878 2694 2636 2805 2950 
 0 0 0 2728 0 2832 2984 2921 0 
 0 2761 0 2548 0 0 0 0 0 
 3054 0 0 2608 0 2820 2714 0 0 
 2566 0 3076 0 0 0 0 2914 0 
 0 
 0 0 0 0 0 274 282 0 0 
 0 0 0 0 0 292 319 0 315 
 0 0 310 0 0 0 283 318 0 
 0 319 0 0 0 0 0 308 0 
 304 299 0 0 320 292 0 316 294 
 299 281 0 284 294 0 0 0 0 
 0 322 0 0 311 0 291 300 0 
 0 0 309 284 0 286 0 271 0 
 0 0 0 0 314 0 276 0 293 
 0 321 0 302 0 0 0 308 0 
 0 273 0 0 0 0 0 277 0 
 0 
 0 0 1194 0 0 0 0 0 0 
 0 0 1368 0 0 0 0 0 0 
 1347 1328 0 1316 1333 0 0 1365 0 
 1214 1274 0 0 0 0 1307 0 1381 
 0 0 0 1279 1239 1422 0 0 0 
 0 0 0 0 0 1428 0 0 0 
 0 1345 0 0 1355 1369 0 0 1409 
 0 1301 0 0 0 0 0 1342 1194 
 0 0 0 0 1359 0 0 1262 0 
 0 1405 1184 0 1203 0 0 1390 0 
 1428 0 1359 0 1359 1317 1224 1177 1260 
 1297 
 2065 1973 0 0 1796 0 0 1890 0 
 1829 1785 0 2089 1883 0 0 0 0 
 0 2038 0 0 0 0 1906 1726 0 
 1945 0 0 0 0 0 0 0 2050 
 1754 2082 1846 0 0 1892 2088 2035 1720 
 1966 0 0 0 0 1837 0 0 1894 
 1773 2084 2063 0 0 0 1813 2004 1875 
 0 0 1733 1725 1721 0 0 0 1938 
 1802 0 2001 0 0 1859 1994 1836 1956 
 0 1796 0 0 0 0 0 0 0 
 1811 1736 0 0 0 0 0 0 0 
 0 
 952 0 0 0 0 1028 0 920 928 
 0 945 0 926 0 0 0 0 901 
 0 0 947 0 0 1042 0 0 1078 
 0 0 1038 0 0 0 0 1048 1068 
 982 0 0 0 933 1040 949 0 0 
 0 0 972 918 913 0 0 0 0 
 0 0 0 0 917 0 972 0 915 
 0 0 0 0 0 919 0 0 1076 
 1075 0 1089 0 0 0 1097 0 954 
 941 924 0 0 0 0 0 1042 0 
 1055 925 964 0 979 977 0 0 986 
 987 
 0 939 0 830 0 0 0 964 0 
 0 979 812 953 0 0 0 887 0 
 0 0 0 0 972 874 0 0 857 
 0 831 954 830 0 0 944 877 0 
 904 0 0 0 0 0 885 970 0 
 0 938 0 914 0 0 810 844 0 
 828 958 868 0 961 0 0 920 0 
 0 0 961 0 927 969 823 0 880 
 0 853 843 0 0 0 916 0 840 
 0 0 0 0 814 846 0 0 0 
 903 0 0 935 867 0 0 0 0 
 0 
 2055 1993 2178 0 0 0 0 0 1906 
 0 2080 2079 0 0 0 1855 2127 0 
 1930 0 0 2167 0 2172 2040 2040 0 
 2130 0 0 2148 1852 0 0 0 0 
 1916 1971 0 1951 0 0 0 0 0 
 1947 0 2015 0 2091 0 0 2087 1855 
 1885 1919 0 0 0 1870 0 0 0 
 2118 1921 1995 1940 2025 0 0 2058 0 
 0 2034 2176 0 0 0 0 1854 1868 
 1981 0 2093 1815 0 0 2061 2168 0 
 0 0 0 0 1933 0 1947 1935 0 
 0 
 2346 2513 0 0 0 0 0 2458 2272 
 2326 2548 0 0 2568 0 0 2669 0 
 2457 2512 2298 0 2429 2335 0 2576 0 
 2493 2318 0 0 2746 2511 0 0 0 
 2541 0 0 2318 0 2274 2488 2521 0 
 2421 0 2457 0 0 0 0 0 0 
 0 2446 0 2421 0 0 0 2287 2633 
 0 2637 0 2651 0 0 0 0 2679 
 0 2630 2399 0 2704 2366 0 2412 0 
 0 0 0 2679 2460 2456 0 0 0 
 2269 0 2275 0 0 0 0 0 0 
 2494 
 2670 2343 0 0 0 2285 2481 0 0 
 0 0 0 0 2424 0 0 2310 0 
 2429 0 2277 2589 0 2277 0 0 0 
 0 2419 0 0 0 0 0 2584 0 
 2456 0 0 0 0 2357 0 2344 2497 
 0 0 0 0 2614 0 2651 0 2708 
 2486 0 2643 0 0 0 2503 2649 2587 
 0 2669 0 0 0 0 2614 0 0 
 0 0 0 2638 0 0 0 2267 2551 
 2550 0 2344 0 2693 0 2262 2562 0 
 0 2617 2588 0 2620 0 2732 0 2318 
 0 
 0 3526 0 0 0 0 3317 0 3324 
 3910 0 0 0 0 3781 0 3413 3403 
 0 0 3503 3752 3532 0 0 0 0 
 0 0 0 0 3862 3811 0 0 3745 
 3789 0 3572 0 0 0 3537 0 0 
 0 0 3873 0 0 0 0 0 3673 
 0 0 0 0 3732 3794 3818 0 0 
 3454 0 0 3516 3337 3433 0 0 0 
 3555 3754 0 0 0 0 3946 3759 3876 
 0 3630 3598 0 0 3786 3799 0 0 
 3671 0 3544 0 0 3259 3313 0 0 
 3474 
 0 0 587 640 653 0 557 619 0 
 0 580 0 640 655 0 0 0 598 
 0 581 0 583 575 0 0 586 610 
 623 0 0 653 0 600 0 0 0 
 0 626 0 0 0 613 584 0 0 
 0 585 596 0 0 0 572 0 0 
 654 0 0 0 617 572 641 606 0 
 560 597 0 0 568 0 616 0 0 
 0 0 0 652 0 627 607 0 594 
 0 0 0 633 0 612 546 0 614 
 605 544 0 0 0 600 629 0 0 
 0 
 525 0 0 0 0 543 549 0 0 
 0 0 0 528 502 509 488 0 0 
 0 466 488 0 0 484 469 476 540 
 0 0 536 528 546 0 469 0 0 
 483 548 0 0 0 482 0 533 508 
 0 0 0 0 0 0 0 536 0 
 0 472 0 0 501 507 0 483 0 
 0 0 491 0 0 513 0 535 455 
 0 463 0 512 0 0 460 0 513 
 0 493 519 0 490 541 512 498 0 
 493 0 0 0 452 0 484 0 0 
 538 
 0 1436 1366 0 1576 1392 1365 0 1527 
 1398 1635 0 0 1593 0 1622 1649 0 
 0 1567 0 1497 0 1417 1361 0 0 
 0 0 1619 1399 1392 1433 0 0 0 
 0 1558 0 0 0 1418 0 1485 0 
 1397 0 1462 0 1555 0 1565 0 0 
 0 1450 0 1509 1605 0 1643 0 0 
 0 0 1511 1551 1409 0 0 0 0 
 1523 0 1563 1471 0 1463 1520 1513 0 
 1509 0 0 0 1478 0 0 0 0 
 1455 0 1428 0 0 0 1484 0 1539 
 0 
 0 0 0 0 0 2745 0 0 0 
 0 2632 2603 2283 0 2604 2420 2734 0 
 2551 2372 2654 0 0 2299 0 0 2626 
 0 0 0 0 0 0 0 0 0 
 0 0 2729 0 0 2548 2325 2619 2623 
 0 2743 0 0 0 2489 2349 0 2584 
 2571 0 2553 0 0 2357 0 2386 2477 
 0 0 2618 0 0 0 0 0 0 
 0 0 0 2747 0 2392 2255 0 2565 
 2643 0 2512 2719 2446 2470 0 0 0 
 2347 0 0 0 2725 0 2416 0 2363 
 0 
 0 0 0 890 921 0 890 0 0 
 812 975 0 0 888 0 0 0 0 
 0 859 0 957 0 953 0 0 0 
 0 0 0 896 921 0 986 886 0 
 0 0 859 0 0 836 0 937 924 
 937 0 0 963 0 0 0 940 894 
 0 0 0 899 0 0 0 823 0 
 0 0 0 0 0 0 0 959 832 
 0 0 870 921 867 0 0 0 0 
 0 925 935 0 0 0 841 856 0 
 0 0 873 0 0 836 0 919 920 
 842 
 0 0 756 746 736 0 744 823 0 
 726 773 0 806 0 0 0 0 0 
 802 734 855 822 0 0 0 0 0 
 817 0 869 0 0 0 0 814 808 
 0 0 0 774 0 764 868 751 0 
 0 790 0 0 0 0 720 0 0 
 0 808 0 0 0 0 0 0 0 
 0 0 0 813 0 871 0 0 811 
 0 729 0 0 0 0 0 770 734 
 764 0 0 757 0 0 0 871 879 
 0 0 0 867 0 0 743 855 822 
 0 
 0 0 1776 1780 0 0 0 0 0 
 1976 0 1774 0 0 0 0 0 1878 
 1700 0 1801 0 1752 0 0 0 0 
 0 1976 0 1620 0 1889 0 0 0 
 0 0 1865 0 1694 0 0 0 0 
 1680 0 1931 1620 1797 0 1792 0 0 
 1685 0 0 0 1900 0 0 1650 0 
 1787 1804 0 1809 0 0 1702 0 1750 
 0 0 0 0 0 1670 0 1949 1688 
 1786 1866 0 0 1663 0 1718 0 1734 
 0 0 0 1633 0 1823 0 0 0 
 1676 
 1399 1315 0 1286 0 1292 1321 0 1316 
 1257 1405 1215 1226 0 0 0 0 0 
 1329 1314 1296 1355 1279 0 1201 0 0 
 0 0 1313 1238 1238 0 0 1248 0 
 1209 1308 0 1209 1383 1310 1250 0 0 
 1404 0 0 0 1324 0 1357 0 0 
 1318 1316 0 1422 1209 0 1395 0 0 
 1292 1195 0 0 0 1235 1268 0 0 
 1287 0 0 0 1278 1206 0 0 0 
 1296 0 1239 1265 0 0 0 1245 1170 
 1283 1277 0 0 1208 0 0 0 1188 
 1287 
 1298 0 0 1263 0 1450 0 0 0 
 0 1515 1335 1478 0 0 0 1344 0 
 1410 0 1379 0 1511 1472 0 0 0 
 1519 1445 1532 1262 0 1388 1492 1476 0 
 0 0 0 1380 0 1381 1279 0 0 
 1453 0 0 0 1487 1275 0 1333 0 
 0 1366 1433 0 0 0 1435 0 1535 
 0 0 0 0 1335 0 0 1330 1510 
 1470 0 1379 1388 0 1383 1406 1523 0 
 0 1390 0 1411 0 0 0 0 0 
 0 1473 0 0 0 1296 1276 1424 0 
 0 
 0 0 296 0 0 0 0 0 329 
 283 0 279 310 0 0 0 0 0 
 329 0 0 296 0 287 310 0 0 
 0 0 303 0 0 0 0 305 0 
 0 322 0 0 0 0 280 314 0 
 0 327 0 0 303 0 0 0 0 
 294 0 0 301 282 0 0 0 0 
 0 0 0 325 0 0 0 0 294 
 0 303 0 0 0 312 0 0 0 
 309 0 0 0 323 284 0 293 0 
 0 0 0 292 305 0 0 0 302 
 0 
 0 2106 2197 2419 2070 0 2127 0 2254 
 0 0 2363 0 0 2192 0 2261 2386 
 0 0 0 0 0 0 2465 0 0 
 0 0 2296 2435 2278 2156 0 0 0 
 0 0 0 0 2165 2178 0 0 0 
 2446 2363 0 2314 0 0 0 2110 0 
 0 0 2387 2232 0 2345 2522 0 2445 
 0 2125 2342 0 2328 0 2512 0 0 
 2338 0 2390 2413 0 0 0 2074 2319 
 0 0 0 2344 2150 2455 2178 2444 0 
 2471 2212 0 0 0 2427 2348 0 0 
 0 
 628 0 0 0 595 651 0 0 0 
 0 0 0 0 0 561 0 0 0 
 574 637 541 607 563 578 656 561 0 
 574 0 0 0 0 595 0 569 0 
 0 621 621 0 580 0 0 0 546 
 0 0 641 0 574 0 0 0 633 
 590 0 0 628 0 0 635 0 0 
 620 0 0 641 605 0 586 608 0 
 571 608 541 0 0 0 550 0 0 
 650 0 0 0 569 0 546 606 0 
 0 0 0 575 596 0 0 0 612 
 0 
 0 2521 0 0 0 2656 2455 0 2359 
 2762 2613 0 2542 0 0 0 0 0 
 0 2853 2706 0 2364 0 0 2375 0 
 0 0 0 2615 0 2657 0 2579 0 
 0 0 2577 2724 2828 0 0 0 2403 
 0 2514 0 2589 2610 2427 2698 2601 0 
 0 0 0 0 2395 2760 0 2442 0 
 2682 2560 2737 0 2825 0 2774 0 0 
 2859 2667 0 0 2757 0 0 0 0 
 2607 0 0 0 0 0 2513 0 0 
 2474 2655 2684 0 0 2437 0 0 0 
 0 
 1672 0 1730 0 1554 0 0 1447 1527 
 1667 0 1512 0 1589 0 0 0 1713 
 1633 0 1681 0 0 0 1710 0 0 
 1667 1519 0 0 0 1557 0 0 0 
 1500 0 1502 0 1730 0 1444 1687 0 
 0 0 0 0 1480 0 1664 0 0 
 0 0 0 0 1686 1482 1478 0 0 
 1520 0 0 0 0 0 0 1665 0 
 0 0 0 1714 0 1715 1752 0 0 
 0 1689 0 1573 1569 1524 0 1585 0 
 0 1660 0 0 0 0 1484 1535 0 
 1728 
 0 1180 0 1078 0 0 1158 0 0 
 1160 0 0 0 990 0 1206 0 993 
 0 0 0 0 1071 1119 0 0 0 
 0 1119 0 0 0 0 1162 0 1023 
 0 0 1008 0 0 1195 1031 1067 0 
 0 1188 0 0 0 0 0 0 1086 
 0 0 0 1026 0 1002 0 1143 0 
 0 1109 1129 1155 1195 0 1152 0 1024 
 0 0 1129 1145 1134 1039 1122 1064 1032 
 1025 1017 0 1187 0 1164 1059 0 1125 
 0 0 1049 1092 994 0 0 1110 1066 
 0 
 706 0 696 0 643 666 0 0 0 
 0 648 0 730 728 699 0 0 761 
 694 0 0 0 0 715 0 0 630 
 684 640 691 713 0 0 0 760 0 
 761 0 0 650 725 744 0 0 0 
 664 725 0 691 0 649 662 749 642 
 640 0 0 653 0 0 704 748 757 
 760 681 0 0 0 646 0 687 0 
 0 698 0 674 0 669 753 651 0 
 0 702 0 0 0 0 0 681 0 
 0 0 689 0 701 0 717 0 735 
 0 
 0 0 4203 3931 3846 0 4358 4318 0 
 0 0 0 0 4188 0 0 4489 0 
 4253 0 0 3921 0 0 0 0 3948 
 0 4354 3691 4313 0 3981 4162 4457 0 
 4316 4345 0 0 0 0 0 0 4107 
 0 3943 3692 0 0 0 0 0 0 
 4174 0 3949 0 4176 0 3807 0 4301 
 0 0 0 0 4396 0 0 4187 0 
 0 0 3692 0 0 0 4013 4030 3767 
 0 0 0 0 4116 0 0 0 4165 
 0 0 3845 3863 0 0 4224 4478 0 
 0 
 0 0 3171 3811 0 0 3585 0 0 
 0 3661 0 0 0 0 0 3682 0 
 3338 0 3670 0 0 0 3328 3411 0 
 3724 0 0 0 0 0 3233 3738 0 
 3159 3825 0 0 0 0 3296 0 0 
 0 0 3207 0 0 0 3600 3592 0 
 0 3642 3556 3184 0 0 0 3571 3479 
 0 0 0 3467 3768 0 0 3424 0 
 3524 0 3804 0 3527 0 3761 3150 3424 
 0 3617 0 0 0 0 0 3752 3357 
 3426 3671 3334 0 0 3492 0 3296 0 
 3673 
 0 2394 2488 0 2520 2689 0 2807 2512 
 2341 0 0 0 2536 0 2843 0 2636 
 2557 0 0 2445 0 0 2544 0 0 
 0 2831 0 0 2432 0 0 0 0 
 0 2444 0 2424 2377 0 0 2635 0 
 2540 0 0 2577 0 0 0 0 2726 
 2769 2852 0 0 0 2700 0 0 0 
 2818 0 0 2687 2432 0 2357 2529 0 
 0 2573 0 0 2524 2536 2537 2805 2483 
 2716 2505 0 2464 0 0 0 0 2380 
 0 0 2478 0 0 0 0 0 0 
 2773 
 934 0 943 0 831 939 0 0 0 
 0 963 985 897 874 895 0 951 844 
 891 0 0 977 956 811 0 0 973 
 965 974 0 0 0 980 0 0 0 
 0 0 0 0 0 897 0 961 0 
 972 869 0 0 0 835 0 0 0 
 969 872 0 0 918 0 0 0 880 
 954 976 0 855 0 0 916 860 909 
 0 0 0 0 0 0 0 886 824 
 0 0 0 0 918 0 0 975 903 
 0 919 966 958 902 897 0 0 0 
 0 
 1527 0 0 0 0 0 0 0 1433 
 1530 0 0 0 1613 1410 0 0 0 
 1359 0 0 1627 1634 1449 0 1449 1391 
 1536 1578 0 0 1553 0 1440 1572 1371 
 0 0 0 0 1501 0 1555 1567 1501 
 0 0 1595 0 0 0 1437 0 0 
 0 0 0 1451 0 0 1611 0 0 
 1610 0 1478 1362 0 1503 0 0 0 
 0 1560 1410 0 0 0 0 1436 0 
 1472 0 1625 0 1601 1527 0 1370 0 
 1611 0 0 1470 1557 1394 1541 1509 1464 
 0 
 0 280 0 0 291 0 309 276 328 
 318 293 292 328 0 277 312 307 0 
 0 313 0 299 0 270 0 0 0 
 0 0 283 0 317 0 0 0 321 
 0 274 292 0 0 314 0 0 0 
 329 0 311 0 273 308 0 272 302 
 0 0 0 0 0 272 270 0 0 
 325 0 0 277 271 0 322 300 277 
 0 0 0 304 307 0 0 291 0 
 322 0 0 322 301 305 313 0 0 
 0 0 0 0 0 0 0 312 0 
 0 
 0 94 109 0 0 0 0 0 96 
 0 0 0 94 0 91 0 0 95 
 0 0 107 109 0 0 101 0 101 
 0 106 0 103 0 103 0 0 94 
 99 0 107 92 0 0 0 0 99 
 0 0 0 0 0 0 0 92 0 
 94 0 97 0 101 0 100 0 0 
 0 108 0 0 0 0 0 108 91 
 0 0 0 0 0 0 91 100 0 
 104 0 99 93 94 103 0 0 0 
 109 0 0 0 93 99 0 0 0 
 0 
 0 206 201 194 198 0 205 0 207 
 195 0 190 217 199 0 0 192 202 
 186 0 191 0 0 0 0 197 0 
 0 0 181 197 214 216 0 0 0 
 190 208 0 0 213 0 209 202 190 
 0 0 0 0 208 0 0 190 210 
 212 201 181 0 0 0 192 0 210 
 188 0 0 0 196 181 0 208 0 
 212 180 203 0 0 0 0 0 0 
 0 0 0 0 184 0 0 0 202 
 0 0 182 0 201 189 0 0 215 
 217 
 0 0 2381 0 2390 0 0 2095 2251 
 2003 0 0 0 0 0 0 2277 0 
 2338 2094 2246 0 2049 0 2082 0 0 
 0 0 0 0 0 2231 2261 0 0 
 2105 0 0 0 2366 2364 2202 0 0 
 0 2248 0 2111 0 0 1985 2394 0 
 0 2340 1992 2220 0 2121 2103 0 0 
 0 0 0 0 2157 2298 0 0 0 
 0 0 0 2228 0 0 2129 2184 0 
 2097 0 0 2412 0 2229 1986 0 0 
 0 0 0 0 2060 0 0 0 0 
 0 
 0 2710 0 2708 0 2689 2477 0 2781 
 0 2681 0 2550 2883 2785 2635 2898 2589 
 0 0 0 2472 0 0 2474 2916 2677 
 2780 2952 0 2853 2538 2625 0 0 0 
 0 2734 2565 0 2903 2600 0 0 0 
 0 0 0 0 0 0 2467 2713 0 
 0 2820 2908 2630 0 0 0 0 0 
 2610 0 2920 0 2906 0 2543 2804 0 
 2535 2619 2859 0 0 0 0 0 0 
 0 0 2836 2815 0 0 2942 2796 0 
 0 2841 2822 2852 0 0 0 0 2810 
 0 
 0 0 0 0 0 0 0 0 1940 
 2104 1842 0 0 2145 0 1859 1945 1811 
 0 0 2100 0 0 0 2081 1859 2135 
 0 0 0 0 0 0 0 0 0 
 0 0 2152 1894 2070 1904 0 2117 2197 
 0 2120 0 2187 1960 1996 0 0 2132 
 0 0 1897 1907 0 0 0 0 2006 
 0 0 0 0 0 2009 2184 2099 0 
 2192 0 2140 0 0 2015 0 2152 0 
 1850 2113 2108 2045 1975 0 2022 2140 2076 
 0 0 2133 0 0 2037 0 0 1948 
 1834 
 0 0 1026 0 1061 0 1065 1029 1045 
 1002 0 0 0 0 1127 0 0 0 
 1026 1133 1173 1164 1139 993 1052 0 1166 
 0 1035 0 0 997 1160 0 1067 1205 
 1074 0 1009 0 0 0 1000 0 1170 
 0 0 0 1095 1193 1170 1102 1098 1136 
 0 1087 0 1130 0 1054 0 0 1090 
 0 0 0 0 1034 1038 0 0 1179 
 0 0 0 1132 0 0 0 0 1134 
 0 0 0 0 1122 1014 0 996 1082 
 0 0 0 0 0 0 1185 0 1150 
 1045 
 1115 0 0 0 1241 0 0 0 0 
 0 0 0 1095 0 1298 0 1319 1187 
 1299 0 0 0 1188 0 0 0 1310 
 0 1228 1215 0 0 0 0 1222 0 
 1137 1310 1145 1283 0 1206 0 0 1305 
 0 0 1200 1315 0 1100 0 0 1165 
 0 0 0 0 1209 0 0 0 0 
 0 0 0 1187 1192 0 1124 1153 1231 
 1310 0 1229 1315 0 1172 1145 1198 1231 
 1198 0 0 0 1260 0 0 0 0 
 0 1220 1225 1144 0 1157 1160 0 0 
 1239 
 0 0 0 0 0 1016 914 0 0 
 1069 0 0 0 1039 1099 956 0 0 
 933 0 1090 0 1025 0 0 0 1022 
 1064 0 0 0 1083 912 0 0 995 
 0 977 952 1053 0 953 0 0 0 
 989 981 0 0 982 1041 0 1069 1014 
 1024 0 0 0 0 1084 0 1070 1074 
 0 0 1014 0 0 0 918 0 0 
 0 923 0 0 964 914 0 934 1007 
 0 0 937 0 0 0 0 0 957 
 0 1041 963 0 0 933 0 0 0 
 981 
 905 0 887 0 839 957 0 0 918 
 0 838 0 890 0 946 0 0 0 
 0 815 873 879 886 0 0 0 0 
 0 0 0 900 890 859 0 861 0 
 0 0 0 0 856 0 0 0 985 
 0 0 932 0 0 925 829 942 962 
 0 909 0 0 0 0 860 0 901 
 0 945 853 0 0 839 0 875 0 
 0 0 0 0 948 843 974 0 971 
 839 0 882 964 0 0 0 0 0 
 0 0 0 0 0 974 889 0 0 
 935 
 1849 0 0 0 1581 0 0 0 0 
 0 1617 1671 0 1584 0 1673 0 1644 
 0 0 0 0 0 0 1837 0 1804 
 1715 0 0 1578 1612 1590 0 1681 0 
 0 0 0 0 0 1717 1780 0 1797 
 0 1545 0 1703 0 0 0 1820 0 
 0 0 0 1703 0 1617 0 0 0 
 1814 1567 1642 0 0 1690 0 1538 1838 
 0 0 0 0 0 1803 0 1603 0 
 0 0 0 0 1669 0 0 0 0 
 1735 0 1628 1846 0 0 1552 0 1562 
 0 
