 100 100 
 1071 0 1075 0 0 0 0 0 1033 
 960 0 0 0 0 0 0 0 1068 
 921 0 0 0 0 0 0 0 913 
 0 0 1025 0 0 992 0 0 0 
 990 0 917 1048 0 0 969 0 925 
 0 1092 1056 0 1084 0 909 0 0 
 0 0 0 1082 0 0 0 0 0 
 932 1030 1069 0 923 0 950 0 0 
 0 0 0 0 913 919 0 0 1028 
 1088 1044 915 0 939 0 0 958 960 
 0 0 925 0 0 0 1095 1009 0 
 0 
 761 0 0 0 0 0 668 718 741 
 0 0 0 0 0 0 0 697 745 
 0 0 0 703 711 666 660 725 0 
 0 0 707 686 0 0 753 686 0 
 0 767 0 728 0 0 0 0 653 
 0 0 670 0 0 759 654 0 758 
 713 705 657 0 695 0 0 768 0 
 721 654 0 680 0 0 669 700 721 
 669 0 0 691 640 0 0 737 657 
 0 745 0 0 0 0 0 0 0 
 735 0 751 733 0 643 676 688 645 
 0 
 1292 1203 0 0 1394 1287 0 0 1226 
 1405 0 1362 0 1295 1198 1251 1243 1359 
 1248 1291 0 0 0 0 0 1399 0 
 0 1418 1326 0 1371 1309 0 0 0 
 0 1216 0 1412 1238 0 0 0 0 
 0 0 0 0 0 0 0 0 0 
 0 0 0 0 1397 1398 0 0 0 
 0 1361 0 0 0 0 1323 1343 0 
 1341 0 1258 0 1227 0 0 1207 0 
 1379 0 0 1351 0 1391 0 0 1170 
 0 1394 0 0 0 0 0 0 0 
 1176 
 2001 0 0 1974 1874 0 2062 0 0 
 0 1919 1885 1728 1783 1889 1778 1982 0 
 0 0 0 0 2065 0 1913 1750 0 
 0 0 0 1782 1782 1744 1993 0 0 
 0 1761 0 0 0 0 0 0 0 
 1825 0 0 0 1729 0 0 0 1716 
 0 0 0 1820 2057 1838 1921 0 1914 
 1907 1805 0 0 1950 0 0 1844 1969 
 1719 0 0 1888 0 0 1858 0 2040 
 0 0 0 0 0 2033 0 0 1805 
 0 1843 0 2021 1868 0 0 1872 1882 
 1998 
 2523 0 0 2794 0 0 0 0 2605 
 0 0 2348 0 2362 2541 0 0 0 
 2686 0 0 0 2842 2470 0 2587 0 
 2633 0 2601 2661 2490 0 2357 0 0 
 0 0 2545 2490 2383 2590 2389 2363 0 
 2677 0 0 0 0 2561 0 0 0 
 0 0 2735 0 0 0 0 2626 0 
 0 0 2632 0 2646 0 0 2466 2448 
 0 0 2789 0 2403 2852 0 0 0 
 2786 0 0 0 0 0 0 0 0 
 2709 2486 0 2465 0 0 0 0 2477 
 0 
 0 0 0 0 0 0 0 0 316 
 278 270 301 274 0 322 290 303 294 
 0 0 305 283 0 0 311 0 0 
 0 311 0 294 270 272 313 0 0 
 0 317 0 0 298 0 308 279 299 
 303 271 0 0 0 0 287 287 297 
 285 0 0 292 294 0 321 0 318 
 0 0 302 325 0 0 0 308 304 
 0 0 0 0 320 0 313 0 324 
 0 271 0 0 0 0 0 295 0 
 294 293 288 0 0 0 289 318 0 
 315 
 0 0 0 0 0 547 506 0 523 
 0 0 0 0 471 543 0 537 0 
 0 508 0 0 0 0 519 0 0 
 508 522 469 530 498 541 519 543 484 
 0 0 523 0 0 479 0 527 0 
 0 0 0 518 536 544 0 0 0 
 473 0 501 0 484 512 0 485 0 
 0 0 0 0 543 0 0 0 486 
 514 0 0 0 495 535 0 467 0 
 495 0 542 479 0 0 0 476 455 
 461 465 548 525 545 0 518 0 0 
 504 
 983 0 0 0 0 0 980 834 948 
 0 853 974 973 0 0 867 0 935 
 824 0 0 0 0 0 0 0 867 
 892 841 917 0 980 0 948 0 0 
 0 943 810 0 892 989 862 945 900 
 0 892 0 985 0 0 871 870 0 
 933 0 0 848 0 0 0 865 0 
 0 0 0 918 954 0 866 909 0 
 0 816 827 0 944 966 0 0 0 
 0 891 836 0 963 841 0 0 907 
 917 970 0 981 0 0 0 874 0 
 855 
 1713 0 0 0 1725 1611 1728 1575 1689 
 0 0 1469 1612 1614 0 0 1562 1507 
 1751 0 0 0 0 0 0 1718 0 
 1609 0 1592 1568 0 1690 0 0 1758 
 1525 0 1726 1458 0 1724 0 0 1515 
 1674 1616 1461 0 1447 0 1721 0 0 
 0 1741 1538 0 0 0 0 1518 1677 
 1647 1488 1548 0 1464 1623 0 0 0 
 0 0 1601 1450 0 1648 0 0 1531 
 0 1652 0 1618 0 1566 0 0 0 
 1498 0 1614 0 1739 1574 0 0 0 
 0 
 1543 1496 0 1664 0 0 0 0 0 
 0 1566 1602 1477 1506 0 0 0 0 
 1613 0 0 1619 1567 0 1649 1688 0 
 0 0 1693 0 0 0 1524 1704 0 
 0 1744 1698 0 0 0 0 1670 1527 
 0 0 1647 0 0 1617 0 1489 1714 
 0 0 0 0 0 0 1481 1626 0 
 0 1455 1458 1699 1664 1678 0 0 1669 
 0 0 1483 0 0 1700 1456 0 1686 
 0 1739 0 0 1493 1602 1565 0 1754 
 0 0 0 1624 0 1669 0 1444 1445 
 0 
 0 1216 1270 0 0 1155 0 0 1153 
 0 0 0 0 1236 1247 1306 1283 1104 
 0 0 1143 1252 0 1082 0 0 0 
 0 0 1184 1283 0 1180 0 0 1133 
 1236 1266 0 1269 0 1155 0 1082 1173 
 0 0 0 1096 1135 0 0 0 0 
 0 1171 1301 0 0 0 1095 1276 0 
 0 0 0 0 1216 0 1100 1120 0 
 0 0 1121 0 1187 0 1237 1232 0 
 0 0 1301 1178 0 1214 1090 0 0 
 0 0 0 0 0 1111 0 1279 0 
 1176 
 0 0 0 0 1817 0 0 0 0 
 0 0 2056 1779 1990 0 1920 0 1982 
 1893 2003 0 1753 0 1967 0 1802 0 
 1931 0 0 0 0 0 0 0 0 
 2064 1918 1801 0 0 0 0 0 0 
 1719 0 0 0 1714 1932 0 1780 2079 
 1975 1878 1801 1907 1809 0 0 2045 0 
 0 1837 2042 0 0 0 0 1956 1904 
 0 2040 0 0 0 0 0 0 1910 
 0 0 1738 1741 0 0 1923 0 0 
 0 2063 0 0 0 0 0 2041 2057 
 1730 
 0 0 0 0 2274 0 0 0 0 
 0 2508 2309 0 0 0 2166 0 0 
 0 2234 2440 0 2292 2113 0 2184 0 
 0 0 2239 0 2083 0 2440 2077 0 
 0 0 0 2235 0 0 0 0 0 
 0 0 0 0 2111 0 2221 0 0 
 0 2343 2473 0 2348 2468 0 2505 0 
 0 0 2246 0 0 2407 2505 0 2492 
 2097 0 0 2076 0 0 0 2529 0 
 0 0 0 2383 0 0 0 0 2345 
 0 0 0 2080 2129 2330 2363 0 2275 
 0 
 0 1969 0 1861 0 0 0 0 0 
 1984 0 2107 0 0 0 2176 0 1890 
 0 0 1879 0 2094 0 0 0 0 
 2019 0 0 2091 0 0 0 0 1836 
 0 0 2016 0 0 0 1846 1983 0 
 0 0 0 0 1956 0 1934 1862 2088 
 1833 2112 0 1960 1925 0 2018 0 2057 
 1942 0 0 0 0 0 2069 2100 2074 
 0 0 2045 1939 0 0 2143 0 2044 
 0 0 0 0 0 2198 0 1932 0 
 0 0 0 1963 0 1933 2019 2042 1938 
 1852 
 0 0 738 0 826 0 0 0 0 
 749 0 0 752 0 0 0 0 0 
 0 0 0 838 769 0 0 0 802 
 0 0 734 722 757 0 0 0 821 
 0 0 0 0 869 0 0 840 820 
 0 0 0 823 0 0 0 0 0 
 0 0 0 0 751 0 0 0 851 
 760 839 0 0 0 0 0 800 0 
 866 0 0 0 0 0 0 0 862 
 0 863 0 0 0 0 0 0 810 
 794 857 0 822 0 0 0 0 0 
 0 
 1851 0 0 1727 0 0 0 0 0 
 0 0 0 0 1758 2033 0 0 2047 
 1728 2058 0 0 0 0 0 0 0 
 0 0 0 2072 0 2069 0 0 1746 
 2014 0 1877 0 2021 0 0 0 0 
 0 0 2048 0 0 1899 0 0 0 
 0 1946 0 0 0 2042 2034 0 0 
 0 0 1864 0 2060 0 0 0 1851 
 0 0 1802 0 0 0 0 0 1932 
 1753 0 0 1714 0 0 1760 1938 1930 
 0 0 0 0 0 1807 1914 0 0 
 0 
 0 0 199 0 192 219 0 0 202 
 0 205 0 181 205 0 0 0 210 
 180 0 205 207 218 0 0 186 0 
 205 0 0 198 188 0 0 201 184 
 0 0 204 0 189 0 0 210 0 
 0 0 0 201 0 0 217 0 189 
 0 194 216 197 0 0 0 181 182 
 0 0 0 0 198 199 0 180 216 
 0 215 180 0 0 0 0 0 0 
 192 209 214 189 211 189 203 0 206 
 0 196 0 0 0 0 0 185 0 
 0 
 0 0 1096 0 0 1121 0 0 1089 
 1137 1131 0 1286 1234 1082 1121 1143 1188 
 1207 0 0 0 0 0 1190 1270 1117 
 0 1222 0 0 0 1112 0 0 1169 
 0 1114 0 0 0 1199 1160 1189 0 
 0 0 0 0 1275 0 0 0 0 
 0 0 0 0 0 1124 0 0 1131 
 1215 0 0 0 0 0 0 0 0 
 1252 1112 0 0 0 1104 1081 0 1254 
 0 0 1309 1286 1171 1244 1229 0 0 
 0 1147 0 1274 0 1164 0 1098 1174 
 0 
 0 1577 0 1605 0 0 0 0 0 
 0 0 0 0 0 0 0 0 1800 
 1601 0 1769 0 0 1810 0 0 0 
 0 1566 1598 1718 1653 1818 0 1537 1604 
 0 0 0 1868 0 1863 1558 0 0 
 0 0 1667 1736 0 0 1594 1806 1533 
 0 0 0 0 1544 1681 0 0 0 
 1735 1823 0 1607 0 1666 0 0 0 
 1605 1582 0 1630 0 1690 1688 0 1639 
 0 0 0 0 0 1582 1695 0 1707 
 0 0 1644 0 0 0 1659 1847 0 
 0 
 0 0 0 0 888 972 0 887 0 
 864 0 821 0 927 0 897 0 0 
 968 0 0 0 0 0 0 956 0 
 0 0 0 885 0 936 0 858 819 
 826 0 0 0 894 851 0 943 857 
 905 0 914 894 0 0 0 968 987 
 0 886 844 0 974 858 0 862 0 
 860 0 850 0 0 928 972 0 0 
 0 0 0 0 983 0 832 0 0 
 0 0 943 0 976 0 0 0 0 
 810 0 954 927 0 0 829 942 0 
 0 
 1031 1168 0 0 0 0 0 1207 0 
 0 0 1065 0 1010 1106 0 0 1076 
 0 997 1108 0 1144 1202 0 0 1169 
 995 0 0 1198 0 0 1194 0 0 
 1104 0 0 0 1168 0 0 0 0 
 1082 1076 1059 0 0 0 0 0 1192 
 995 1106 0 1183 0 1075 0 0 0 
 0 0 0 0 995 1197 994 0 1132 
 0 0 0 0 1055 0 0 0 0 
 0 1203 0 1080 1203 0 0 1123 0 
 0 1167 0 0 0 1108 1202 1091 0 
 0 
 0 1756 1771 0 0 1790 1907 1823 1887 
 1698 1956 0 0 1891 0 0 1759 0 
 1761 0 0 0 0 1962 0 1764 1766 
 1893 1880 1664 0 0 0 0 1751 0 
 0 1737 0 1623 0 0 1946 0 1841 
 1939 0 0 0 0 0 0 0 0 
 0 1849 0 0 0 1912 0 0 1632 
 0 0 1877 0 0 0 0 0 1704 
 1794 0 0 1920 1799 1888 0 1634 1720 
 0 1623 0 1643 0 0 0 0 1685 
 0 0 0 0 1668 0 0 0 0 
 1644 
 0 0 0 0 0 0 0 0 0 
 0 2690 0 3147 0 0 3117 0 2674 
 2861 0 0 2613 0 3011 0 0 3162 
 3004 0 2882 0 0 0 0 0 0 
 0 3181 0 2898 0 0 0 0 0 
 2645 2969 0 2843 0 0 0 0 0 
 0 0 0 2641 0 0 0 0 0 
 0 0 2990 0 2820 2614 2855 0 3109 
 2839 0 0 0 2655 3126 0 0 2754 
 0 0 3188 0 2657 2773 0 0 2666 
 2788 3140 0 2776 2922 0 3099 0 0 
 0 
 325 0 0 0 306 0 0 275 319 
 0 0 274 0 313 283 0 0 0 
 0 0 289 0 275 0 284 0 0 
 0 0 315 304 273 289 298 0 0 
 0 0 309 0 0 0 288 294 270 
 0 298 0 304 0 0 0 0 0 
 0 0 302 318 313 0 322 0 296 
 311 0 0 286 0 270 310 285 328 
 0 282 300 0 0 0 290 321 0 
 0 305 303 0 0 0 0 0 324 
 0 0 0 323 0 0 310 0 329 
 292 
 0 0 646 0 623 0 0 0 0 
 0 623 0 617 0 0 0 0 0 
 586 643 569 606 566 0 552 0 591 
 0 0 556 0 547 636 0 0 0 
 0 0 582 602 583 0 0 565 601 
 0 0 571 581 0 0 579 0 631 
 0 649 591 647 0 0 0 0 0 
 0 0 626 0 0 626 648 0 543 
 0 0 0 0 0 0 0 0 574 
 615 622 601 609 544 0 0 565 0 
 0 0 633 0 646 591 0 632 587 
 0 
 1729 0 1611 0 1589 0 0 1824 1713 
 0 0 0 1854 0 1629 0 0 1686 
 0 1649 0 0 0 0 1780 0 0 
 1583 0 0 0 1661 1694 0 1726 0 
 0 1630 0 0 0 0 0 1755 1581 
 1855 0 0 0 1786 1750 1667 1710 0 
 0 0 0 1552 1713 0 0 1554 1810 
 0 0 0 0 1625 0 1826 1701 1625 
 0 0 0 1833 0 1833 0 0 1785 
 1805 1622 1727 0 1769 0 0 1844 0 
 0 0 0 1756 0 0 1571 0 0 
 0 
 0 0 0 1531 0 0 0 0 0 
 0 1540 1573 0 0 1759 1449 1580 0 
 1694 1509 1661 1544 0 1560 1537 0 0 
 1614 1667 0 0 1586 0 0 1572 1516 
 0 0 1544 1744 0 0 0 1440 0 
 1723 0 1670 0 1522 1464 0 0 1621 
 0 1552 1537 0 0 0 0 1491 0 
 0 0 1586 1513 0 0 0 0 0 
 1687 1490 0 1749 0 1538 0 0 1725 
 1607 0 0 0 0 0 1595 0 1639 
 0 0 0 1505 0 0 0 0 0 
 0 
 1606 0 0 0 1709 0 1557 0 0 
 0 0 1493 0 0 0 0 0 1733 
 0 0 0 0 1668 0 0 0 0 
 0 1750 1455 0 0 0 0 0 1508 
 0 0 1593 0 1566 1463 0 1737 1556 
 1570 0 1458 0 0 0 1667 0 0 
 1609 0 0 0 1527 0 1590 1464 0 
 0 1456 1511 1566 1667 1462 1539 0 0 
 0 0 0 0 0 1544 0 0 1472 
 0 0 0 1602 1569 0 0 0 0 
 0 0 1634 1564 0 0 0 1554 0 
 1542 
 0 0 965 0 0 0 0 0 0 
 0 842 836 0 0 0 960 948 862 
 970 826 890 0 987 819 897 0 0 
 930 0 950 0 0 0 0 0 880 
 0 961 986 817 0 0 895 814 0 
 0 863 940 926 962 0 0 0 950 
 0 0 820 0 0 931 0 0 0 
 865 0 0 930 0 0 0 0 875 
 882 0 0 0 0 971 0 986 0 
 913 0 0 0 0 0 0 0 0 
 939 0 985 956 0 901 984 947 0 
 0 
 0 0 0 1898 0 2228 0 2167 0 
 2087 0 1946 2126 0 0 0 2099 0 
 0 0 1980 0 1973 1893 2004 1892 0 
 2017 2006 0 0 0 0 2019 2154 2219 
 0 1897 1988 2054 2244 0 0 0 0 
 0 1926 0 0 2095 0 0 0 0 
 2074 2157 1929 0 1984 0 0 0 0 
 0 0 0 0 0 2083 1933 1993 2246 
 2108 0 0 2254 2091 0 0 0 1986 
 0 0 0 0 0 2080 2131 0 0 
 0 0 1902 0 0 2266 2281 0 0 
 0 
 0 0 0 2483 2901 2724 0 0 0 
 0 0 2552 0 2837 0 2660 0 0 
 0 0 2586 0 2792 2869 0 0 2530 
 2933 2879 0 2665 2739 0 0 0 0 
 2729 2630 0 0 0 0 0 0 0 
 0 0 0 0 0 2698 2437 2896 0 
 0 0 0 2841 0 0 0 2886 0 
 2868 2493 0 0 0 0 0 2610 0 
 0 0 2801 0 0 2537 2451 0 0 
 0 0 0 0 0 0 0 0 2592 
 0 2458 2931 0 2490 0 2763 0 0 
 2781 
 2231 0 0 2525 0 2132 2295 2441 2513 
 2150 2235 0 0 0 2517 2401 2314 0 
 2077 2156 2172 2129 0 0 0 0 0 
 2508 2190 0 0 0 2529 0 2224 0 
 2459 0 2084 0 0 0 2141 0 2258 
 0 0 0 0 0 2130 0 0 2120 
 2480 2114 0 2181 0 0 2436 2187 2214 
 2127 0 0 0 0 0 2383 2308 0 
 0 2455 2499 0 2524 0 2451 0 0 
 0 0 2152 0 0 2466 0 0 2107 
 0 0 0 0 2231 0 0 2337 2470 
 0 
 0 1208 0 0 0 1153 0 1030 1190 
 0 1078 1049 1021 1150 1033 0 1139 0 
 0 0 0 0 0 0 0 1090 0 
 0 1054 0 0 1177 0 0 0 0 
 0 0 0 0 0 0 1142 0 1113 
 1154 1084 0 1110 0 1134 0 1197 1015 
 1187 0 0 0 1034 0 1054 0 0 
 1038 0 1115 1118 0 993 1025 1209 0 
 0 0 1057 1136 0 1162 0 0 1087 
 0 1045 1039 0 1080 1100 1114 1153 1139 
 1155 0 1198 0 0 1138 1167 1199 0 
 0 
 1268 0 1276 1469 0 0 1444 0 0 
 0 0 0 0 1446 1531 0 0 0 
 0 0 1286 1320 1403 0 1435 1275 0 
 1288 0 1421 1323 1442 0 1323 1344 1341 
 0 1325 0 1386 1276 1373 1261 1315 0 
 1447 0 1443 0 1328 1520 0 0 0 
 1468 0 0 0 0 0 0 1354 1286 
 0 1315 0 1329 1473 0 1377 1425 1537 
 1388 0 0 0 0 1534 0 0 0 
 0 1303 1303 1324 1352 1397 0 0 0 
 1518 1442 0 0 0 0 0 0 1440 
 0 
 0 0 0 745 0 847 0 0 879 
 0 742 0 857 723 829 794 0 0 
 0 819 0 0 846 0 0 860 0 
 0 830 0 0 0 788 734 0 784 
 0 0 0 776 868 0 797 0 812 
 739 0 820 0 813 0 819 0 729 
 0 741 0 737 0 852 821 802 798 
 0 0 754 0 791 0 0 0 0 
 0 0 0 0 0 753 840 836 846 
 0 798 720 0 0 0 823 0 0 
 789 0 0 803 809 0 821 0 753 
 0 
 0 0 0 0 487 455 0 500 475 
 542 0 542 543 0 0 0 540 0 
 0 463 0 0 0 0 486 0 531 
 0 466 0 0 484 518 536 0 492 
 0 0 520 0 0 0 0 478 0 
 513 0 0 501 478 537 0 496 495 
 0 0 513 479 0 0 0 0 0 
 0 0 0 0 460 0 541 0 0 
 0 467 0 0 0 493 0 0 452 
 503 0 0 0 0 0 0 454 0 
 0 470 0 473 483 0 0 522 0 
 0 
 0 0 0 796 808 873 0 752 747 
 727 0 777 0 860 0 0 742 0 
 810 0 0 0 848 0 0 813 0 
 0 0 760 0 0 0 0 0 0 
 0 0 0 866 0 0 754 0 860 
 0 0 788 820 0 793 760 0 805 
 0 0 0 868 785 0 0 864 752 
 836 0 769 849 736 0 868 0 781 
 749 0 0 0 0 0 0 0 0 
 0 818 877 0 0 746 0 755 826 
 788 878 0 0 783 866 0 0 0 
 761 
 1497 0 0 0 1751 1659 0 0 1723 
 0 0 1542 1440 0 0 0 1540 0 
 0 1450 1663 1636 0 0 1562 0 0 
 0 0 0 0 0 0 1658 1453 0 
 0 0 0 0 0 0 1542 1716 1582 
 0 0 0 1683 0 1610 0 1483 0 
 1602 0 0 0 1735 0 0 1679 0 
 0 0 0 0 0 1674 1757 0 0 
 1494 1457 1712 1578 0 0 0 0 0 
 0 1631 1624 0 0 1458 1514 0 1542 
 1543 0 1612 0 1675 1491 1554 0 0 
 0 
 2871 0 0 0 3383 2939 0 3057 0 
 0 0 0 0 3362 0 0 0 0 
 0 2962 0 0 3396 0 0 0 0 
 3394 0 0 0 0 0 0 2860 0 
 2915 2870 0 0 3222 0 0 3005 0 
 2851 3167 0 0 3324 0 0 3040 2864 
 0 0 3403 2841 3346 3342 0 3052 2920 
 0 0 0 3007 0 3020 0 0 0 
 0 3108 3292 0 0 0 0 0 0 
 0 0 0 0 0 3220 3075 2994 0 
 0 3280 3083 0 0 0 0 3274 0 
 0 
 943 0 0 938 0 899 0 0 0 
 0 966 0 876 981 0 942 0 0 
 850 0 0 933 877 873 895 0 0 
 850 0 0 955 949 819 900 0 0 
 835 945 0 0 0 0 918 0 0 
 0 0 0 0 833 828 850 0 921 
 850 856 0 972 0 0 920 0 0 
 0 920 868 0 0 870 982 0 850 
 0 0 0 0 0 867 954 0 0 
 929 0 938 0 0 0 0 0 909 
 954 0 0 964 0 0 898 0 0 
 0 
 0 0 536 489 0 0 0 0 0 
 0 0 477 0 0 0 521 0 0 
 0 538 546 477 0 483 0 470 0 
 536 529 0 0 491 518 0 469 0 
 0 0 0 468 472 0 0 0 0 
 506 539 476 466 0 0 0 0 0 
 0 510 0 0 0 0 490 0 494 
 0 0 0 510 0 0 477 528 0 
 488 0 544 537 463 0 0 0 478 
 0 0 453 0 532 0 0 0 454 
 0 0 476 463 0 483 0 0 0 
 0 
 469 0 0 510 0 0 547 539 531 
 0 0 0 475 506 0 0 511 0 
 0 0 496 0 0 0 0 0 0 
 0 0 0 0 0 507 0 0 0 
 0 0 0 486 455 0 0 495 0 
 0 0 0 0 545 0 495 0 0 
 0 516 474 516 0 0 0 546 522 
 0 0 0 471 0 0 482 0 0 
 0 0 484 0 521 0 485 0 0 
 529 543 0 0 505 0 0 0 0 
 516 0 488 452 0 0 475 0 506 
 0 
 0 0 0 0 677 691 730 0 699 
 659 729 670 0 0 0 0 651 712 
 698 646 0 0 715 640 0 0 638 
 768 0 758 647 0 767 0 635 0 
 0 0 0 756 759 649 0 0 0 
 0 720 0 0 705 0 0 0 0 
 699 0 0 0 684 0 712 0 675 
 0 0 749 675 652 0 0 700 0 
 658 0 0 748 761 0 698 724 0 
 702 0 0 0 0 0 0 0 764 
 663 690 0 0 633 673 0 0 0 
 0 
 0 0 1969 0 1943 1892 1718 0 0 
 0 1976 0 1955 0 1702 0 1922 1713 
 1629 0 0 0 1648 1819 0 1683 1754 
 1667 0 0 0 0 0 1784 1787 1758 
 0 1657 0 0 1807 0 1934 1657 1645 
 1734 1697 1709 0 1896 0 0 1886 0 
 0 1903 1884 1819 1755 1965 0 1801 1914 
 0 0 0 1648 0 0 0 1961 0 
 1689 1814 0 0 1781 0 0 1965 1728 
 1970 0 0 0 1742 1782 1652 0 0 
 0 1913 0 0 1836 0 0 1650 0 
 1857 
 0 0 0 0 1712 0 1758 0 0 
 0 0 1471 1531 0 1751 1527 0 0 
 0 1513 0 1497 0 1591 0 0 0 
 1746 0 0 0 0 0 1603 0 0 
 0 0 1693 0 0 1585 0 1559 1597 
 0 0 1500 0 0 1658 0 0 0 
 0 1623 1612 0 1744 0 1471 0 0 
 0 1562 0 0 0 0 0 1630 0 
 1551 1478 0 1487 0 0 1508 1641 0 
 1565 1653 0 1728 0 1477 1666 1448 0 
 0 1685 0 1456 1585 0 0 0 0 
 1625 
 0 0 0 0 0 103 0 0 93 
 0 98 90 101 0 93 0 0 0 
 108 0 0 0 0 0 0 96 0 
 0 0 0 0 97 103 0 0 104 
 0 0 0 0 0 97 0 0 0 
 0 104 0 0 96 0 0 0 0 
 0 96 104 109 0 0 0 0 0 
 99 0 109 0 0 95 0 0 0 
 104 0 102 0 0 0 0 108 96 
 109 103 0 97 98 0 0 0 0 
 0 0 98 101 0 93 0 0 0 
 104 
 0 0 2945 0 0 0 0 2617 0 
 2617 2903 0 0 2482 0 0 0 0 
 0 2659 0 0 0 0 0 0 2701 
 0 0 0 2953 0 2534 2448 0 2578 
 0 0 2565 2848 0 0 0 0 2823 
 2705 0 0 0 0 2471 0 2768 2711 
 2522 0 2952 2712 0 2737 0 0 0 
 0 2687 0 0 0 0 0 0 0 
 2845 0 0 2451 0 0 2714 2731 0 
 0 0 2776 2444 0 0 2877 0 2710 
 0 0 2826 2689 0 0 0 0 0 
 2949 
 0 3399 3817 3827 0 0 3952 0 0 
 0 3681 0 3570 0 0 0 3262 0 
 0 0 0 0 3374 0 0 3599 3288 
 0 0 3629 0 0 0 0 3848 0 
 0 0 0 3926 3861 0 3719 0 0 
 0 0 0 0 3420 0 0 3706 0 
 3762 3955 3677 3732 3593 3252 3318 0 0 
 0 3528 0 0 3505 0 0 3568 0 
 3938 3277 0 3492 0 3785 3880 0 3358 
 0 0 0 3768 0 0 3813 3409 3493 
 3559 3384 3270 0 0 3791 0 0 3422 
 0 
 0 0 0 0 2998 0 3273 2770 2700 
 0 0 3215 2826 0 0 2844 0 0 
 2908 2810 2877 0 2798 0 2923 3258 0 
 3125 0 0 3067 0 2776 0 3052 2921 
 0 0 0 0 0 3164 0 0 2889 
 3146 3183 0 2795 0 3073 0 0 0 
 0 2771 0 3293 3035 3141 0 0 0 
 0 0 0 3128 2813 3109 0 3209 3101 
 0 2913 3072 0 0 0 0 3064 0 
 0 0 3295 0 0 0 0 0 0 
 0 0 0 0 0 0 2743 3272 0 
 0 
 1256 1206 1398 1395 0 1255 1219 0 1407 
 1218 1373 0 0 0 0 0 0 0 
 1339 0 0 0 0 0 1267 1177 1283 
 0 0 1229 0 1360 1404 0 1249 1294 
 0 0 0 1243 1207 0 1366 0 1341 
 0 0 0 1372 0 1215 0 0 0 
 0 1302 0 0 1289 0 0 0 0 
 0 0 0 1341 0 1339 0 0 1213 
 1269 1170 0 0 0 1236 1236 1341 1363 
 0 0 0 1322 0 0 0 0 1426 
 1176 1310 0 1268 1196 1244 0 0 0 
 0 
 0 0 0 0 929 0 1022 0 904 
 0 0 0 1036 0 934 0 0 1050 
 0 1001 0 1099 0 0 0 0 0 
 1079 1028 0 0 982 1044 920 0 968 
 0 1052 1009 1097 0 940 954 937 0 
 983 0 0 0 979 949 978 1083 978 
 971 0 914 0 0 1046 961 0 975 
 1052 0 1069 929 0 0 1060 0 0 
 0 0 1020 985 935 0 1005 0 0 
 1091 0 0 0 0 1006 1074 0 0 
 0 0 1057 0 0 0 0 1024 0 
 0 
 0 0 939 901 0 936 0 0 0 
 824 0 0 0 893 0 0 0 0 
 815 0 911 938 0 852 851 903 0 
 871 0 959 0 0 0 0 0 899 
 0 843 864 0 921 0 911 0 0 
 0 846 984 849 891 0 982 962 910 
 0 909 971 0 0 0 937 0 0 
 0 842 0 0 0 0 825 820 0 
 0 0 973 0 0 0 0 0 0 
 0 0 0 0 0 0 847 0 869 
 937 0 0 969 0 0 0 0 0 
 906 
 1393 1290 1382 1491 1274 0 0 1410 1268 
 0 0 0 0 1520 1409 0 1409 0 
 0 1294 0 1309 0 1413 1521 1525 0 
 0 0 0 0 0 0 0 0 1539 
 1275 0 0 1326 1483 0 1471 0 0 
 0 0 0 1334 0 1411 0 1346 0 
 0 0 0 1400 1353 0 0 1338 1326 
 0 1497 0 1279 0 0 0 0 0 
 0 1293 1407 1443 1329 0 0 1272 1514 
 1278 1292 0 1538 0 0 0 1508 1428 
 0 0 1406 0 0 1409 1304 1339 0 
 0 
 0 1755 0 0 0 0 1678 0 0 
 0 0 1645 0 1742 0 1846 1905 1873 
 1925 1687 0 1696 0 0 1813 0 0 
 1625 1711 0 0 0 1788 0 1788 1712 
 0 0 0 0 0 0 0 1707 0 
 1864 1958 0 0 0 0 0 0 0 
 1659 1923 0 0 0 1704 1783 0 1724 
 1647 1870 0 1881 0 0 1932 1974 1768 
 1638 0 0 0 1903 0 0 0 0 
 0 0 0 1815 0 0 0 0 0 
 0 0 0 0 0 1911 1642 1843 0 
 1816 
 0 183 202 0 212 0 0 180 0 
 0 0 0 180 0 216 0 181 219 
 0 0 212 191 0 0 188 192 187 
 217 180 0 200 0 0 0 0 0 
 196 194 0 0 0 205 219 0 204 
 0 0 187 202 195 0 0 199 0 
 0 203 196 0 217 0 201 202 0 
 0 0 0 217 0 196 207 206 0 
 0 183 0 218 0 0 0 0 0 
 0 0 0 195 196 200 0 0 0 
 198 0 0 0 0 188 0 0 0 
 0 
 0 0 655 0 0 0 0 592 0 
 0 0 0 0 0 550 638 0 0 
 0 0 0 0 0 0 0 592 0 
 0 639 0 555 642 615 0 562 0 
 0 654 0 0 0 0 0 0 583 
 0 0 545 568 0 0 0 0 546 
 636 0 608 0 0 0 593 0 0 
 0 0 569 546 623 0 0 578 0 
 0 572 583 0 0 0 547 600 0 
 547 627 0 0 0 0 0 623 0 
 0 543 0 614 645 574 542 0 0 
 560 
 0 0 751 677 656 642 0 702 751 
 750 0 637 0 0 0 658 653 0 
 0 0 0 0 688 685 685 0 0 
 634 711 673 0 0 0 658 731 696 
 0 0 0 0 0 730 0 756 0 
 673 645 741 0 0 691 0 0 0 
 0 0 0 761 751 721 733 699 685 
 0 631 710 0 0 0 0 0 732 
 0 0 728 744 766 0 751 679 0 
 680 745 756 0 0 0 729 0 0 
 0 0 0 0 0 716 704 675 0 
 724 
 0 1939 0 1808 0 1845 1711 0 1942 
 1782 1806 0 1736 0 1753 0 0 0 
 0 1820 1717 0 0 0 1861 0 0 
 1851 0 0 1967 0 1879 0 0 0 
 0 0 1668 0 1794 0 0 1776 0 
 1623 1744 1876 1669 0 1676 0 0 0 
 0 1848 0 0 0 0 0 0 1728 
 0 0 1680 1951 1915 0 0 1740 0 
 0 1848 0 0 0 0 0 1809 0 
 0 0 1915 1620 1710 0 0 0 0 
 0 1945 1860 0 0 1747 0 1788 0 
 0 
 0 0 0 0 0 0 2520 0 3074 
 2796 2733 0 2858 2663 0 0 0 2978 
 0 0 0 0 0 0 0 2538 0 
 2962 0 0 0 0 2608 2535 0 0 
 0 0 0 2695 0 0 2672 0 2903 
 2651 3061 0 2699 0 0 0 2599 0 
 0 0 3047 0 0 2566 2816 0 0 
 2992 2639 0 2999 2673 2820 2713 0 0 
 2900 2572 0 3048 0 0 0 2911 2885 
 0 0 0 2630 2843 0 0 0 2809 
 0 0 2914 2947 0 0 2861 2798 2705 
 0 
 278 0 0 0 324 0 0 0 0 
 0 0 310 318 292 289 0 0 0 
 0 0 303 0 285 305 270 0 0 
 0 280 0 0 0 273 0 293 0 
 0 0 297 288 0 0 0 314 290 
 291 0 0 301 313 0 284 286 278 
 0 0 279 0 0 0 298 291 0 
 298 0 286 0 273 0 0 0 0 
 0 0 284 327 305 0 0 0 0 
 0 0 279 281 0 291 0 0 0 
 285 0 321 296 0 0 305 0 322 
 0 
 0 0 0 1222 0 0 0 1206 0 
 0 0 1207 0 1243 0 1303 0 1371 
 1225 0 1414 0 0 0 0 1327 1380 
 0 1291 1250 0 0 0 1247 0 0 
 0 1180 1273 1351 1202 1244 0 0 0 
 0 1337 1260 1237 0 0 0 1194 0 
 0 1282 0 1238 1405 0 1404 0 1414 
 0 1347 0 1262 1200 0 0 0 0 
 1339 0 0 0 0 0 0 1227 0 
 1230 0 0 0 0 1176 0 1347 1342 
 1229 1340 1174 1366 0 0 1381 1279 1184 
 1316 
 1938 0 0 1814 1933 1917 1872 0 2032 
 1986 1938 0 1801 0 2060 1859 0 1900 
 0 2086 0 0 1939 0 0 0 1714 
 1945 0 1864 0 0 0 0 0 0 
 0 0 1843 0 0 0 1755 0 1930 
 0 1970 0 0 1993 0 1943 0 1969 
 1736 1900 2073 1765 2062 1748 1915 1802 1929 
 2036 0 0 1899 0 0 0 0 0 
 1862 0 1720 0 0 1787 1725 0 1884 
 0 1996 0 0 0 1715 0 0 0 
 0 1911 0 1962 0 0 1881 0 1754 
 0 
 1041 0 1028 907 0 1003 0 0 0 
 1034 0 954 0 0 0 0 986 0 
 1076 0 0 0 1034 0 955 0 0 
 0 0 907 0 940 0 1067 0 0 
 0 0 0 0 1005 0 905 0 0 
 0 0 0 0 1094 934 1040 0 996 
 0 0 0 0 1092 0 0 0 921 
 0 0 1030 0 1011 1095 0 0 0 
 0 1025 1092 901 1062 0 0 1003 0 
 0 971 0 1059 0 0 0 0 0 
 1078 0 942 0 0 0 1050 0 0 
 0 
 0 0 0 0 0 0 0 0 0 
 0 0 0 905 820 0 859 0 0 
 0 0 822 0 0 894 0 0 0 
 970 0 0 0 0 0 0 0 0 
 953 0 940 0 0 0 922 0 0 
 0 0 906 0 0 0 907 0 839 
 0 0 0 861 0 0 914 969 0 
 0 921 844 0 828 0 0 0 945 
 0 0 0 925 0 921 0 971 982 
 877 831 821 823 0 0 0 0 0 
 967 0 0 0 0 944 0 0 0 
 916 
 0 1938 0 0 0 1808 0 1963 1978 
 2196 1926 0 2085 0 1814 2135 0 0 
 1801 0 2113 2047 0 2141 0 0 0 
 0 0 0 0 2051 0 1887 1882 1905 
 2108 0 0 2022 0 0 0 2177 2102 
 0 2006 1832 0 0 1875 2011 0 0 
 2061 2152 0 2131 2016 0 2070 0 0 
 0 0 0 2061 0 1822 0 1955 0 
 2022 2013 2107 0 0 2017 0 0 0 
 0 1931 0 0 0 2141 0 0 2042 
 1891 1952 2010 0 2095 1862 1881 0 0 
 0 
 2696 0 2665 2617 0 0 0 0 0 
 2647 0 0 0 0 0 2281 0 0 
 0 0 0 0 0 0 2715 2324 2723 
 0 0 2251 0 0 2445 0 2439 0 
 2529 2510 2445 0 2256 0 0 0 0 
 0 2288 0 0 0 0 0 0 0 
 0 2628 0 2622 2384 0 2500 0 2546 
 2738 2390 0 2685 2354 0 0 0 0 
 2500 0 0 2460 0 0 2573 0 0 
 2475 2563 2481 2495 0 0 0 0 0 
 0 2511 0 2639 2611 0 2601 0 0 
 0 
 2337 0 2250 0 2299 0 0 2344 2502 
 0 0 0 0 0 0 0 0 2420 
 0 0 2260 0 0 0 0 0 0 
 0 2560 0 0 0 0 0 2664 0 
 0 0 0 0 0 0 0 0 2438 
 0 0 0 0 0 0 0 0 2384 
 2583 0 2471 0 2306 2575 0 0 0 
 0 2689 2605 0 0 2563 0 0 2591 
 2487 0 2325 0 0 2548 0 2745 2321 
 2557 0 2268 0 0 0 2723 0 0 
 2492 0 0 0 0 2654 2477 2577 2450 
 0 
 3856 0 0 3731 3827 0 0 0 0 
 3554 3310 3554 0 3640 3592 3896 3577 3394 
 0 0 3928 0 3737 3410 3541 3303 3558 
 3699 0 3507 0 0 0 3669 3818 3681 
 3665 0 3869 0 0 3328 0 0 0 
 0 0 3360 3738 0 0 0 3350 0 
 3892 3693 3623 0 0 3380 3870 0 0 
 0 0 3280 3252 0 3276 0 0 3868 
 0 0 3653 0 0 0 3561 0 3657 
 0 0 0 3425 0 0 3486 0 0 
 3951 0 0 3753 0 0 3461 0 3398 
 3622 
 541 633 583 0 550 0 0 0 0 
 0 545 0 549 0 608 0 0 604 
 0 0 0 585 0 0 0 0 0 
 0 0 646 0 0 0 0 567 0 
 0 644 0 0 643 546 0 572 0 
 0 0 0 634 0 0 585 0 580 
 0 0 0 0 0 585 558 0 604 
 0 547 0 0 0 0 578 0 580 
 0 570 0 0 589 618 627 0 0 
 607 0 0 0 0 0 0 576 650 
 0 0 0 657 0 0 0 0 658 
 588 
 0 0 500 0 531 0 535 0 457 
 0 0 0 0 0 529 478 541 0 
 0 0 0 491 525 497 0 0 0 
 0 534 548 519 0 542 0 0 457 
 518 0 0 0 0 0 0 496 0 
 0 0 461 522 0 0 507 0 526 
 541 468 536 524 525 0 0 526 525 
 479 0 0 0 0 542 0 0 514 
 0 537 0 482 500 0 460 0 0 
 500 0 0 0 0 524 0 0 0 
 450 0 511 490 0 0 0 0 0 
 0 
 0 0 1500 0 0 1603 0 0 0 
 0 0 0 1466 1422 1531 0 0 0 
 0 1528 1552 0 0 0 0 0 1614 
 0 0 0 1573 1383 0 0 0 0 
 1625 1514 0 1569 0 0 1353 1594 0 
 1565 0 0 0 0 0 0 1550 0 
 1524 1392 1549 0 0 1442 0 0 1367 
 0 0 0 0 1387 0 0 1490 0 
 0 0 1427 0 0 0 0 0 0 
 0 1399 1522 0 0 0 0 1390 0 
 1539 1490 1493 1389 0 0 0 0 1413 
 0 
 0 0 2546 2450 2545 0 2360 0 0 
 0 0 2631 2661 2542 2331 2641 2428 0 
 2447 0 2488 2659 0 0 0 0 2258 
 2285 0 2332 2451 0 2513 0 2281 0 
 0 2664 2443 2406 2621 0 0 2593 0 
 0 2674 0 0 2518 0 2652 0 0 
 0 0 2275 0 0 0 2525 0 0 
 2480 0 0 0 2441 0 2328 0 0 
 0 0 0 0 2534 0 2621 2462 0 
 2745 0 0 0 2252 2556 0 2654 0 
 0 2550 2636 0 2662 0 0 0 0 
 2650 
 0 0 0 0 0 0 0 0 955 
 0 0 866 0 0 0 822 0 984 
 0 0 0 848 933 0 0 958 813 
 0 0 0 972 827 0 0 0 958 
 0 0 0 0 0 867 0 928 929 
 915 0 892 0 0 0 0 0 947 
 0 0 0 0 909 811 974 0 858 
 0 0 942 884 0 973 904 0 0 
 0 0 0 0 815 0 934 834 914 
 972 954 0 0 0 0 0 848 901 
 0 0 0 927 861 0 0 0 935 
 937 
 847 0 0 0 849 771 863 0 792 
 756 758 0 778 862 0 0 0 0 
 0 0 808 0 807 0 0 781 0 
 773 834 847 0 834 726 769 862 730 
 0 0 0 0 0 840 0 0 0 
 0 0 0 0 765 805 0 814 765 
 762 0 0 0 750 722 0 0 812 
 0 0 0 799 0 0 0 0 728 
 0 0 749 722 0 826 0 866 0 
 865 0 0 0 0 855 0 808 872 
 797 792 0 0 0 844 0 811 764 
 0 
 1901 0 0 0 0 1874 1843 0 0 
 0 0 0 0 0 1798 0 0 0 
 0 0 0 1746 0 1897 0 0 0 
 0 1859 1696 1729 0 0 1931 0 1873 
 1643 0 0 0 1967 0 0 0 0 
 0 1730 1868 0 1792 0 0 0 0 
 0 0 1688 0 1824 1714 0 1738 0 
 0 1640 0 1936 0 0 1791 0 0 
 0 0 1812 1918 0 0 1827 1681 0 
 1733 0 0 1916 0 1691 0 1634 0 
 0 1859 0 0 1634 0 1793 0 0 
 1865 
 1185 0 0 0 0 0 0 0 1428 
 0 1200 0 0 0 0 1407 1204 0 
 1352 1369 1328 1365 1304 1406 1200 0 0 
 1216 0 1331 1340 1177 1284 0 0 0 
 0 0 0 0 0 0 0 0 0 
 0 1343 1237 1388 0 1372 1342 0 1287 
 0 1319 0 0 1384 0 0 1241 0 
 0 0 0 0 1374 1297 0 1307 0 
 0 1285 1230 0 0 0 1390 1399 0 
 1264 1185 0 0 0 1177 0 0 0 
 0 0 0 1417 1199 1393 0 0 1387 
 1232 
 0 1282 0 1406 0 0 0 1452 1368 
 1465 0 0 0 1514 0 0 1407 0 
 0 1477 1394 1344 0 0 1281 0 1457 
 0 0 0 1319 0 1369 1393 0 0 
 0 1377 1524 0 0 0 1412 0 0 
 1474 0 1334 0 1397 0 0 0 0 
 0 1424 0 1330 1431 0 1535 1442 0 
 1332 0 1489 1380 1287 0 1462 0 0 
 0 1267 0 1506 0 0 1471 1415 1401 
 0 0 0 1479 0 0 1265 0 0 
 1309 0 1511 0 0 0 1510 0 0 
 1533 
 0 277 277 0 287 323 0 0 282 
 298 0 274 0 0 277 0 324 313 
 0 300 303 0 0 271 0 302 294 
 0 272 0 288 288 277 0 316 0 
 302 0 317 0 276 0 327 306 289 
 0 0 0 0 0 0 0 0 291 
 0 0 0 283 0 275 311 0 0 
 295 329 329 0 0 0 282 270 0 
 0 0 0 329 0 0 0 309 304 
 312 321 318 326 0 0 0 322 270 
 0 0 0 0 283 0 318 301 300 
 315 
 2406 0 0 2172 2266 0 2296 0 0 
 2418 2196 2329 2345 0 0 0 2262 0 
 2354 0 0 0 0 0 0 2516 2468 
 0 2204 2434 0 2399 2388 0 2177 0 
 2436 0 2510 0 0 2164 0 2408 0 
 2240 0 0 0 0 0 2314 0 0 
 2151 0 0 2090 2503 2430 0 0 0 
 2267 2483 2167 2291 2399 0 2263 2301 0 
 2425 2120 0 0 0 2302 0 0 2324 
 2403 0 2123 0 2158 2208 0 0 0 
 0 0 0 0 2333 0 0 2327 2161 
 2211 
 567 613 658 623 628 0 0 570 0 
 0 0 0 0 0 0 549 0 0 
 0 0 617 656 572 0 0 0 612 
 0 0 0 570 0 0 0 0 589 
 597 0 637 0 0 600 0 0 621 
 0 0 0 0 0 596 0 0 561 
 0 553 543 620 0 0 0 0 0 
 0 0 0 0 0 617 0 582 0 
 560 608 0 647 649 653 0 625 550 
 0 0 545 0 0 568 625 605 0 
 577 0 0 566 0 618 631 0 0 
 0 
 2714 0 0 2616 2374 2747 0 2821 0 
 0 0 2656 0 2377 0 0 0 0 
 2580 2654 0 0 2795 2732 2468 0 0 
 0 0 0 2381 2526 2741 0 2595 2822 
 2676 2408 0 0 2821 2366 2758 2743 2465 
 0 0 2584 2792 2609 2488 0 0 0 
 0 0 0 0 0 2446 0 2780 2465 
 2572 0 0 0 2852 0 2515 0 2417 
 2471 0 0 2421 0 2518 0 0 0 
 0 2831 2712 2461 0 0 2573 0 0 
 0 2804 0 2424 0 0 2543 2794 0 
 0 
 1469 0 0 0 0 0 0 0 0 
 0 0 0 0 1606 0 1741 0 1660 
 1507 0 0 1465 0 0 1501 1710 0 
 0 0 0 0 1562 0 1653 0 1719 
 1506 1689 0 0 0 0 1755 1466 0 
 0 0 0 1544 1477 0 1638 0 0 
 0 0 0 0 0 1576 1452 0 1488 
 1609 1581 1650 1636 0 1453 0 0 1723 
 1468 1628 1615 1612 0 0 0 0 0 
 1462 0 0 0 1455 0 0 0 1460 
 1561 1593 0 1577 0 1479 0 0 0 
 0 
 0 0 0 0 1059 1072 0 1179 0 
 0 1032 0 1093 1056 0 1089 0 996 
 1052 0 1191 0 0 0 0 1180 1114 
 0 0 1019 1047 0 0 0 0 0 
 1050 0 0 0 1074 0 1142 0 0 
 0 0 0 0 1150 0 0 1195 0 
 1096 1144 1160 1086 0 0 0 0 1167 
 1176 0 1157 1180 0 1005 1127 1204 1012 
 1142 0 1207 1040 0 0 0 0 1037 
 0 0 0 0 1065 1110 0 0 1042 
 0 1038 1147 0 0 0 0 0 1007 
 990 
 0 0 680 0 0 643 0 0 736 
 0 704 0 0 0 0 0 0 677 
 0 0 721 0 650 0 686 706 0 
 0 758 0 0 744 630 0 0 0 
 652 0 0 0 675 638 0 0 674 
 642 0 0 696 710 678 0 744 671 
 755 0 0 0 0 0 0 0 0 
 751 693 648 0 0 0 0 734 0 
 0 632 682 0 632 0 739 0 0 
 698 0 680 660 0 0 727 0 0 
 0 726 0 642 654 0 0 0 762 
 0 
 3904 0 0 0 4502 0 0 0 3896 
 0 0 4388 0 0 4035 0 0 0 
 0 0 4019 0 0 0 4300 4506 4392 
 0 3957 0 0 0 0 4398 4212 3721 
 0 0 4127 4465 4270 0 3957 3946 0 
 0 4480 0 0 0 4072 0 3955 3911 
 0 0 0 0 0 0 0 0 3830 
 0 0 4222 4349 3821 0 3887 0 4274 
 4221 4134 0 3906 4326 4462 3850 3989 0 
 0 4177 3757 3889 0 3768 3772 0 0 
 0 0 4086 0 0 0 0 0 4101 
 0 
 3490 0 0 0 0 3448 3773 0 0 
 3572 3598 0 0 0 3385 3454 3635 3277 
 0 3267 3366 0 0 0 3548 0 3227 
 0 0 3498 0 0 0 3724 3406 3367 
 0 0 0 3538 3423 0 3459 0 3378 
 0 0 0 0 3222 0 3530 0 3711 
 0 0 3500 0 3702 0 0 0 3523 
 3397 3582 3181 0 3306 3762 0 3783 3523 
 3479 0 0 0 0 0 3775 0 0 
 0 3372 3349 3318 3427 0 3719 3815 3518 
 0 0 0 0 0 0 3272 0 0 
 3668 
 0 0 0 2685 0 0 0 0 2491 
 2669 2693 2646 0 2517 0 2340 0 0 
 2677 0 0 0 2548 2737 0 0 0 
 2792 0 0 0 0 2762 2656 0 0 
 2351 0 0 2836 0 0 0 0 2463 
 2623 0 0 0 0 0 0 2711 0 
 0 0 0 2510 0 0 0 2766 2734 
 0 2364 0 0 0 0 0 2461 0 
 2566 0 0 0 2805 0 2637 2667 2788 
 2744 2814 0 2799 0 0 0 0 0 
 2791 2353 0 0 0 0 0 2618 0 
 2445 
 0 0 0 815 0 0 0 823 0 
 0 821 0 969 0 0 978 0 842 
 890 0 885 895 0 0 944 0 0 
 0 899 0 0 954 918 0 0 0 
 0 0 0 0 0 0 0 0 0 
 883 0 812 0 853 871 0 887 974 
 0 0 0 863 896 814 851 0 895 
 844 0 906 0 0 0 0 0 0 
 0 905 0 0 814 923 0 0 850 
 906 960 0 0 943 0 827 0 0 
 905 0 0 835 0 0 900 898 0 
 0 
 1353 0 1511 0 0 0 1634 0 0 
 1419 1408 1422 0 0 0 0 1504 0 
 0 0 0 1552 1614 0 1472 1508 0 
 1516 0 0 0 1385 1554 0 0 0 
 0 0 0 0 0 1504 1469 1589 1497 
 0 1507 0 0 0 0 0 0 0 
 1552 0 1365 0 0 1617 0 1497 1532 
 1640 0 0 1611 0 0 1537 1609 1570 
 1490 0 0 1590 0 0 0 1619 1361 
 0 0 0 1590 0 0 0 1400 1580 
 0 0 0 1397 1539 1452 0 0 1446 
 0 
 294 329 0 0 0 297 321 0 280 
 299 0 0 310 291 316 0 317 0 
 324 0 0 0 310 0 0 0 327 
 291 0 0 0 322 0 299 0 0 
 274 278 0 0 0 0 0 306 0 
 0 0 291 0 293 279 315 0 0 
 306 0 0 324 0 297 319 300 0 
 304 311 0 0 275 292 320 0 310 
 0 0 0 0 303 0 0 274 0 
 307 0 0 0 0 307 0 285 303 
 0 325 0 305 289 0 0 0 276 
 323 
 0 0 102 0 0 0 0 0 107 
 0 102 0 0 0 0 95 0 0 
 0 102 90 0 0 0 0 0 0 
 0 96 0 90 91 96 90 0 99 
 0 0 0 103 105 0 0 108 0 
 0 0 108 91 97 0 0 93 0 
 92 0 109 104 107 96 0 98 0 
 97 0 0 0 109 0 108 0 92 
 90 97 105 107 92 0 0 0 93 
 91 104 0 92 0 0 0 0 96 
 108 0 0 0 109 0 0 100 0 
 0 
 186 0 0 0 0 0 218 0 199 
 209 200 0 0 0 214 188 0 0 
 0 0 0 188 0 192 206 211 212 
 0 0 204 0 0 205 198 190 0 
 193 0 192 0 0 193 206 181 190 
 211 195 0 0 201 0 0 0 199 
 183 0 0 213 194 201 213 218 186 
 216 0 188 187 0 0 0 190 0 
 0 184 0 215 0 213 0 194 0 
 0 0 208 0 0 0 203 200 0 
 0 0 193 195 208 0 215 213 194 
 204 
 0 0 2134 2210 0 2380 0 2352 1989 
 0 0 2353 0 0 0 2411 2404 2406 
 2343 0 0 0 0 0 0 0 0 
 0 2337 2032 2188 1987 0 0 0 2384 
 0 0 2340 2368 0 2051 0 2190 0 
 0 0 2161 2385 2264 0 0 0 2263 
 0 2336 0 0 2415 0 2224 0 0 
 0 1981 0 2296 2192 0 0 2084 0 
 0 0 0 0 0 2150 0 2290 0 
 2196 0 2374 2195 2311 0 0 0 2346 
 2372 2303 0 0 0 0 2185 2388 0 
 0 
 0 0 2775 2683 0 2721 0 0 0 
 2908 2932 0 2481 0 0 2687 2870 0 
 0 0 2950 0 0 2854 0 0 0 
 2665 0 2839 0 2565 0 0 2759 0 
 0 0 0 2736 2858 0 0 0 2839 
 2715 2857 2531 0 2737 2789 0 0 0 
 0 0 2484 0 2686 2522 0 0 0 
 0 0 0 2792 2921 2719 0 2555 0 
 0 0 2852 2715 0 0 2818 0 0 
 0 0 0 2752 0 0 2513 2508 2465 
 2627 0 0 0 2493 2695 2576 0 0 
 0 
 0 0 0 0 0 2053 0 0 0 
 0 1927 0 0 2162 0 2191 1931 0 
 2148 1948 0 0 1819 2120 0 0 0 
 0 0 0 1862 0 2004 2123 2195 1853 
 2155 2192 2163 0 0 0 2066 1975 2003 
 0 1865 1949 0 0 0 0 0 0 
 2152 0 0 0 0 1831 1817 0 1895 
 0 1898 0 0 2054 1966 2102 0 0 
 1827 0 1967 0 2058 2064 1873 2141 0 
 1807 0 1939 1846 2181 2023 2062 2042 2058 
 2030 0 0 0 0 1954 1954 1936 2024 
 0 
 1138 0 0 0 1125 0 1175 0 1112 
 1067 0 1207 1006 1043 0 0 1086 0 
 0 1189 0 1023 1046 0 0 1157 1172 
 1000 1021 0 1034 0 1172 1004 0 1105 
 1193 0 1022 0 0 1043 1029 0 0 
 1134 1117 0 0 0 0 0 1161 0 
 1150 0 0 0 0 1107 0 0 0 
 0 0 1120 1174 0 1035 0 1038 0 
 0 0 0 0 1156 1021 0 0 1002 
 0 0 0 1042 1023 0 1030 1086 0 
 0 0 0 0 1159 0 1141 1142 0 
 1114 
 0 1261 1114 1223 0 1194 1144 1142 0 
 1104 1178 0 0 0 0 0 1292 0 
 0 0 0 0 0 0 1223 1111 1190 
 0 1316 0 0 1097 1275 1095 0 0 
 1202 0 1260 0 0 1103 0 1261 0 
 0 0 0 1142 1208 1102 0 1106 1092 
 0 1232 0 0 0 0 1210 1214 1124 
 1260 0 1146 0 0 0 0 0 1303 
 0 1106 0 0 1284 0 1275 0 0 
 1249 1299 1190 1149 0 0 0 0 1175 
 1291 1310 1115 0 0 0 0 1245 0 
 0 
 913 933 0 0 0 1021 0 0 0 
 981 0 0 999 1024 1098 0 952 0 
 902 909 0 1079 1096 0 0 1051 1035 
 0 0 1001 996 968 989 0 0 0 
 1080 1016 0 0 0 0 0 1038 0 
 0 0 1047 0 1090 0 0 931 0 
 927 0 0 937 0 0 986 0 0 
 983 0 0 0 0 0 0 0 0 
 950 931 918 1054 0 0 0 0 992 
 1023 944 931 0 0 0 1038 0 951 
 0 0 0 1024 923 1039 0 982 924 
 1071 
 950 0 0 0 816 0 0 0 949 
 0 843 846 0 820 921 831 0 0 
 899 0 0 0 0 914 0 869 971 
 839 818 955 0 0 0 919 0 0 
 939 976 844 984 0 0 0 0 981 
 975 0 0 0 984 0 0 0 0 
 987 0 0 0 0 948 866 887 929 
 0 0 948 0 878 819 831 0 845 
 913 970 0 0 0 913 919 0 0 
 0 907 0 0 0 0 0 0 0 
 0 0 976 957 0 834 0 0 0 
 0 
 1740 1861 1730 0 0 1824 0 0 0 
 0 1599 1705 0 1807 1807 0 0 1604 
 0 0 1831 0 1844 0 1570 1584 0 
 0 0 0 0 1696 0 0 0 1731 
 0 1623 1582 1654 0 1810 1619 0 0 
 0 0 0 0 0 1812 1545 0 1559 
 0 1863 0 1537 0 0 1544 1670 1563 
 0 0 0 1578 0 0 1592 1841 1854 
 0 0 0 0 1601 0 1639 1548 1826 
 0 1635 1824 1865 0 0 1756 0 1551 
 0 0 0 0 1760 0 0 0 0 
 0 
