 30 10 1 
 91 59 0 
 91 60 0 
 78 89 0 
 63 86 0 
 92 51 0 
 55 98 0 
 81 74 0 
 82 80 0 
 64 69 0 
 56 85 0 
 36 46 20 23 0 
 33 32 20 24 0 
 36 35 20 33 0 
 46 34 20 23 0 
 25 40 20 39 0 
 39 29 20 38 0 
 40 46 20 36 0 
 28 40 20 33 0 
 47 41 20 29 0 
 33 35 20 27 0 
 43 36 20 26 0 
 36 41 20 28 0 
 32 43 20 32 0 
 39 44 20 26 0 
 29 42 20 36 0 
 43 35 20 23 0 
 42 35 20 21 0 
 28 28 20 28 0 
 41 43 20 24 0 
 32 40 20 33 0 
 26 41 20 29 0 
 39 32 20 21 0 
 49 35 20 20 0 
 25 26 20 30 0 
 46 37 20 24 0 
 29 48 20 21 0 
 33 41 20 27 0 
 26 36 20 30 0 
 39 40 20 33 0 
 27 42 20 26 0 
