 30 10 1 
 209 138 0 
 194 168 0 
 150 195 0 
 128 213 0 
 205 151 0 
 203 228 0 
 212 235 0 
 142 237 0 
 150 137 0 
 177 193 0 
 69 63 20 38 0 
 102 114 20 35 0 
 113 74 20 36 0 
 99 102 20 23 0 
 123 82 20 24 0 
 68 116 20 35 0 
 66 103 20 27 0 
 63 98 20 32 0 
 84 114 20 33 0 
 107 88 20 23 0 
 120 90 20 39 0 
 67 83 20 26 0 
 69 94 20 37 0 
 70 104 20 32 0 
 102 103 20 35 0 
 118 113 20 23 0 
 120 99 20 23 0 
 68 122 20 27 0 
 110 93 20 20 0 
 65 66 20 25 0 
 112 96 20 31 0 
 124 119 20 24 0 
 64 87 20 36 0 
 118 70 20 23 0 
 66 102 20 28 0 
 122 89 20 27 0 
 91 123 20 31 0 
 115 69 20 27 0 
 80 85 20 28 0 
 103 94 20 36 0 
