 30 10 1 
 51 67 0 
 89 94 0 
 84 52 0 
 63 72 0 
 54 80 0 
 53 91 0 
 80 91 0 
 73 80 0 
 53 58 0 
 57 93 0 
 42 46 20 37 0 
 34 29 20 24 0 
 44 34 20 35 0 
 28 48 20 33 0 
 29 28 20 20 0 
 47 37 20 37 0 
 33 37 20 32 0 
 33 31 20 30 0 
 47 45 20 26 0 
 40 34 20 25 0 
 36 29 20 27 0 
 41 30 20 24 0 
 42 44 20 21 0 
 27 34 20 20 0 
 36 41 20 33 0 
 42 25 20 20 0 
 33 47 20 21 0 
 46 30 20 20 0 
 45 32 20 33 0 
 46 36 20 21 0 
 41 42 20 28 0 
 36 34 20 35 0 
 39 35 20 22 0 
 49 27 20 23 0 
 49 48 20 29 0 
 49 49 20 30 0 
 46 38 20 37 0 
 30 25 20 29 0 
 28 25 20 23 0 
 31 26 20 21 0 
