 30 10 1 
 132 165 0 
 132 246 0 
 151 164 0 
 136 215 0 
 141 184 0 
 196 144 0 
 187 159 0 
 131 161 0 
 236 193 0 
 207 203 0 
 118 92 20 29 0 
 75 90 20 37 0 
 123 103 20 22 0 
 73 108 20 39 0 
 86 63 20 39 0 
 93 68 20 27 0 
 82 111 20 35 0 
 74 92 20 35 0 
 85 70 20 25 0 
 96 80 20 29 0 
 120 105 20 33 0 
 119 75 20 33 0 
 73 103 20 20 0 
 80 121 20 39 0 
 78 105 20 24 0 
 67 124 20 38 0 
 91 75 20 34 0 
 106 86 20 33 0 
 102 78 20 28 0 
 115 122 20 32 0 
 80 87 20 35 0 
 111 82 20 35 0 
 124 71 20 21 0 
 71 82 20 29 0 
 88 94 20 33 0 
 74 102 20 37 0 
 105 89 20 20 0 
 82 121 20 30 0 
 110 80 20 34 0 
 82 115 20 23 0 
