900 2450 635 2500     
10000 2500 600 2500     
10000 2500 600 2500     
10000 2500 600 2500 
20000  2500 1000 2500     
17000 2500 600 2500     
12000 2500 600 2500         
7000 2500 1000 2500     
6000 2500 1000 2500     
6000 2500 600 2500     
5000 2500 600 2500     
5000 2500 600 2500     
5000 2500 600 2500     
4000 2500 600 2500               
900 2450 635 2500     
900 2450 635 2500     
900 2450 635 2500     
900 2450 635 2500     
900 2450 635 2500     
900 2450 635 2500     
900 2450 635 2500     
900 2450 635 2500     
900 2450 635 2500     
900 2450 635 2500     
900 2450 635 2500     
900 2450 635 2500     
900 2450 635 2500     
900 2450 635 2500     
900 2450 635 2500     
900 2450 635 2500     
900 2450 635 2500     
900 2450 635 2500     
900 2450 635 2500     
900 2450 635 2500     
900 2450 635 2500     
900 2450 635 2500     
900 2450 635 2500     
900 2450 635 2500     
900 2450 635 2500     
900 2450 635 2500     
900 2450 635 2500     
900 2450 635 2500     
900 2450 635 2500     
900 2450 635 2500     
900 2450 635 2500     
900 2450 635 2500     
900 2450 635 2500     
900 2450 635 2500     
900 2450 635 2500     
900 2450 635 2500     
900 2450 635 2500     
900 2450 635 2500     
900 2450 635 2500     
900 2450 635 2500     
900 2450 635 2500     
900 2450 635 2500     
900 2450 635 2500     
900 2450 635 2500     
900 2450 635 2500     
900 2450 635 2500     
900 2450 635 2500     
900 2450 635 2500     
900 2450 635 2500     
900 2450 635 2500     
900 2450 635 2500     
900 2450 635 2500     
900 2450 635 2500     
900 2450 635 2500     
900 2450 635 2500     
900 2450 635 2500     
900 2450 635 2500     
900 2450 635 2500     
900 2450 635 2500     
900 2450 635 2500     
900 2450 635 2500     
900 2450 635 2500     
900 2450 635 2500     
900 2450 635 2500     
900 2450 635 2500     
900 2450 635 2500     
900 2450 635 2500     
900 2450 635 2500     
900 2450 635 2500     
900 2450 635 2500     
900 2450 635 2500     
900 2450 635 2500     
900 2450 635 2500     
900 2450 635 2500     
900 2450 635 2500     
900 2450 635 2500     
900 2450 635 2500     
900 2450 635 2500     
900 2450 635 2500     
900 2450 635 2500     
900 2450 635 2500     
900 2450 635 2500     
900 2450 635 2500     
900 2450 635 2500     
900 2450 635 2500     
900 2450 635 2500     
900 2450 635 2500     
900 2450 635 2500     
900 2450 635 2500     
900 2450 635 2500     
900 2450 635 2500     
900 2450 635 2500     
900 2450 635 2500     
900 2450 635 2500     
900 2450 635 2500     
900 2450 635 2500     
900 2450 635 2500     
900 2450 635 2500     
900 2450 635 2500     
900 2450 635 2500     
900 2450 635 2500     
900 2450 635 2500     
900 2450 635 2500     
900 2450 635 2500     
900 2450 635 2500     
900 2450 635 2500     
900 2450 635 2500     
900 2450 635 2500     
900 2450 635 2500     
900 2450 635 2500     
900 2450 635 2500     
900 2450 635 2500     
900 2450 635 2500     
900 2450 635 2500     
900 2450 635 2500     
900 2450 635 2500     
900 2450 635 2500     
900 2450 635 2500     
900 2450 635 2500     
900 2450 635 2500     
900 2450 635 2500     
900 2450 635 2500     
900 2450 635 2500     
900 2450 635 2500     
900 2450 635 2500     
900 2450 635 2500     
900 2450 635 2500     
900 2450 635 2500     
900 2450 635 2500     
900 2450 635 2500     
900 2450 635 2500     
900 2450 635 2500     
900 2450 635 2500     
900 2450 635 2500     
900 2450 635 2500     
900 2450 635 2500     
900 2450 635 2500     
900 2450 635 2500     
900 2450 635 2500     
900 2450 635 2500     
900 2450 635 2500     
900 2450 635 2500     
900 2450 635 2500     
900 2450 635 2500     
900 2450 635 2500     
900 2450 635 2500     
900 2450 635 2500     
900 2450 635 2500     
900 2450 635 2500     
900 2450 635 2500     
900 2450 635 2500     
900 2450 635 2500     
900 2450 635 2500     
900 2450 635 2500     
900 2450 635 2500     
900 2450 635 2500     
900 2450 635 2500     
900 2450 635 2500     
900 2450 635 2500     
900 2450 635 2500     
900 2450 635 2500     
900 2450 635 2500     
900 2450 635 2500     
900 2450 635 2500     
900 2450 635 2500     
900 2450 635 2500     
900 2450 635 2500     
900 2450 635 2500     
900 2450 635 2500     
900 2450 635 2500     
900 2450 635 2500     
900 2450 635 2500     
900 2450 635 2500     
900 2450 635 2500     
900 2450 635 2500     
900 2450 635 2500     
900 2450 635 2500     
900 2450 635 2500     
900 2450 635 2500     
900 2450 635 2500     
900 2450 635 2500     
900 2450 635 2500     
900 2450 635 2500     
900 2450 635 2500     
900 2450 635 2500     
900 2450 635 2500     
900 2450 635 2500     
900 2450 635 2500     
900 2450 635 2500     
900 2450 635 2500     
900 2450 635 2500     
900 2450 635 2500     
900 2450 635 2500     
900 2450 635 2500     
900 2450 635 2500     
900 2450 635 2500     
900 2450 635 2500     
900 2450 635 2500     
900 2450 635 2500     
900 2450 635 2500     
900 2450 635 2500     
900 2450 635 2500     
900 2450 635 2500     
900 2450 635 2500     
900 2450 635 2500     
900 2450 635 2500     
900 2450 635 2500     
900 2450 635 2500     
900 2450 635 2500     
900 2450 635 2500     
900 2450 635 2500     
900 2450 635 2500     
900 2450 635 2500     
900 2450 635 2500     
900 2450 635 2500     
900 2450 635 2500     
900 2450 635 2500     
900 2450 635 2500     
900 2450 635 2500     
900 2450 635 2500     
900 2450 635 2500     
900 2450 635 2500     
900 2450 635 2500     
900 2450 635 2500     
900 2450 635 2500     
900 2450 635 2500     
900 2450 635 2500     
900 2450 635 2500     
900 2450 635 2500     
900 2450 635 2500     
900 2450 635 2500     
900 2450 635 2500     
900 2450 635 2500     
900 2450 635 2500     
900 2450 635 2500     
900 2450 635 2500     
900 2450 635 2500     
900 2450 635 2500     
900 2450 635 2500     
900 2450 635 2500     
900 2450 635 2500     
900 2450 635 2500     
900 2450 635 2500     
900 2450 635 2500     
900 2450 635 2500     
900 2450 635 2500     
900 2450 635 2500     
900 2450 635 2500     
900 2450 635 2500     
900 2450 635 2500     
900 2450 635 2500     
900 2450 635 2500     
900 2450 635 2500     
900 2450 635 2500     
900 2450 635 2500     
900 2450 635 2500     
900 2450 635 2500     
900 2450 635 2500     
900 2450 635 2500     
900 2450 635 2500     
900 2450 635 2500     
900 2450 635 2500     
900 2450 635 2500     
900 2450 635 2500     
900 2450 635 2500     
900 2450 635 2500     
900 2450 635 2500     
900 2450 635 2500     
900 2450 635 2500     
900 2450 635 2500     
900 2450 635 2500     
900 2450 635 2500     
900 2450 635 2500     
900 2450 635 2500     
900 2450 635 2500     
900 2450 635 2500     
900 2450 635 2500     
900 2450 635 2500     
900 2450 635 2500     
900 2450 635 2500     
900 2450 635 2500     
900 2450 635 2500     
900 2450 635 2500     
900 2450 635 2500     
900 2450 635 2500     
900 2450 635 2500     
900 2450 635 2500     
900 2450 635 2500     
900 2450 635 2500     
900 2450 635 2500     
900 2450 635 2500     
900 2450 635 2500     
900 2450 635 2500     
900 2450 635 2500     
900 2450 635 2500     
900 2450 635 2500     
900 2450 635 2500     
900 2450 635 2500     
900 2450 635 2500     
900 2450 635 2500     
900 2450 635 2500     
900 2450 635 2500     
900 2450 635 2500     
900 2450 635 2500     
900 2450 635 2500     
900 2450 635 2500     
900 2450 635 2500     
900 2450 635 2500     
900 2450 635 2500     
900 2450 635 2500     
900 2450 635 2500     
900 2450 635 2500     
900 2450 635 2500     
900 2450 635 2500     
900 2450 635 2500     
900 2450 635 2500     
900 2450 635 2500     
900 2450 635 2500     
900 2450 635 2500     
900 2450 635 2500     
900 2450 635 2500     
900 2450 635 2500     
900 2450 635 2500     
900 2450 635 2500     
900 2450 635 2500     
900 2450 635 2500     
900 2450 635 2500     
900 2450 635 2500     
900 2450 635 2500     
900 2450 635 2500     
900 2450 635 2500     
900 2450 635 2500     
900 2450 635 2500     
900 2450 635 2500     
900 2450 635 2500     
900 2450 635 2500     

