 446 21 183 62 0 37 0 0 0 1 
 670 53 288 137 0 43 0 0 1 0 
 1459 69 288 225 3 63 0 0 1 0 
 613 95 73 92 0 12 0 0 0 1 
 2043 256 1050 253 27 118 1 0 0 0 
 686 46 436 137 18 27 0 0 0 1 
 2227 620 981 305 0 159 1 0 0 0 
 696 93 354 81 0 31 0 0 0 1 
 1027 148 578 187 0 42 0 0 1 0 
 1155 113 545 126 31 90 0 1 0 0 
 620 115 565 76 5 49 0 0 0 1 
 984 138 198 166 0 32 0 0 1 0 
 880 78 488 119 9 29 0 0 1 0 
 440 51 217 50 0 20 0 0 0 1 
 667 281 111 116 0 29 0 0 0 1 
 685 50 191 92 11 15 0 0 0 1 
 2545 210 763 320 9 82 0 0 1 0 
 919 61 419 173 0 49 0 0 1 0 
 1259 82 496 195 0 56 0 1 0 0 
 734 33 142 46 26 48 0 0 0 1 
 1760 742 1061 167 0 141 1 0 0 0 
 1487 479 521 240 3 42 0 0 1 0 
 1106 170 430 164 3 37 0 1 0 0 
 962 131 152 122 0 33 0 0 0 1 
 1238 67 490 157 4 60 0 1 0 0 
 1208 89 397 158 26 49 0 0 0 1 
 1920 191 544 268 0 81 0 1 0 0 
 1758 196 1162 237 9 105 0 0 1 0 
 1211 79 540 157 0 52 0 0 1 0 
 1409 122 527 263 0 94 0 1 0 0 
 3337 654 1780 707 0 211 1 0 0 0 
 908 120 336 162 5 36 0 0 0 1 
 1492 127 613 152 18 102 0 0 0 1 
 1346 78 250 223 0 64 0 1 0 0 
 1620 420 1224 199 2 124 1 0 0 0 
 691 65 407 122 2 27 0 0 0 1 
 1324 144 565 189 13 104 0 1 0 0 
 927 148 359 147 0 43 0 0 1 0 
 947 146 724 236 7 54 0 0 1 0 
 370 32 102 58 1 10 0 0 0 1 
 360 73 122 89 0 7 0 0 0 1 
 849 32 258 158 3 53 0 1 0 0 
 764 89 317 132 0 31 0 0 1 0 
 560 99 196 100 0 24 0 0 0 1 
 1029 126 391 164 2 39 0 0 0 1 
 619 21 136 73 0 13 0 0 0 1 
 1381 254 812 292 0 71 0 1 0 0 
 2253 131 360 354 7 94 0 0 1 0 
 768 38 324 142 0 25 0 0 0 1 
 696 73 408 121 0 29 0 0 0 1 
 421 18 105 57 0 15 0 0 0 1 
 1714 112 945 269 15 77 0 1 0 0 
