 528 64 254 145 0 26 0 0 0 1 
 2605 301 1485 381 16 54 0 1 0 0 
 304 23 45 44 3 3 0 0 0 1 
 1620 485 940 287 0 48 0 1 0 0 
 490 90 106 91 8 22 0 0 0 1 
 2675 767 2967 352 4 166 1 0 0 0 
 422 0 298 70 12 19 0 0 0 1 
 986 126 776 203 0 32 0 0 1 0 
 523 32 39 60 0 17 0 0 0 1 
 585 87 353 80 17 27 0 1 0 0 
 931 161 293 191 0 20 0 0 0 1 
 1060 91 781 139 0 37 0 0 0 1 
 500 109 215 104 0 19 0 0 0 1 
 714 77 269 132 0 24 0 0 0 1 
 923 121 392 135 10 31 0 0 1 0 
 1267 128 546 169 0 31 0 0 1 0 
 891 116 925 125 0 24 0 1 0 0 
 1395 571 764 176 14 27 0 1 0 0 
 990 83 615 28 36 57 0 0 0 1 
 3512 267 3182 511 23 153 1 0 0 0 
 1451 226 791 198 0 53 0 0 1 0 
 1018 81 741 161 5 29 0 1 0 0 
 1115 450 347 148 4 32 0 0 0 1 
 2055 112 2945 207 1 47 0 1 0 0 
 440 74 453 115 0 9 0 0 1 0 
 3897 841 2331 353 28 65 1 0 0 0 
 836 81 695 129 0 37 0 0 0 1 
 1007 50 98 174 7 23 0 0 1 0 
 1188 170 879 253 0 38 0 0 1 0 
 4630 628 4838 544 0 217 1 0 0 0 
 977 77 490 94 26 26 0 0 1 0 
 829 61 291 128 17 25 0 0 0 1 
 898 39 327 190 1 18 0 0 0 1 
 901 131 956 168 9 50 0 1 0 0 
 924 119 512 119 37 48 0 1 0 0 
 1251 62 563 193 13 43 0 0 1 0 
 1011 235 714 217 0 36 0 1 0 0 
 732 94 297 151 3 23 0 0 1 0 
 444 46 277 49 2 19 0 0 1 0 
 308 28 154 57 0 7 0 0 0 1 
 483 40 531 117 0 23 0 0 0 1 
 515 68 305 79 7 23 0 0 0 1 
 593 82 85 101 1 9 0 0 0 1 
 570 26 130 71 20 11 0 0 0 1 
 1317 123 1043 293 1 39 0 0 1 0 
 2013 149 1523 403 2 51 0 1 0 0 
 992 89 743 161 1 30 0 0 1 0 
 1038 82 513 151 13 47 0 0 1 0 
 206 1 72 16 0 6 0 0 0 1 
 1193 95 485 240 0 32 0 0 0 1 
