 12293 61 8000 17030 1280 1410 
 18400 92 9000 25890 2779 1523 
 16789 92.65 13694 29076 2372 1354 
 10700 45 4250 17506 1385 822 
 9800 50 6500 23208 639 746 
 6500 29 7000 12946 802 1281 
 8200 56 4500 18001 1130 1016 
 8680 45 5000 14473 1097 1070 
 33800 183 27000 31760 5559 1694 
 23710 156 21560 50972 15010 1910 
 24000 120 15000 39523 4799 1745 
 17500 75 8500 13076 3489 1353 
 25000 130 35000 35427 1704 500 
 26000 122 18000 27554 2882 1016 
 26830 178.513 59750 53848 14208 2500 
 16600 106 19200 38253 1480 2293 
 90000 450 40000 109404 83016 2718 
 11140 73.624 8466 18198 1278 2877 
 25868 136 16000 40891 7599 4150 
 32700 191.295 10000 45444 5556 4421 
 29117 152.864 25000 35623 2121 3883 
 18000 100 14000 20192 5515 3519 
 11100 60 12500 34973 10475 32366 
 23030 137.778 17260 32284 14498 3393 
 10656 58 7000 17920 7585 4489 
 24682 152.095 14000 42094 3742 2217 
 26908 120 16400 35422 14236 4641 
 16464 80 13000 19100 3529 5968 
 57000 321 30000 72167 8656 8715 
 17532 94.747 12530 19970 1714 5968 
 30035 168 31500 39183 4919 5607 
 16000 100 10000 32048 3483 7324 
 63700 277 22000 68877 12279 8685 
 18000 90 10000 29812 3332 8685 
 27339 139.134 16000 47686 2507 5420 
 19500 116 10000 33415 4738 7703 
 13000 80 9000 12359 4603 4665 
 15370 102 16439 23614 2989 6317 
 18446 90 14500 36069 1793 31839 
 56000 260 39000 76307 9539 15619 
 73845 364.951 24927 40706 12661 30213 
 28600 145 13858 39267 4609 34719 
 27000 243 33375 29509 11323 31839 
 52423 279.816 29044 44482 5542 34719 
 73759 363.388 32257 61365 20550 32366 
 20500 80 8800 49671 3306 43561 
 27100 115 47000 40425 10396 31263 
 15000 110 12000 33034 4915 31263 
 50895 277.852 28000 69163 4688 15173 
 19707 128 13300 28931 16735 73064 
 17994 78.8 13500 29758 4260 62309 
 36135 167.222 24000 40927 8285 23166 
 30000 153 16000 40403 2131 99836 
 26195 125 17000 38730 2539 60348 
 28000 216 25000 35978 2502 99836 
 24658 152.551 16000 37509 6278 99836 
 36850 190 20000 46950 10715 85925 
 29250 183.69 14000 35966 3144 85925 
 50000 250 22000 68318 8015 108987 
 40078 265.443 21879 69537 7778 108987 
 20200 110 15000 25425 2812 201404 
 12500 75 10000 19508 2454 201404 
 30890 195 20000 28191 3367 201404 
 31000 175 18000 37073 8624 108987 
 31277 192.992 19051 23763 3496 201404 
 11500 75 15000 28642 3366 201404 
 30000 175.668 10000 35919 3868 201404 
 38383 190 24000 54653 26494 108987 
 2075 8.65 1800 6276 3413 60348 
