 9.130 7.525 34.114 21.958 3.840 
 13.600 8.301 23.270 35.966 8.632 
 5.76 10.909 13.392 11.527 4.931 
 11.24 16.621 36.817 27.552 9.522 
 15.570 22.809 95.776 23.611 12.266 
 5.65 1.777 0.156 1.314 39.011 
 21.6 15.107 70.958 54.216 10.809 
 8.57 7.919 48.688 14.032 5.923 
 6.01 7.066 36.304 5.445 2.936 
 8.02 8.858 43.610 13.774 4.274 
 9.93 8.999 36.852 20.661 8.151 
 7.9 8.278 45.222 6.191 5.327 
 5.15 6.763 18.704 10.62 3.54 
 6.42 8.984 13.6 12.319 3.752 
 5.94 7.686 25.906 8.242 2.483 
 8.68 7.227 16.965 17.581 6.274 
 4.860 3.356 23.672 4.298 2.482 
 10.330 8.558 30.54 17.77 8.005 
 21.97 12.234 92.02 29.53 14.763 
 9.7 7.674 41.162 13.272 4.503 
 6.34 8.168 16.613 8.264 5.047 
 7.7 7.884 15.749 14.502 3.034 
 5.99 5.666 27.546 5.243 3.41 
 5.2 6.923 12.613 4.298 3.04 
 6.36 7.352 23.510 5.744 4.207 
 8.87 6.456 38.1 9.645 3.093 
 10.71 13.642 23.862 14.631 4.631 
 6.49 7.675 17.972 8.269 2.756 
 15.32 15.341 55.415 16.361 12.53 
 7 8.369 14.918 9.883 4.328 
 10.5 9.608 37.910 13.493 5.035 
 10.88 10.648 36.962 14.248 4.844 
 8.52 8.967 24.672 11.841 3.753 
 7.61 6.111 31.734 7.657 2.872 
 10.91 9.778 42.725 12.169 4.657 
 9.72 7.713 5.897 14.6 9.251 
 12.63 11.082 41.586 16.42 5.647 
 11.51 9.066 28.491 16.284 5.962 
 6.22 6.627 14.667 7.703 3.083 
 5.29 3.958 20.416 1.961 1.835 
 8.78 6.558 31.72 8.596 4.831 
 13.5 4.769 26.469 20.877 4.17 
 12.6 6.68 30.28 9.085 19.449 
 8.1 8.103 9.708 8.534 7.502 
 9.67 6.004 19.46 10.708 8.033 
 12.37 11.253 28.5 12.528 6.741 
 9.5 8.674 23.542 8.992 3.664 
 11.47 10.3 15.576 13.74 6.458 
 11.78 12.221 14.325 10.1 5.021 
 12.57 10.432 18.306 16.387 3.924 
 50.26 32.331 150 45.099 19.579 
 12.7 9.5 22.391 14.9 5.803 
 13.3 7.53 21.99 14.655 8.324 
 5.6 3.727 12.208 5.388 2.837 
 11.75 5.198 13.28 13.618 7.104 
 8.47 6.149 19.453 6.505 3.3 
 8.36 5.959 17.11 4.655 3.077 
 11.070 7.247 16.338 8.686 6.62 
 10.38 7.761 16.44 6.014 3.313 
 11.83 5.347 12.410 12.238 4.567 
 12.710 6.32 13.632 8.53 5.161 
 11.19 6.578 10.9 3.523 3.456 
