15
4.836601423
4.96762636
20
0.1917364616 0.5732747021
0.1509056965 0.07243408751
0.4980849906 0.4405064939
0.03649591183 0.4630736684
0.04766884432 0.5626078065
0.2026709854 0.9588278704
0.1052870359 0.9978961745
0.132664543 0.3805549459
0.09927154966 0.2750779207
0.1033105921 0.3106751567
0.8352960277 0.05393604226
0.7792173107 0.9620192488
0.6943707229 0.8779252331
0.1861567991 0.2104103034
0.9361726745 0.9578252108
0.9051798782 0.9275750068
0.2616857001 0.2065994781
0.4045697773 0.2322704817
0.4348728981 0.1629292241
0.6217085211 0.1304422502
4.948404618
5.143137142
23
0.384406623 0.04430078695
0.9278204089 0.1776789791
0.9697862084 0.2818507884
0.5496940832 0.08996302653
0.488064721 0.04545498477
0.9679129857 0.6442895521
0.9101530308 0.7636201631
0.7332033775 0.9468697874
0.317555701 0.9695182815
0.538778962 0.8900776646
0.2770838152 0.8829304363
0.5344104154 0.6010373099
0.1421984976 0.7301393218
0.1247128874 0.8056373021
0.6053682254 0.3524493277
0.4076403679 0.3216505266
0.4696956993 0.2811894773
0.4661417203 0.2156726103
0.3674023067 0.4313492532
0.3223461465 0.4254286952
0.2099741911 0.3549694814
0.04644490307 0.2708285904
0.1297582364 0.380521221
4.747169968
4.928979765
20
0.1762040679 0.9358569995
0.408834152 0.8946786147
0.6753734908 0.9684462797
0.6504774008 0.1114383675
0.2866744697 0.1889891301
0.3724930554 0.0952230768
0.8103307882 0.256297453
0.1353316083 0.1980253788
0.5308464135 0.7938548159
0.7910118789 0.6115697049
0.7786321397 0.5831542703
0.8247427209 0.355673953
0.8152491405 0.4917124716
0.7663700826 0.3958968628
0.4635771265 0.4170035364
0.4500419352 0.5003713969
0.3186554034 0.6131061392
0.3248438201 0.5495393945
0.1619215843 0.6822689648
0.04131952677 0.5934582684
4.469074736
4.59986519
22
0.2870035769 0.05270392846
0.5431242681 0.9110851163
0.566654787 0.8016222294
0.4853921003 0.1348211008
0.4348241271 0.1879963249
0.7374932655 0.3358078606
0.9464775405 0.8566152884
0.9560068548 0.8134421669
0.2486106922 0.5906252626
0.2026251879 0.5827718814
0.4660270572 0.2789829275
0.8571552266 0.4390370592
0.7421985275 0.6001764883
0.758229787 0.6652778183
0.6580368638 0.5482698067
0.5718893375 0.6026671268
0.1840685894 0.4415421864
0.1212743679 0.4482517923
0.08231353356 0.3948211015
0.2681881957 0.4994098218
0.3263354941 0.4223991446
0.3987701228 0.4324554719
4.864825693
5.023375608
22
0.6738198848 0.8513030781
0.6329082043 0.8481233208
0.6169507697 0.8147514899
0.9424103374 0.7754315366
0.8081937612 0.3354789781
0.9192395306 0.364094904
0.9341353262 0.4176275378
0.04452293543 0.4266506951
0.7750166037 0.2376639533
0.8268315428 0.1188576062
0.5340019539 0.1789146142
0.1753237915 0.3427338718
0.8676307842 0.7920248987
0.3544318088 0.9241030472
0.3831785599 0.7470306421
0.2435891731 0.3588995434
0.3510327828 0.2417425807
0.3015239572 0.3459885553
0.5688550999 0.4646348811
0.591057857 0.6393430469
0.6991440655 0.7167410098
0.6818355458 0.7671866553
4.92345859
5.099472136
17
0.1129770004 0.2742917858
0.1130624285 0.6246583212
0.3301014015 0.5794387582
0.4978751582 0.6176674455
0.4924834602 0.674739741
0.8615312627 0.05825292839
0.7240445372 0.4586614289
0.5659725989 0.5274552577
0.5781214259 0.2554591272
0.6349657345 0.1743056517
0.7318454527 0.1896091535
0.7421823161 0.2125687153
0.9704550209 0.8978309249
0.6662173231 0.900185613
0.8317740494 0.6513673867
0.8256929542 0.5360928992
0.8963585463 0.5214389549
4.361318655
4.501088669
21
0.4988750338 0.04364187673
0.5554013652 0.007929158239
0.6378512128 0.05124521232
0.976276177 0.1931291638
0.1054532917 0.3742340288
0.04286203633 0.3442776554
0.03713904041 0.2703070377
0.1076226971 0.4423960331
0.1388794872 0.7685036716
0.02936633378 0.6592737897
0.5911445129 0.3146034548
0.6630207624 0.1574736522
0.7239840543 0.1439164701
0.8023203076 0.1987549208
0.9175135102 0.1448225042
0.7784773802 0.472474104
0.6976279153 0.5505269364
0.6966644894 0.591842318
0.6396182492 0.7349990779
0.710927933 0.8000173717
0.6702658721 0.784989237
4.702746993
4.828494793
19
0.9169077651 0.3727618202
0.2383997421 0.9384170474
0.9189762723 0.740899669
0.8144107446 0.7384097797
0.7564812518 0.6808441611
0.830068668 0.3900940481
0.6927431954 0.1126438686
0.5710251917 0.145670305
0.5314901582 0.1388454994
0.3164626332 0.1746023185
0.2346373151 0.1263484685
0.4397205023 0.2125622477
0.4344259208 0.293238132
0.1686705765 0.6134965079
0.164461727 0.6994142003
0.2597440913 0.7613962936
0.2114632963 0.4505176383
0.2599666198 0.4762443574
0.3525792665 0.3392180743
4.6760738
4.824911821
18
0.9025293667 0.1425863386
0.7821471768 0.08305822116
0.3069245791 0.6558323132
0.4997992434 0.1832538944
0.4926884979 0.1062994811
0.7816368957 0.9591565123
0.7900034321 0.9202143976
0.2013576346 0.2130359866
0.332046849 0.2040954118
0.4629984104 0.4488607174
0.8591610466 0.3979487545
0.8493588817 0.3683971627
0.9177434949 0.4293084424
0.9542688379 0.5087172489
0.9272979731 0.5043342034
0.6831992712 0.5133133254
0.6760854938 0.5922533133
0.5995883339 0.8108521102
4.627790992
4.763196554
16
0.1980956563 0.9080429031
0.3086106965 0.02747486088
0.2652470626 0.7867505362
0.2415644218 0.1782910678
0.5103098421 0.4605587334
0.4431743952 0.3102576099
0.3780390076 0.2576961228
0.5795195107 0.2446831688
0.3833408095 0.5983272364
0.6058266415 0.7031056792
0.5882950301 0.8466863879
0.5310331164 0.8481687164
0.7285862762 0.6371754632
0.7814291245 0.6975400285
0.3698425184 0.5513876094
0.2921511347 0.5094826709
4.669385652
4.787862771
20
0.171796883 0.9874428589
0.1936318252 0.1147724036
0.9397387819 0.5869734851
0.7629055043 0.5393377323
0.8825827233 0.5122141865
0.07152583284 0.5838691299
0.02345446783 0.6323466726
0.1472075618 0.6038071227
0.3270034226 0.7364898636
0.3915485179 0.6989271754
0.2911565358 0.07160248459
0.3343168301 0.4605152888
0.2614810083 0.4676665194
0.2175826118 0.4055841403
0.3709238505 0.2709582972
0.4202602711 0.1386639624
0.8575334091 0.1587530237
0.7369027005 0.1336642409
0.657323659 0.2228285047
0.9084912494 0.2379810527
4.673221536
4.810263414
20
0.642766684 0.03122612072
0.8454703743 0.8385889885
0.9022090404 0.6986302546
0.5061674413 0.5478130964
0.7554508486 0.8438250143
0.7132658866 0.9431910562
0.6433103462 0.9886447581
0.4769554196 0.8644296512
0.6108843825 0.09060036418
0.509570976 0.09464375276
0.4947278247 0.2929879556
0.4562488201 0.1951749417
0.09643613369 0.1776438079
0.04492996981 0.2453282546
0.4115843333 0.6746162873
0.4325291079 0.7200653486
0.3831675708 0.8282218679
0.1193215865 0.6905023308
0.1689415112 0.5480353483
0.07599699946 0.4587216444
4.656471039
4.825437286
20
0.9834362254 0.1002779467
0.05517198622 0.07124241652
0.9305717924 0.1822426871
0.2280989627 0.1026011346
0.24848726 0.158675299
0.5829968617 0.2857567421
0.1958716012 0.7502985275
0.8697069152 0.8637682672
0.7887813533 0.9135345497
0.6532763115 0.9012993877
0.6101693969 0.8496991862
0.5311638997 0.8634529745
0.4148536043 0.6972012384
0.3587136811 0.6786016887
0.3378858261 0.5777584048
0.3807222255 0.5177016985
0.6675422838 0.4601622704
0.585725283 0.4186410137
0.7048519739 0.601848939
0.755473405 0.6290931823
4.709868528
4.845387706
16
0.08427815178 0.08520944648
0.1129938581 0.1025853482
0.2159205467 0.8978960079
0.180580795 0.5516330321
0.3395852014 0.5246921812
0.3858408358 0.311385253
0.3281655049 0.2419599513
0.4313549318 0.1105975889
0.8069336764 0.08829029785
0.7157826413 0.1898680307
0.7395491775 0.3485366446
0.8174832392 0.4444040013
0.8451047328 0.6579349863
0.7724188693 0.5418362115
0.7659632415 0.7121662646
0.5696531937 0.6533783282
4.607990921
4.734662765
19
0.8113510719 0.2777792107
0.7707164109 0.627855185
0.6746530622 0.1586692996
0.3312243351 0.2881337332
0.7193002742 0.260727451
0.631002177 0.321444694
0.1657373188 0.2206970439
0.1415729252 0.2628927656
0.1211531785 0.5226524282
0.07514358139 0.5428305397
0.2470747622 0.8480423696
0.5199015523 0.9512771535
0.5022492193 0.8847747685
0.1906953703 0.5789233669
0.2366117274 0.5622602767
0.2720000217 0.5920115854
0.6052508919 0.5396630722
0.6516698701 0.4191222356
0.1550137883 0.6788176866
