15
3.071642745
3.212822942
8
0.8810302877 0.2521404058
0.8039014175 0.4513603784
0.5932514033 0.358263587
0.4687300284 0.6975677824
0.4842910963 0.9288884287
0.3233863049 0.5005254581
0.3195828576 0.5704059328
0.2047008325 0.3932544499
2.854631374
2.921821522
8
0.3275716407 0.7789861679
0.7989421167 0.5695990551
0.8447454032 0.5024096827
0.2436787619 0.1673862164
0.1797218221 0.5942932122
0.7683065919 0.3143233404
0.2162413116 0.3354808734
0.5419091083 0.3752171423
2.453091823
2.548012539
6
0.2270393963 0.5414313432
0.3783490111 0.4060623833
0.3672950192 0.46065749
0.6559540005 0.4271675141
0.7025136166 0.6570132501
0.8194318627 0.3274945694
2.466116544
2.53699698
9
0.1557064685 0.2998833899
0.6609243891 0.2741893747
0.6634963126 0.741175131
0.538959101 0.747705028
0.3925305796 0.9359730988
0.7217539589 0.5917521076
0.4128513913 0.4620650268
0.3867425068 0.5405224451
0.3190012533 0.6308241265
2.953547045
3.073114829
9
0.858048788 0.09370941816
0.09027020485 0.6895916139
0.7853620101 0.4530108278
0.6591590975 0.646207664
0.6537689294 0.2391375795
0.6980648119 0.1358716922
0.2685839901 0.1760527462
0.3738515811 0.160116065
0.4581689518 0.2657055131
3.131569521
3.220761273
6
0.3664236288 0.9563314106
0.8039541722 0.2261787397
0.1434522337 0.2971218332
0.6281416153 0.4345817133
0.4575556055 0.845155835
0.3962720068 0.4849094526
3.05930017
3.124908583
9
0.9457026152 0.3469395665
0.8380232728 0.3564507991
0.7408340328 0.5653284961
0.07759114998 0.3559462994
0.3697866259 0.2640915509
0.4152999533 0.2981725775
0.5792431182 0.6513718479
0.4258275412 0.9136033162
0.1648191504 0.9063673273
3.316986082
3.482697132
7
0.4682748641 0.1919513025
0.4773196934 0.4489569227
0.5709091952 0.4879535397
0.2183084232 0.5580920234
0.5864101819 0.7436797215
0.4639547325 0.9562347168
0.8640127915 0.2482567197
3.133634165
3.182998927
7
0.2459271013 0.8186110137
0.1451385264 0.2248074541
0.8869399508 0.1273202765
0.5667479645 0.09817461051
0.6695233388 0.7440988353
0.7417718017 0.4755389662
0.7286440787 0.2404765808
3.011872639
3.123439287
8
0.7208703687 0.1450229045
0.8973523622 0.5097800587
0.8588674692 0.5005135847
0.3681481697 0.08825993193
0.8207949485 0.7030836948
0.7315475742 0.7921425895
0.761366798 0.8510278747
0.3771330216 0.6855247737
2.3180526
2.389923506
8
0.1292637319 0.7737030583
0.9373234532 0.392879419
0.8212649011 0.3496689734
0.809795846 0.2587547542
0.7330437255 0.41841263
0.6910041654 0.5614292307
0.7610211957 0.7160118806
0.6018693887 0.5563674948
2.653745316
2.775006825
7
0.5251556432 0.1110755027
0.659451201 0.0492825302
0.4591970262 0.354447514
0.8208243916 0.2339376727
0.8722769796 0.1946399192
0.1515559843 0.4902430042
0.1096837688 0.2380335775
3.022848161
3.120480618
10
0.9437441363 0.1939910879
0.7625774834 0.6793297101
0.5214866806 0.1162974505
0.6098771439 0.007395349056
0.7958369376 0.03706323275
0.3432901496 0.08786811187
0.4234423241 0.7073822354
0.2434824737 0.5694661926
0.07957430365 0.6291705193
0.1409854275 0.6577165423
2.933008589
3.034335844
6
0.3917988869 0.5700987218
0.3106191659 0.4263716446
0.280862122 0.8778305696
0.4418681131 0.3170840109
0.6666407396 0.7211302438
0.745264139 0.5088352568
2.79147948
2.838053855
6
0.5766735138 0.2062310629
0.6177954711 0.5603219894
0.5710807741 0.8438329204
0.2420329093 0.692685501
0.1604905892 0.8138770825
0.2245418376 0.9448195556
