15
6.056187009
6.290634385
38
0.1326178451 0.260315784
0.1184085646 0.3678168066
0.7749819055 0.6367961754
0.341973521 0.4200083662
0.2261809282 0.9232363573
0.1314348727 0.5205128395
0.311935935 0.1244089306
0.8091957196 0.373935552
0.2636124073 0.7705384417
0.2337472289 0.7017922203
0.1862537841 0.6963654091
0.3894917475 0.1083658185
0.5223603835 0.8698268939
0.4155762575 0.8701053212
0.6141161014 0.9205572461
0.6230105369 0.8928385995
0.7388107061 0.8937733146
0.7893735378 0.8462635787
0.8795496489 0.8635031795
0.9621505859 0.7268162014
0.9227093051 0.7361376906
0.897292883 0.7204150431
0.875921824 0.6608076654
0.9080726468 0.3770394093
0.8894969111 0.3911634838
0.9193096476 0.2715729811
0.846843725 0.1646907049
0.8534780472 0.0854662008
0.7493261939 0.02730615321
0.594246561 0.1055792541
0.5175161548 0.2125027268
0.4617221105 0.3473374276
0.5073943554 0.3422256625
0.5341801788 0.2809557795
0.4551321575 0.4384168507
0.4983104915 0.4601858794
0.3897830448 0.4617755193
0.5421684922 0.5677330325
6.221350869
6.437171087
39
0.1810813211 0.6865371776
0.3886303718 0.05825094188
0.3192707745 0.03708028219
0.2847418137 0.06930860891
0.1350734093 0.02362525751
0.6131481232 0.6508607881
0.7272339498 0.01689495021
0.6821909959 0.1457552575
0.04341424713 0.5177851688
0.2408211336 0.9074334327
0.5566416146 0.7669152499
0.3512984085 0.9788507175
0.9445204834 0.2000528667
0.7990041567 0.2690317975
0.8664191778 0.8336667209
0.600646365 0.8647997736
0.6752821747 0.9371037621
0.7584833242 0.9133889043
0.9422813139 0.5886580577
0.9117286917 0.527793163
0.5381229187 0.8812064202
0.4174577696 0.8656153015
0.3983119966 0.74923396
0.2956907818 0.653782429
0.3628802215 0.4769943047
0.3170063554 0.5311054155
0.2471362667 0.5273661596
0.2445828283 0.5226927
0.1159524717 0.4931253962
0.1183343505 0.4313617414
0.2537033513 0.2958261873
0.3066341095 0.3229098168
0.4843324063 0.2895643413
0.1860963998 0.3434366656
0.5676401997 0.388125524
0.6032647391 0.3796942708
0.628966934 0.4069543
0.6391955141 0.4644065388
0.7922869361 0.3765861136
6.460569259
6.639113936
36
0.07646132409 0.9204623669
0.8782664248 0.9076623454
0.7909890617 0.269039757
0.7505265871 0.2009401112
0.7690864761 0.3080973813
0.7089868014 0.3217482232
0.9477014521 0.4736431384
0.7944021536 0.9181214695
0.6590698047 0.7993519242
0.672199767 0.8234665347
0.607631935 0.2557872534
0.6023928267 0.1167369434
0.4200580916 0.1843059582
0.3451838252 0.3198786559
0.4116051932 0.3047025894
0.2633087221 0.1211294371
0.229603503 0.1400808883
0.2287074819 0.218788685
0.1699345038 0.2513879002
0.0553481311 0.3520709067
0.06891517074 0.2622890303
0.2406228994 0.4791564396
0.2684003687 0.4761439762
0.1682378258 0.6152133278
0.1266660083 0.7120659032
0.1446482065 0.7553727643
0.1028464443 0.8237434481
0.1227567136 0.8603245909
0.2484042592 0.7419396574
0.3389011269 0.6531486808
0.4315764299 0.666907346
0.4945695757 0.7066115316
0.5397213626 0.8008925752
0.5116686144 0.5224965503
0.7639271008 0.5739061119
0.3863314447 0.6783294456
6.257681402
6.437732465
36
0.1332906475 0.3184164122
0.2212997471 0.8855353247
0.939493791 0.7203635427
0.04446587803 0.1243966803
0.7108349756 0.9326303659
0.1289156175 0.1136535807
0.137320504 0.07373529043
0.6540252952 0.9083697461
0.6428821061 0.8476796664
0.8420147078 0.5828109981
0.7970744997 0.5827543832
0.2244398808 0.0648438971
0.7706747698 0.5289388343
0.7982126671 0.4790816145
0.8393016241 0.4757219599
0.9135110947 0.2213480507
0.9174242796 0.1156664981
0.8777797938 0.02929624446
0.731281241 0.03822176045
0.7253880072 0.04864865733
0.6486284962 0.0800871839
0.5083398953 0.1367540101
0.4306119774 0.8074950439
0.4559740389 0.755493042
0.5481422309 0.7490465616
0.3736916236 0.8213535663
0.2248721541 0.8143641707
0.2207715124 0.7108696602
0.159042081 0.6715605443
0.08126422511 0.7120683533
0.5012542555 0.1890073903
0.3291617273 0.2027421559
0.5641528161 0.356297927
0.615597848 0.4517010744
0.4660881049 0.3800939726
0.4336960609 0.442841529
6.389159126
6.659171855
39
0.04373178735 0.08682100061
0.9595658072 0.4910642235
0.9513320376 0.7046548551
0.08374158876 0.4102934336
0.2234834913 0.1335204343
0.2711358486 0.1125703052
0.1116005244 0.5548750064
0.9708074276 0.6332938925
0.08375449542 0.5956948794
0.09372236841 0.7684292375
0.1548178495 0.7299422584
0.3698034598 0.8905276361
0.3156217279 0.8602289992
0.2490373502 0.7155325746
0.8775042813 0.6232951499
0.9256544823 0.5950003316
0.9249876008 0.5081725028
0.80186015 0.06996139728
0.9098656781 0.1051809279
0.93622768 0.2045157994
0.8647723839 0.3155335261
0.7516064063 0.3900730583
0.6716405464 0.3240119613
0.6382472103 0.2072327825
0.6039261366 0.4037678853
0.522210684 0.3928304593
0.4741298163 0.4434603373
0.4939954621 0.5205197274
0.4143295002 0.1392276762
0.7995164119 0.5688969975
0.8055384539 0.543140835
0.3962324763 0.5874233937
0.3499756761 0.5894605415
0.4587203594 0.661374784
0.6795366142 0.7187950831
0.7292027076 0.7294080494
0.755805195 0.8115841599
0.8072442881 0.8225759921
0.6500836303 0.627813679
6.046532095
6.175644901
38
0.7637203062 0.9149560784
0.897408525 0.2133107273
0.4096216403 0.1088722186
0.4352008178 0.137077391
0.1001692948 0.1081362234
0.132945487 0.09036227462
0.1352559877 0.940764619
0.1070188782 0.2579126007
0.07515333281 0.2784329474
0.08320253269 0.3179211589
0.03580087181 0.3688057423
0.8196784521 0.03023926817
0.5814751087 0.1232509441
0.5449107949 0.2558379531
0.6124537055 0.2161055132
0.6855407441 0.2575128124
0.6474832984 0.5184236644
0.668796243 0.5321496289
0.0937974709 0.616944247
0.2232757771 0.4787187056
0.1436109964 0.5036128145
0.2621853598 0.5145564992
0.267404521 0.5910647719
0.1142699303 0.7618175909
0.1551614291 0.8065032504
0.07050946726 0.7641333647
0.3961597017 0.5862021511
0.4368876634 0.637700289
0.4120313552 0.7002859158
0.4380886758 0.7409897522
0.3656941189 0.4469221534
0.7407701639 0.8214574982
0.6436565934 0.7434756179
0.9706156454 0.5213958092
0.9153695886 0.5029683021
0.8433968393 0.601015776
0.8529084884 0.7134275151
0.9114161732 0.7235604631
6.249417094
6.480483464
40
0.07422999028 0.3763212905
0.324192978 0.1656716597
0.8947057418 0.1623847519
0.9040885572 0.1031464835
0.6079755568 0.3041575616
0.7240386641 0.3664585566
0.6640848666 0.3658494663
0.7653022879 0.4683937995
0.7953679741 0.4776808772
0.1421793295 0.05462002724
0.1922284564 0.1914546209
0.2318212362 0.2084055535
0.1817849399 0.1041666558
0.1473282562 0.08941464975
0.6065467186 0.07728970601
0.6533467508 0.0788918586
0.7101383405 0.1321108432
0.7407501371 0.1131710236
0.7557634003 0.03629517569
0.8529642529 0.180048066
0.1350721207 0.3139586052
0.8765088022 0.349127057
0.2066100631 0.3232583882
0.8728170784 0.4274657662
0.9561429008 0.482922969
0.3004358869 0.4592807259
0.948094417 0.700631651
0.8118003532 0.873158544
0.7538289143 0.7758954405
0.664436029 0.7308359729
0.5731806365 0.8056996788
0.3973678719 0.5693111207
0.3870783061 0.5144661046
0.2619276908 0.7851416881
0.3649993526 0.7930882292
0.237669053 0.7344904381
0.3981044049 0.8921636038
0.08112737424 0.720416483
0.03260696037 0.8979664632
0.1786412004 0.9285053009
6.306456458
6.506680176
38
0.6019735898 0.160773471
0.08320936435 0.9349380837
0.8808437912 0.06556066603
0.7597823602 0.1726570558
0.6595317198 0.138788081
0.3444308017 0.8130969914
0.1128890131 0.02249675291
0.1233102367 0.07288404893
0.2060067357 0.1896899974
0.2717932386 0.1973884151
0.1491477466 0.5203987276
0.09329118391 0.5461650365
0.08773840968 0.6067533022
0.03611698144 0.6305659681
0.2969465689 0.3721160188
0.2563042972 0.3319827052
0.7110215028 0.9897792039
0.5841927089 0.9028966447
0.774919465 0.9532634673
0.9449846425 0.9394918177
0.2268394874 0.7646438307
0.3030524295 0.764726276
0.3111673488 0.6266396213
0.2710448177 0.6713995225
0.3646336 0.6359862089
0.2728031183 0.5514779727
0.8733861788 0.4036530093
0.7664373909 0.3446498339
0.6047071729 0.4862846835
0.6034518642 0.429270859
0.5329245543 0.5230563972
0.8500929625 0.7068048621
0.8718613901 0.6922446141
0.8673303271 0.6236164141
0.6605623156 0.7143766043
0.6118924266 0.7095091493
0.3585170923 0.3643722945
0.4208189491 0.3034686118
5.941531189
6.125473712
38
0.03065841272 0.2301107263
0.07748964594 0.1612554808
0.06189935643 0.128974939
0.1294356178 0.7220815114
0.8757752613 0.1080300385
0.6174381693 0.9874303859
0.1111490545 0.308464132
0.2332121995 0.3823090165
0.1437442941 0.468041867
0.1289507241 0.5647682432
0.3995740397 0.9540097209
0.58721062 0.9443787499
0.325452522 0.774837681
0.2533422905 0.7729618059
0.1876927147 0.7049099245
0.5204720674 0.7066674813
0.5689905621 0.6326274261
0.2040473863 0.6520162959
0.2760039734 0.6690706704
0.365335688 0.629174963
0.6586145985 0.6234697609
0.7224771101 0.6840217627
0.7725034571 0.6680378792
0.9476580898 0.7433611348
0.6769207015 0.5343251242
0.8456654627 0.4868022282
0.8989030791 0.8677147653
0.5313556397 0.1121379749
0.3934978847 0.09661813658
0.3971628784 0.2185790302
0.3777054138 0.1837765855
0.7731265464 0.0339327397
0.7869057025 0.0814704558
0.6821453296 0.01343357726
0.7164449762 0.04381962633
0.6041890935 0.3854903305
0.5766599685 0.4452928558
0.5791158623 0.03563822959
6.32006403
6.523146711
36
0.3858048998 0.04790071715
0.9354286851 0.09781691407
0.04488864138 0.05058499391
0.8117144117 0.01501758204
0.6971996766 0.08963399867
0.06774439003 0.1105158756
0.1474893194 0.1636601275
0.7650233056 0.350597804
0.7713896947 0.4024624265
0.05626835678 0.3653323956
0.1080655982 0.5044347398
0.1168105174 0.4659960334
0.7201206607 0.4286189157
0.2346805764 0.4194181224
0.2132539588 0.5223010434
0.3939245354 0.2064302943
0.3815277601 0.2608379474
0.6375903483 0.592481938
0.634402572 0.5136714085
0.3926685322 0.7543791544
0.3969885323 0.8335888927
0.5025030498 0.708515014
0.4338097613 0.8645265372
0.3803763956 0.6855615321
0.3003345191 0.6453836879
0.3150929614 0.941594896
0.2138102764 0.8180553175
0.2059779326 0.8787727271
0.07511609296 0.8073440162
0.1289836191 0.7657609959
0.892453903 0.8008649917
0.7858315681 0.7624281878
0.7140637424 0.8271060801
0.7344852226 0.9229718026
0.7001639824 0.6448699788
0.7620935278 0.654490728
6.280806724
6.508918517
34
0.9332127242 0.666041225
0.7140670884 0.4223252748
0.8887584664 0.03995792276
0.08236242379 0.2372014968
0.1287542014 0.8198388334
0.8649825584 0.1162181572
0.06371329923 0.3511786172
0.4099453425 0.793214914
0.1980699219 0.7668258672
0.2242122514 0.6448386001
0.2786377393 0.6268683104
0.291654511 0.4481068076
0.3095381588 0.4640933995
0.6193176366 0.5198388579
0.6900870085 0.01958239262
0.7601069972 0.1175286878
0.6603338547 0.2669273701
0.5609552829 0.2683619391
0.5452220339 0.3876566295
0.3983387441 0.4230792979
0.4581169273 0.4477916553
0.3926442704 0.3630609422
0.3823897359 0.1872073665
0.3460869583 0.2510742889
0.3569138467 0.07668325763
0.3028115842 0.04976911113
0.6475395022 0.7394869058
0.5704012239 0.7337633839
0.6774059875 0.6318317051
0.7717856955 0.8784865551
0.8682157919 0.9158804817
0.8322734084 0.9190022072
0.9079519502 0.7745802896
0.6164163877 0.4444353204
6.082185432
6.248382399
40
0.4730379563 0.09247013931
0.3851419724 0.09651639075
0.08503708715 0.5634069301
0.4624718678 0.7688668059
0.08085726906 0.1060964235
0.1083607006 0.09663704247
0.8459140145 0.08512230429
0.8809246595 0.1821989124
0.8833880069 0.04072783359
0.9500294686 0.3555996065
0.5290285209 0.1754790091
0.110526352 0.2088459825
0.08212388698 0.1844013677
0.07636763571 0.4000928148
0.1379874694 0.4431067393
0.1400786281 0.524776774
0.1547785965 0.4959534824
0.6173074867 0.1972987852
0.6021431231 0.3064032647
0.2436486787 0.4147976699
0.2313981776 0.3723932833
0.6442427106 0.4518839403
0.5786744788 0.5240540304
0.6672306476 0.4831830528
0.6982186093 0.4815344825
0.7462164177 0.6739168997
0.7766143347 0.5887705046
0.3509174554 0.531884356
0.9248043307 0.5318076367
0.2559643555 0.6430085957
0.2845781251 0.6514892091
0.9587840806 0.6900173657
0.9218484837 0.6967543559
0.2168282834 0.8603218527
0.2143380678 0.9183598473
0.2728499327 0.9624681403
0.4030071118 0.995962283
0.890405576 0.9073933616
0.5861412918 0.8471189207
0.7099182763 0.8780388655
6.30567218
6.488315635
38
0.8888412969 0.947541315
0.8726482606 0.8395672177
0.5416097501 0.677017735
0.5850964971 0.5951825318
0.8467218196 0.09506327103
0.8895032249 0.1261433082
0.9710359322 0.08983891148
0.9827677273 0.3517652259
0.9398250736 0.3099044908
0.8436967997 0.3152271752
0.8189436703 0.881875232
0.819066459 0.9174732724
0.7302478575 0.8577098618
0.6990202125 0.8792020275
0.7864802433 0.1207348483
0.6483127137 0.9793988259
0.6947685754 0.08545867004
0.4279500893 0.8873786835
0.4508512307 0.7059290844
0.465387123 0.7560719651
0.2941706403 0.1403088671
0.2891716691 0.07097664659
0.4260322236 0.3033759887
0.4232449851 0.2694973526
0.5866260391 0.1755309263
0.09998257548 0.4304711395
0.1941432821 0.4029698866
0.2532413283 0.4267804894
0.3135428802 0.3292350407
0.3267580337 0.3668398124
0.370566157 0.375067873
0.1220430813 0.6735113376
0.1921812025 0.7586854012
0.1886525738 0.8566108335
0.12063629 0.8926788026
0.08727979816 0.8717837572
0.08780430581 0.8572277802
0.3017841194 0.6663901544
6.094139846
6.308149953
38
0.9547879075 0.8038789774
0.8099688002 0.09532145324
0.8995604388 0.05416422425
0.9612194179 0.08280032515
0.9333816406 0.1798367369
0.4170207086 0.9132715927
0.4302235392 0.8590924253
0.364979032 0.7792191841
0.3897436237 0.741136695
0.4351678027 0.625205279
0.559872834 0.6749724552
0.3104136051 0.5579994332
0.6000016604 0.7783409218
0.7020440417 0.5762806656
0.7024632546 0.5407486546
0.3205408719 0.4492637943
0.7816967779 0.4638842059
0.7560974398 0.4069412001
0.2269750036 0.3978812259
0.4506885364 0.4300626853
0.4657580277 0.3383619459
0.8070086906 0.3003282685
0.794029486 0.2888943869
0.8027257178 0.2456805207
0.1271300627 0.5291006652
0.07509093922 0.7162151836
0.1105195119 0.9616584421
0.05360682531 0.9404762522
0.7702823237 0.8042005009
0.8357186144 0.7778868239
0.7799521086 0.6510487244
0.8040310237 0.6515577444
0.1761949093 0.3260247086
0.2113010386 0.225551333
0.2687978759 0.2165395951
0.3462957723 0.1221402512
0.339411013 0.1421702396
0.2922345569 0.1513669033
6.249653001
6.439719984
32
0.07458562995 0.1954122708
0.1845358381 0.2859849639
0.2934220805 0.1238499074
0.9120348024 0.8898882077
0.5247284276 0.5838799243
0.4124476888 0.5270267981
0.3254948111 0.2985609031
0.3468569499 0.2571525231
0.2589904151 0.3170429035
0.1156173904 0.6146266721
0.07308429806 0.7092356549
0.1079975628 0.7607643951
0.2534459327 0.8684914251
0.2573516946 0.8059857153
0.2384171646 0.8759597614
0.2358990956 0.9162575813
0.396438649 0.7948246112
0.4748685377 0.8823595171
0.4641589825 0.9439679455
0.6484705964 0.111101446
0.6916500961 0.1852297508
0.5305734639 0.2021291511
0.928331886 0.5567690859
0.8617757945 0.8077205716
0.7467090763 0.7544226946
0.8237529267 0.8164176957
0.6221729307 0.8620588114
0.7563096291 0.6531744436
0.8396234468 0.2475503354
0.8502477099 0.3392365732
0.9856276075 0.3937206784
0.9636930906 0.3637413356
