15
2.020673795
2.111465623
4
0.6410134255 0.6766763902
0.468849872 0.7149271332
0.6666268399 0.1803198103
0.7339531787 0.4788734426
1.606868229
1.614569662
2
0.2023310953 0.2756612762
0.7046908268 0.2796910899
2.228074322
2.330090542
2
0.3943655375 0.4597756879
0.166424074 0.4783258367
1.798596253
1.819524699
2
0.6867223482 0.2441447134
0.6892136393 0.6749985176
1.694433309
1.737172643
3
0.782963865 0.3675089059
0.3667010317 0.4858389947
0.2534136353 0.303611025
2.309602568
2.421164591
4
0.2486600796 0.7520233264
0.7204974473 0.6027202269
0.6424495358 0.7479664518
0.1053788004 0.3577829499
2.233858599
2.337311041
4
0.1587165786 0.931172551
0.2021123494 0.1569671134
0.4512111147 0.6028681925
0.7621989214 0.5649991936
2.177682904
2.212775434
3
0.4878684858 0.01724463222
0.3158731106 0.8400834943
0.704068734 0.7467373913
1.968478249
2.018842093
5
0.6002734164 0.9129046205
0.5177765178 0.7685099042
0.5376808306 0.5858520117
0.4036665056 0.4877000602
0.4232262788 0.3082039378
2.05933169
2.100914567
4
0.3861190633 0.7327122984
0.1823167632 0.6009535129
0.3741868238 0.06549597181
0.7622109942 0.1090210714
1.947322109
2.060383637
4
0.8320401163 0.516562597
0.2561314825 0.2966466945
0.6321652015 0.5877730893
0.3588598155 0.8100920894
1.753123664
1.763325148
2
0.8010415659 0.5491562626
0.3979238314 0.4328020023
1.713886731
1.826538973
3
0.482942268 0.8195159303
0.4603870602 0.3156956045
0.3708030469 0.6225050551
1.949652208
2.06534169
6
0.1177681673 0.4999264238
0.1453043709 0.617715727
0.06006564997 0.6976427763
0.2695887762 0.3575665531
0.5396563548 0.4393207063
0.7254109975 0.2651414093
1.671645607
1.724564481
4
0.5066188483 0.7374422894
0.5548559159 0.6074721357
0.3816228056 0.3983526912
0.4464182636 0.1479631572
