15
5.430374506
5.587912815
30
0.4392993984 0.9386204612
0.7544365888 0.9381701875
0.07683419781 0.1661416052
0.2404872465 0.3384054007
0.2288989261 0.3673122693
0.4618406535 0.8076643735
0.4790277749 0.8254444351
0.5308013211 0.8125084579
0.232574702 0.5637702189
0.97106897 0.1902603114
0.9468547752 0.22835648
0.4991910249 0.1230275175
0.2342481007 0.7391939446
0.2441037503 0.6153314179
0.8024599024 0.2815788348
0.8248333337 0.2418797001
0.7130867774 0.2672416533
0.5050668727 0.6232056367
0.5634363972 0.6799506402
0.8026338715 0.6765552651
0.9154464798 0.5782127283
0.8981209376 0.5521292429
0.9254204572 0.4971504491
0.7416721421 0.5053008369
0.6637125791 0.5546978871
0.5270440394 0.3530884654
0.4418005977 0.1460260293
0.4092894359 0.2680062013
0.5063468079 0.4281891791
0.5366713588 0.4708607196
5.32759016
5.539351383
30
0.5485674072 0.5150983261
0.8310314647 0.978235297
0.6352020057 0.8603713775
0.640825767 0.7979984967
0.5984471351 0.768156732
0.8998831152 0.5729922292
0.8352905986 0.5993636728
0.5220850153 0.5661476685
0.9092296105 0.3974131569
0.9544954189 0.4837277566
0.3877479571 0.5508220028
0.8111425716 0.2792632742
0.7409252371 0.2556240966
0.7330961289 0.2074267681
0.8432079137 0.1256851873
0.7678855719 0.04385545953
0.8310926444 0.06154217656
0.6070388145 0.1185678506
0.4993710059 0.1035495976
0.4346539598 0.1642083143
0.3946109634 0.2716288381
0.4225143795 0.2662668395
0.1423242428 0.2410362907
0.1305060536 0.1908253312
0.064868722 0.1710640874
0.2122196473 0.298609082
0.1364848131 0.4370497293
0.1192745572 0.8091899472
0.1459731782 0.7027587565
0.3548557736 0.8949628447
5.391160605
5.557081129
29
0.5143896277 0.9420393912
0.5936058541 0.3082307021
0.4745230536 0.1676249185
0.5926357436 0.2053843903
0.7657722052 0.1336924879
0.832030552 0.2384216665
0.8782027864 0.3572289134
0.8313607145 0.5653523892
0.890095236 0.6154539726
0.3258264867 0.4330409434
0.2763814413 0.5122678429
0.1869853251 0.5399103179
0.1383741728 0.4948680084
0.0274468809 0.5675063942
0.171105803 0.3250841118
0.1375010449 0.3959790928
0.8404790923 0.7077035453
0.675385835 0.7384710922
0.7297572818 0.8437496849
0.6780616406 0.8307872067
0.756285474 0.9367326667
0.5507470215 0.7814463138
0.6195491481 0.703035861
0.8658218053 0.9275284424
0.8307248945 0.9597894697
0.4415966248 0.6965332968
0.4545073037 0.6105761574
0.3897619702 0.5685714585
0.2952643338 0.6501368044
5.498932382
5.653682621
25
0.9465966333 0.9426897026
0.07598038846 0.8715232601
0.1301043909 0.6814771831
0.8071674053 0.936683223
0.8841654575 0.1309714995
0.8140199016 0.07771376277
0.744986021 0.1341452986
0.529248041 0.24929697
0.5535416377 0.1990942993
0.5966677124 0.1959445905
0.7420902545 0.4817503766
0.7631558535 0.4019526943
0.7576583442 0.4687981301
0.6052423068 0.5684799394
0.523395598 0.5704074811
0.4372651386 0.4491102623
0.453432884 0.6962518382
0.4158290633 0.6962530999
0.3690201617 0.7771329743
0.34732309 0.4839938504
0.2419250908 0.4338471726
0.1920664045 0.468410976
0.5142941448 0.7545843287
0.4331246792 0.9431954048
0.8677559594 0.3683079013
5.476696679
5.65575435
26
0.5372661282 0.03990969093
0.903374631 0.4161187515
0.6030587759 0.08877133414
0.6549710909 0.1657761931
0.491438744 0.2524233858
0.7945173487 0.7527792377
0.8596898804 0.9144870919
0.8734022107 0.8404340411
0.9591534815 0.8100520582
0.5766888964 0.4942158893
0.4689566713 0.4805294476
0.4017341764 0.3695896773
0.3533675148 0.3746891001
0.4103011875 0.5659949137
0.3083978068 0.3224752725
0.2519891648 0.334693714
0.1791509602 0.4415206694
0.2027114607 0.3673548894
0.05569625918 0.5703575867
0.057661363 0.4812356608
0.2662228078 0.1448647903
0.177755912 0.1511939863
0.1314456131 0.2465330177
0.1266767969 0.6004718728
0.2463653573 0.8731363581
0.408503511 0.9396209221
5.533596306
5.716036753
30
0.8197255171 0.9913905671
0.06284001741 0.9300483844
0.6232458612 0.1084507841
0.5562348047 0.9667735025
0.2240819745 0.1212523525
0.2839264612 0.8496806009
0.1461990437 0.5654153608
0.0914376532 0.5219288544
0.2655163745 0.4765930577
0.6478532488 0.8738655386
0.5780732058 0.8794200939
0.4128014523 0.5793098449
0.7674116916 0.8415208734
0.7260901719 0.8238726076
0.5458761771 0.5560642618
0.5880116771 0.5135139114
0.6839189268 0.5754520076
0.9129958525 0.8087445906
0.9377392247 0.344456611
0.9481138133 0.2791592023
0.8067772624 0.2202055084
0.7801766034 0.1106357823
0.7216445976 0.05973490812
0.71215896 0.3352769189
0.8818475795 0.5962097517
0.8892904727 0.5725424539
0.9169533852 0.5663881123
0.8411638374 0.6052609191
0.8156870853 0.5774994667
0.9784661222 0.7068602803
5.502831476
5.685716148
29
0.8851094703 0.6226211577
0.9158892065 0.4697015435
0.07322178418 0.8535818944
0.03498849294 0.6857217348
0.008720421125 0.6617922924
0.1969355221 0.4627973143
0.1456616832 0.5182298811
0.06496512071 0.4999432997
0.1389925298 0.3373872887
0.2845817008 0.5065341993
0.350271598 0.4678695545
0.3406543357 0.3778213877
0.1422159601 0.1154034399
0.1114186311 0.141204453
0.2431364173 0.1165950352
0.2494588269 0.09861781789
0.3741756032 0.08858941283
0.384135798 0.143482936
0.5025764908 0.5805463126
0.5403409281 0.1622249362
0.556384842 0.3865962241
0.4959204722 0.7284564053
0.6968841222 0.7699268583
0.707698778 0.7030643351
0.7759994523 0.8267879257
0.4006011172 0.7559642387
0.3448832944 0.8234389289
0.3363250241 0.8762766151
0.8354502605 0.7570809274
5.480649271
5.643164188
23
0.1351302917 0.4916617033
0.2759868439 0.5329560201
0.1341068337 0.7219639865
0.1350760257 0.1018695825
0.1649278951 0.1590337122
0.101863598 0.258308163
0.4937370618 0.06384740357
0.5227284671 0.1105387107
0.5030658318 0.1409768934
0.4158374924 0.1898183914
0.4134592526 0.2354186097
0.5587226039 0.3144935682
0.5763215858 0.3444913649
0.5614156634 0.9186416449
0.6721414757 0.8558076791
0.8504218349 0.8813713421
0.813827714 0.6362588983
0.9294553259 0.4875002857
0.8783774232 0.5086976547
0.5870481203 0.5095657362
0.572954794 0.5616549855
0.4235634508 0.7272310913
0.3834523921 0.7069481261
5.472164303
5.604912284
24
0.4387326305 0.9825836458
0.7254534688 0.9763541031
0.1393022171 0.8666519347
0.1980994569 0.7698797674
0.5403201169 0.8376780963
0.4962123244 0.8492516534
0.1449719435 0.6946645517
0.1978351663 0.5713489157
0.1524627507 0.5999748637
0.2179563432 0.4707951119
0.1935257453 0.44020441
0.2832618857 0.4473798871
0.9039211624 0.5729434211
0.8869491671 0.5143041971
0.9456752691 0.4697683575
0.8353307715 0.2239264271
0.8492489676 0.6526367981
0.6691710735 0.1206839865
0.6258127655 0.6832810273
0.6054998398 0.5479510432
0.5677946594 0.5113273464
0.624034459 0.5420422462
0.5204098442 0.08257280673
0.4091149434 0.2712180756
5.52036898
5.699439102
26
0.4269293107 0.7863648195
0.6622916951 0.3556535525
0.9600296674 0.3767104786
0.8039288487 0.9715522545
0.9242170406 0.9206198991
0.9050545981 0.6880714829
0.07969790534 0.531414178
0.02249670683 0.5892074008
0.2445038476 0.508366386
0.4117011956 0.5000608082
0.5328557154 0.7030013804
0.7219927616 0.7793607449
0.8153454261 0.678854015
0.7194338184 0.572346444
0.6943255252 0.58535449
0.7211528386 0.3881744856
0.8016068797 0.3491046667
0.8247560686 0.1097051775
0.582205 0.06429720039
0.4011887564 0.3018184108
0.269243978 0.07919030574
0.2589897078 0.1240232343
0.3171154257 0.1780052168
0.3014837733 0.246348721
0.1215120809 0.1384085066
0.3460045706 0.01150040593
5.717338928
5.904425667
26
0.05703212666 0.07886897793
0.2298078804 0.02603325287
0.805080041 0.9787231334
0.861697233 0.9292531358
0.159626574 0.5970455038
0.07287627976 0.4554028928
0.1615831165 0.5149850314
0.2602186759 0.4628840775
0.2092705861 0.9166242906
0.2150761884 0.8322896403
0.3034480768 0.9754595677
0.3658215902 0.9326298368
0.3441463806 0.2732401313
0.3484961579 0.1971362169
0.4882842309 0.4577455081
0.2377169572 0.1385258294
0.4375517679 0.5664988477
0.8058794467 0.3774369518
0.8168573282 0.2857646924
0.7008015936 0.1191585827
0.6364047672 0.09535172018
0.6278147626 0.04515694539
0.8655293351 0.8591978269
0.9527964532 0.7400485098
0.8159287885 0.6895995755
0.5305908316 0.1180560119
5.522830316
5.736753109
28
0.01659705327 0.6700450422
0.4992325822 0.9440228191
0.07397543411 0.7126435883
0.1784888537 0.695010334
0.1371049318 0.1340630399
0.8460793676 0.8081229239
0.9227200124 0.379929745
0.827478368 0.2897239249
0.6500509069 0.7336166052
0.6361880422 0.6820682136
0.9290126686 0.1093215721
0.227613723 0.9066739827
0.1477728435 0.9302197809
0.2594009359 0.758856313
0.8203963256 0.08562343811
0.8494094735 0.1237763584
0.6494147255 0.1114594389
0.601855794 0.06416806711
0.6100533036 0.02263199664
0.2379257374 0.210343487
0.1200680716 0.4220761203
0.2613921212 0.497477724
0.2805090098 0.5856390637
0.3499107483 0.6487234317
0.5406243919 0.6433366306
0.5124747459 0.6638428356
0.5429616372 0.5922045958
0.495029392 0.4887815814
5.444450389
5.61712452
26
0.8988022329 0.9141241308
0.8065801361 0.7063451361
0.9075558413 0.1281961675
0.07861346459 0.8234457912
0.4861045145 0.4156074677
0.5059227716 0.3853156004
0.5445703082 0.7345837942
0.5977967958 0.7865250157
0.4482421506 0.846241415
0.4691340848 0.7561936988
0.3314288182 0.8623724739
0.3771260261 0.8783028593
0.3045281733 0.780343792
0.05395849834 0.2870232343
0.07795788991 0.1058571479
0.1206167476 0.1854438492
0.3224822007 0.2578594313
0.2621725784 0.4613871637
0.2894579406 0.4272452627
0.267606993 0.5417431866
0.1804352207 0.5788625778
0.3860062975 0.5889920212
0.7803339174 0.485801661
0.7396141625 0.541536898
0.6786204343 0.5323136381
0.6170970789 0.5803637835
5.352111315
5.507903106
27
0.1108763698 0.2197749966
0.155570723 0.9139473087
0.8365231353 0.6038738331
0.9154825437 0.6021047881
0.234019616 0.8838432078
0.9123613395 0.05717067867
0.8561114918 0.06386628094
0.8734642112 0.2211609403
0.848134801 0.2522833168
0.2595599416 0.4812662271
0.2480325516 0.7829644861
0.4095542774 0.7543732379
0.4548207989 0.8630468345
0.8073112085 0.6701285768
0.6824062873 0.6766945202
0.8776353368 0.7857530322
0.8003312208 0.8545097576
0.8180629993 0.9208419527
0.6955487517 0.4361764939
0.1863959749 0.2438961969
0.2572838252 0.1614876569
0.2955417541 0.1586568834
0.3323716195 0.1039479351
0.6440933525 0.342189188
0.6598704853 0.2751397597
0.6602625173 0.6290712608
0.695256809 0.5805885531
5.519824091
5.720997532
31
0.2602134971 0.9365108433
0.4554372551 0.6164369701
0.5580472371 0.04842389185
0.1078563076 0.4310605596
0.8596319287 0.2262102075
0.8802943437 0.2774846754
0.5146350954 0.8774544415
0.5035872437 0.9259032153
0.8379892843 0.3313928723
0.9388876412 0.4185256491
0.859885415 0.3942766376
0.1343170341 0.7507968197
0.1410510853 0.5995678223
0.06702960127 0.5174496237
0.3899575854 0.557804444
0.3284439002 0.5946646043
0.3045304475 0.7694303334
0.442573424 0.1642085502
0.4799441144 0.09360315227
0.4498115725 0.1756045952
0.4260663274 0.2231240833
0.4446970451 0.3130609119
0.7325969122 0.4910793746
0.619616602 0.8329630261
0.6206794734 0.7665573665
0.6564126009 0.7466824333
0.8067846857 0.7942070883
0.9349658715 0.6616731705
0.3285445802 0.395263665
0.5681711267 0.4378534881
0.5441648943 0.3803200786
