15
3.578760143
3.658776953
11
0.9657488746 0.3879256773
0.1055182473 0.7042770999
0.1446883742 0.2830243855
0.1693940954 0.4843646366
0.2283465368 0.4504773658
0.2460997097 0.3810043187
0.4190876105 0.380498748
0.8430294021 0.6500224321
0.4704537617 0.606135544
0.5244570328 0.623074755
0.5685794725 0.7215806629
3.576654401
3.678238495
11
0.8902244779 0.2771850515
0.764018015 0.6767254172
0.1560105728 0.06646492169
0.115546763 0.5794838219
0.5849588958 0.5795061184
0.5643375221 0.5055305413
0.3390629883 0.5053894976
0.4707686524 0.454688886
0.1797218 0.8668245946
0.3206815709 0.8810078004
0.2042206971 0.6513922899
3.656897228
3.768578298
11
0.4034398306 0.1202828875
0.2001353542 0.8623421565
0.3787618898 0.1668578707
0.2266430477 0.3531282933
0.2105168108 0.2911092107
0.3711643047 0.5135180724
0.6310723903 0.4895023788
0.7839438646 0.6509510855
0.9797822013 0.4983904781
0.9641333825 0.5537297385
0.872790842 0.2907548366
3.711412942
3.854582843
15
0.5691559193 0.078801188
0.479336407 0.1879741427
0.816936951 0.2199757657
0.8095792974 0.1589251974
0.6947369488 0.324266351
0.8479387215 0.4764176371
0.6070929233 0.7785401628
0.572032064 0.7973963458
0.6773033309 0.8219505128
0.8351136861 0.7370780651
0.2825970413 0.6746410567
0.2198062928 0.7646274272
0.2403211437 0.5348947865
0.1083334828 0.3468607464
0.1613029915 0.2819588254
3.613844843
3.749512568
10
0.1167899251 0.1987516572
0.1594733151 0.2905281795
0.109435297 0.3903007971
0.2485445102 0.6284267749
0.3055877378 0.6113257582
0.4360323559 0.6807314859
0.8909136855 0.2149896915
0.8822230953 0.4930467129
0.7349424886 0.07709354847
0.7640784932 0.1868328125
3.497442722
3.611142671
12
0.9086790709 0.9087796616
0.4619174042 0.3213048397
0.3818352881 0.3280595338
0.604986298 0.9268660425
0.3141590197 0.5972039975
0.3081412672 0.5653600168
0.6756025279 0.15085859
0.7445187529 0.4779861371
0.6187696937 0.4800755723
0.5565099281 0.5935023313
0.6164774483 0.6636853758
0.5685946399 0.3580503629
3.813681007
3.931674909
12
0.9517833444 0.7617144828
0.8213039871 0.4812995352
0.723148927 0.2221981067
0.9912312085 0.05841905607
0.2444025696 0.2949681081
0.3212636043 0.2367590114
0.4661943147 0.2978677754
0.7096914704 0.771120988
0.7486221722 0.9271775616
0.311178355 0.5068534843
0.1077671309 0.7430040049
0.1816753741 0.7068218241
3.685799965
3.767913386
13
0.7629262518 0.2226372394
0.9398080237 0.2775811178
0.4283865916 0.7683372363
0.4130595402 0.879203379
0.4202690974 0.01656307475
0.5825404488 0.06464044457
0.639220456 0.2874279055
0.6076599687 0.3363750317
0.2658693908 0.1416621143
0.2998371463 0.631550422
0.1807006797 0.09595973479
0.1432190249 0.565065254
0.1763825625 0.6274299437
3.180977239
3.31183452
11
0.4827506169 0.2386877194
0.3943721897 0.2652836369
0.8214923417 0.5167042942
0.2578668079 0.1430473002
0.1118615618 0.2158838514
0.08702898213 0.3958465067
0.0629123828 0.6787517644
0.242468802 0.7440450604
0.488480111 0.7447794511
0.6930503145 0.638703624
0.5846511631 0.6283627403
3.718992382
3.842408313
11
0.5737734296 0.9194592505
0.8168087093 0.755483288
0.09930891398 0.361164915
0.158179566 0.4158138199
0.1412226003 0.4900293294
0.2253485743 0.141522267
0.8334312337 0.598176567
0.8933595921 0.4424945726
0.9757852408 0.3989774493
0.7395958574 0.06750702535
0.9102897065 0.1304640167
3.590187768
3.666580773
9
0.6090851026 0.1314252388
0.1050348402 0.1318322439
0.7261847425 0.3501860797
0.6757274968 0.2956878627
0.7378049409 0.4974290698
0.242519063 0.3325062531
0.5102500073 0.5594702472
0.5864143949 0.5989192469
0.1582626322 0.5614273026
3.423946991
3.537717447
13
0.6328690046 0.7472520552
0.7158616981 0.8745499529
0.8280172193 0.8684707187
0.8567117928 0.1611792819
0.1398726944 0.7907201304
0.3320655317 0.6546422227
0.5856224255 0.07152927256
0.6084417353 0.1614997098
0.4552699616 0.2984642093
0.3553592855 0.5184711012
0.4403544284 0.4821873237
0.131585765 0.4426107179
0.04865326861 0.4871466015
3.222445213
3.304393599
9
0.8682518509 0.7398798811
0.7361563967 0.2565164389
0.61749502 0.3690054051
0.6425499958 0.4326062282
0.7063004521 0.4614704172
0.1005938922 0.4898836667
0.3109285571 0.7096475434
0.3155768375 0.879581509
0.7445081708 0.7881888774
3.853249608
4.0545025
15
0.617738486 0.1267511708
0.8450874761 0.1218889263
0.1586579602 0.3586453796
0.1168818472 0.2388947799
0.2384506284 0.3797284946
0.8971289573 0.3013878103
0.7713808632 0.3982155212
0.2333799871 0.6318356565
0.1308837667 0.804757859
0.203894291 0.5367016421
0.2406925331 0.572543579
0.4563126735 0.5231526743
0.694064983 0.6098525604
0.7925034729 0.7414829007
0.7718168027 0.8837915527
3.771808282
3.869405914
12
0.02695471359 0.9781283544
0.4703523234 0.64861695
0.3919197255 0.3693349086
0.6534938288 0.7455935133
0.8327387091 0.6068690532
0.2651497673 0.3981830506
0.4085425747 0.2981974406
0.3592823393 0.222163722
0.3577371699 0.2579527555
0.5005122044 0.109243839
0.2047355662 0.8758092424
0.1747762665 0.9309949072
