15
6.394256
6.608524624
44
0.279034662 0.7036333023
0.01947197457 0.4540383288
0.8603851478 0.2219044554
0.03711938236 0.4271522387
0.07961674271 0.4223159176
0.3427010022 0.1556350345
0.2206776397 0.255263658
0.3018549743 0.2315406225
0.1832974928 0.06200070371
0.1612080335 0.01961893226
0.09693850092 0.1288417244
0.3162884792 0.3474212789
0.3443939681 0.2868802606
0.4081658924 0.2807046634
0.167226761 0.3387180721
0.1541979688 0.4386744984
0.2091661947 0.504968359
0.1214312334 0.6199425684
0.07105010498 0.7339347302
0.04827254562 0.814993654
0.09883681819 0.8557991306
0.1671604878 0.8462994099
0.2083013255 0.899204127
0.2454626503 0.8784372627
0.5134978656 0.9136533901
0.5009609214 0.724104377
0.5898523386 0.6419669925
0.6863429009 0.8671917172
0.6335101387 0.9600811199
0.5890875214 0.960368034
0.6496538726 0.6190743602
0.6497866999 0.5634085067
0.8919986475 0.8704338715
0.5479471295 0.4805719784
0.9387397618 0.7750920718
0.8885752337 0.8181775434
0.6904318383 0.4234468645
0.9084971525 0.3171548163
0.8208722257 0.4333238842
0.8840164122 0.5203495798
0.5419551743 0.1526949875
0.6125236504 0.1231652631
0.6066551543 0.02984835943
0.6282581757 0.05070941276
6.594812128
6.8328523
43
0.1146606679 0.8676931305
0.9128437017 0.9713682559
0.4579193194 0.9616811206
0.7686065046 0.1309309509
0.5081367225 0.5724359444
0.4945720925 0.05813212457
0.7836050867 0.2602505553
0.8137468942 0.4703950354
0.8123299186 0.8893949152
0.5275493857 0.1602096797
0.5030888993 0.12769783
0.5096872664 0.1121860355
0.08094340054 0.1588125795
0.4332218601 0.6774458149
0.6583902762 0.3381864803
0.7596558653 0.5356896652
0.483256228 0.2062558392
0.79720416 0.6458334115
0.8570302073 0.7044384373
0.8523487839 0.7609792682
0.8755865141 0.774906852
0.8088511279 0.7876160236
0.6226506608 0.6214213967
0.655188184 0.6227039338
0.6077067737 0.6937665251
0.5820886467 0.7365104536
0.4070243804 0.7358997199
0.3094342028 0.7509632425
0.3172199444 0.7372384288
0.08354537648 0.7229060752
0.1327325658 0.7732480999
0.1132104426 0.6703548675
0.08523000964 0.6083490337
0.1204614459 0.5593418546
0.2328445224 0.5675478407
0.2655117969 0.5174971475
0.2451533997 0.4773132386
0.04827973546 0.4144557766
0.0738267625 0.359546363
0.2387620754 0.3774720454
0.2712860059 0.3968261085
0.3365671619 0.2758563923
0.3176280523 0.3727725841
6.531347066
6.762504111
39
0.9638772355 0.1910011871
0.8845228023 0.03341205115
0.01000762538 0.7655790429
0.8646493264 0.1388623206
0.06432674006 0.7423586326
0.1015438602 0.6625294699
0.0509400922 0.5934537902
0.1700107742 0.05797155924
0.3654744145 0.922135608
0.3598985627 0.09762215185
0.538892598 0.9961724544
0.6295758704 0.9523227773
0.8521343075 0.9156135398
0.5584789072 0.8033513822
0.8381295902 0.6569989062
0.9290113501 0.6123914519
0.9322104789 0.5402341784
0.9944927621 0.4318291169
0.8647222406 0.2833792501
0.9115970064 0.1922582144
0.6820719332 0.2443400146
0.5949394185 0.2787718472
0.5061736467 0.3651502935
0.5621345711 0.3468204549
0.5700734752 0.1992365382
0.5835878822 0.1866207467
0.4404555802 0.3052870419
0.4320694562 0.2850287104
0.4242649323 0.4738937599
0.4459003326 0.529406794
0.3766613673 0.5650220722
0.2514918964 0.5533513348
0.2051677423 0.462263963
0.1473234208 0.4294354862
0.1846745394 0.3269221641
0.07153100621 0.4543005493
0.03463814847 0.4313389949
0.03711368883 0.3566166613
0.1625117796 0.2470241306
6.576977411
6.797775876
44
0.9179386834 0.02488913512
0.5162112662 0.05429971048
0.5635873043 0.8710447581
0.2172544495 0.9246385089
0.4636818711 0.7538038739
0.4651175933 0.8348773804
0.7759704001 0.9431809023
0.07239716101 0.8195597792
0.1226949527 0.8152361625
0.04160336347 0.7798202116
0.7314844687 0.1392563371
0.714338514 0.1784171864
0.1032622551 0.6577984359
0.05107902849 0.6831894691
0.7966656721 0.2391737173
0.8019645654 0.787938698
0.8455141163 0.83414608
0.8409130673 0.7219002842
0.1628292795 0.6938593623
0.2756193041 0.6545324135
0.2947034355 0.576933392
0.5173656489 0.3126951175
0.3345788995 0.3014405769
0.3760759253 0.3130699396
0.3855365306 0.3500647602
0.4826787628 0.102845449
0.4944511813 0.1487208233
0.5191744701 0.1556271646
0.0816474617 0.3851796492
0.1493189218 0.3501903432
0.1972628046 0.380921254
0.124644614 0.2246817797
0.1318753867 0.1865942755
0.3456567008 0.05600803644
0.9773166323 0.4475708959
0.746112421 0.4273577518
0.8079462356 0.3965012691
0.6658272232 0.3671488465
0.6200686109 0.4462667539
0.8378393286 0.6312937898
0.8765653346 0.6031413489
0.5410330249 0.4306987693
0.4135142235 0.5533353576
0.4109464876 0.516895073
6.674687782
6.903249355
37
0.127386632 0.2374866933
0.4517638332 0.9708183957
0.2779393959 0.2388205558
0.6868122992 0.06403139541
0.5041317187 0.6908081357
0.05897519575 0.1289536222
0.1365522823 0.1426954919
0.09825556668 0.6547769602
0.7793045407 0.8046950814
0.8637713014 0.8915756505
0.1536685893 0.09294372354
0.5038151654 0.1070652814
0.4366115646 0.09148371635
0.5108261631 0.2267218609
0.4826328341 0.2516915023
0.258373075 0.08400994154
0.4805236264 0.3622138599
0.5008084233 0.4036218413
0.5561747763 0.4073971682
0.3052384496 0.1558307605
0.3356607575 0.7933963542
0.7718799766 0.4749170109
0.8808900425 0.486929536
0.7343348167 0.6444522201
0.2530221739 0.7874083135
0.07147076135 0.9089237133
0.1664461588 0.8750999145
0.6690294211 0.6475934395
0.3407498131 0.4486659466
0.4995952319 0.7607203694
0.2722678145 0.6744864583
0.3881263708 0.8860465986
0.3845270151 0.8258175955
0.6594388813 0.7763445495
0.5896836166 0.8170679944
0.1912695232 0.4832185628
0.1936145546 0.5907646228
6.466368368
6.694249036
39
0.1097811824 0.6373949284
0.06604434265 0.7031219965
0.09979546335 0.7893372279
0.1542098578 0.901281181
0.308217659 0.9811486285
0.8975327288 0.8448231409
0.7201380493 0.9425876622
0.8556116221 0.9310172372
0.6009463618 0.06637597084
0.5836990792 0.09373612794
0.6779619135 0.8684584143
0.6520496322 0.5850012055
0.5458082507 0.5474079649
0.4809087291 0.5636401235
0.9062341009 0.4945170376
0.9497330303 0.3880550559
0.4167670616 0.5038989409
0.3551149872 0.5205263665
0.3558253244 0.5415573586
0.2911977357 0.7413151545
0.3153785967 0.6963844415
0.3409683631 0.2585685103
0.3850643714 0.2252745127
0.3963981295 0.8399526862
0.1765684629 0.3762247136
0.1864315169 0.2615064799
0.5103118959 0.2640010535
0.504148021 0.7845143673
0.1200394243 0.3937454563
0.1064316459 0.462399829
0.06525194796 0.338420925
0.07735405907 0.3455187832
0.5710641895 0.8120412659
0.5396053183 0.8200304799
0.5229253972 0.8791708452
0.6848152337 0.3254301611
0.6530499016 0.3746585243
0.7555259467 0.2037644752
0.7685662069 0.1414048289
6.987863494
7.277264199
45
0.393007619 0.0899305256
0.0255495365 0.5820167621
0.03507389097 0.06347063528
0.09532587431 0.06557858175
0.05998573826 0.7576170348
0.8688783843 0.7422277222
0.423996425 0.1646204298
0.9215827429 0.8989130004
0.8323719438 0.8039637582
0.7350319872 0.4634363083
0.8077784731 0.4644975818
0.8519800674 0.405303802
0.9382113588 0.4155094761
0.8414486919 0.3483103827
0.7621247944 0.2898879443
0.8620504409 0.09010264044
0.8900503653 0.1549225907
0.638057795 0.1126793503
0.649105437 0.1547123761
0.6030210116 0.206127299
0.5623993212 0.2011681732
0.5070511962 0.5258109676
0.5788965178 0.5503647384
0.3657078723 0.5321063044
0.3548071765 0.5550029484
0.5339860497 0.6765765113
0.6989259911 0.5247059234
0.2181425786 0.526765053
0.2406886114 0.5622489263
0.5053509447 0.8414532615
0.549708382 0.8122258646
0.1835025588 0.7168119054
0.2291526615 0.7415088216
0.4007555894 0.9429518831
0.400094735 0.8590652167
0.4419860925 0.974304013
0.1870340482 0.8972716545
0.2067676995 0.250522178
0.1425920821 0.2342708241
0.1217575935 0.2576204359
0.01497877616 0.3253461836
0.10726422 0.3200116196
0.2935385075 0.2042153716
0.3991178449 0.2116235654
0.4259733989 0.2554667859
6.394971137
6.631452045
38
0.0384910322 0.09021008136
0.1029409518 0.4480127766
0.747679077 0.3782696357
0.05738852762 0.6725802841
0.1091002618 0.9301994334
0.09113057126 0.917875705
0.9068666606 0.2002925007
0.4529937568 0.9194161677
0.9712355255 0.6850711905
0.9066243627 0.8898106951
0.1079816874 0.3895832211
0.1613401672 0.3729588454
0.1590380719 0.658845233
0.1914344512 0.6700362725
0.8831814292 0.8205523952
0.258716941 0.8070482563
0.2196865031 0.799252508
0.1664718276 0.8598354435
0.6746519092 0.07129483546
0.3933353158 0.8520498846
0.4628237182 0.6891566322
0.7486940239 0.7846280056
0.7232665452 0.8094505423
0.7464492921 0.7175695927
0.6931970276 0.6603137635
0.6122166328 0.6557912981
0.1753527236 0.2730034065
0.1249081412 0.2497471618
0.0843071249 0.0998229483
0.1324820872 0.03992369488
0.5946934665 0.4564063496
0.5653805738 0.4854523851
0.6841350653 0.4627444973
0.3063007154 0.0382607801
0.2630151542 0.05811924414
0.2529203474 0.05095706281
0.5683600222 0.2412655103
0.54691215 0.10322147
6.914321113
7.165287369
48
0.4550526687 0.09574054396
0.4181862316 0.1524794737
0.8591214102 0.1125063789
0.0659944365 0.09470593598
0.187469509 0.06884063699
0.6979185258 0.01853142839
0.6224266988 0.1304115429
0.5067243027 0.5548054538
0.5595815393 0.4979646188
0.2660801108 0.2687092715
0.2923633987 0.1735439599
0.9006650773 0.3140831549
0.7861666909 0.2112998672
0.5742548232 0.2756695843
0.6516580613 0.2674652884
0.6798729334 0.203943236
0.9230900241 0.3802112503
0.5170976097 0.3911129092
0.8306187583 0.5693102128
0.8705953658 0.5223058943
0.3751934266 0.374815255
0.3262767823 0.4224641467
0.3328254108 0.3864089452
0.8409946147 0.6466335134
0.8494543473 0.6547909715
0.08022562474 0.3964349053
0.1488577714 0.3987011313
0.166362675 0.4314728055
0.02526520693 0.5140000313
0.06025356397 0.4954750234
0.1814700166 0.6636497328
0.1273277784 0.7360801667
0.09550843853 0.7377988054
0.04812087027 0.7704342655
0.3006970543 0.7088776102
0.3234432179 0.7832540834
0.2950577794 0.8228364239
0.4823617204 0.774242066
0.553547936 0.8503315059
0.2074242729 0.824258106
0.1938844785 0.8503415468
0.5941552054 0.8504024122
0.6104666505 0.8193723169
0.6717116601 0.8169438842
0.7300294918 0.8040516178
0.7604793296 0.8504407648
0.8350190228 0.8461677685
0.8715666154 0.9018466083
6.719510819
6.953979314
38
0.6995573799 0.9524886971
0.9537783802 0.5529189662
0.9356807306 0.5903420644
0.04039790361 0.8496414093
0.09912923165 0.8554603166
0.4613036655 0.2378824238
0.4210627033 0.3342446647
0.7262180807 0.07951840996
0.7227714379 0.1373476746
0.7802296622 0.2013992191
0.235821202 0.7017720338
0.2749693027 0.7489575274
0.2491518272 0.8499550775
0.3853048495 0.7434908472
0.2085382341 0.8659923909
0.157022534 0.8296403798
0.446071819 0.9028502476
0.1249809054 0.2994771057
0.2559809479 0.2843879959
0.09109307 0.09433776802
0.2192934552 0.08965019217
0.6714862138 0.6900241895
0.7534481119 0.7548719273
0.7267432735 0.8161945127
0.7519497899 0.9296331792
0.9246265255 0.8678801651
0.9331662658 0.2391280621
0.8647893274 0.1778977619
0.9221092933 0.1016180309
0.4887500236 0.5189465053
0.8676088702 0.4214248931
0.2508741479 0.5957685899
0.1707277931 0.542531902
0.1733385561 0.5009636772
0.1044100534 0.4551783736
0.6288074424 0.6096824992
0.6591846509 0.6278223822
0.4724769371 0.5518189366
6.832950895
7.030951152
40
0.7926013149 0.01764903488
0.9812193448 0.4735743716
0.9057027308 0.8057344768
0.9591688016 0.2837159455
0.1706613431 0.9003113688
0.06099199558 0.8849076465
0.06832039676 0.718203451
0.9029739096 0.1004205677
0.8107023842 0.1099875644
0.1699439826 0.5793299953
0.1745325657 0.6656122898
0.8048075479 0.4894727395
0.07228660567 0.5302124026
0.06946084792 0.4924019776
0.02836513651 0.4726010168
0.02836791276 0.560142563
0.1489912414 0.4139342098
0.1153579506 0.2207178926
0.1088355911 0.2684235116
0.7675027333 0.2248082293
0.7563218509 0.139089688
0.7120942783 0.3215992433
0.6018619989 0.08274584152
0.7073717194 0.4658061129
0.6491511328 0.5437780611
0.4146445501 0.6316594896
0.462434058 0.6705721092
0.4253148197 0.5654440199
0.4830210613 0.3504503908
0.3368603734 0.291258138
0.2719273787 0.2202780162
0.1809807419 0.204079676
0.3118951029 0.1303847676
0.3682166046 0.1195123014
0.6789123614 0.7969342557
0.6582876204 0.9553653581
0.56840351 0.8032236794
0.5471179119 0.7737790991
0.4611536806 0.7255960732
0.4291053648 0.7458280268
6.670622612
6.854871361
41
0.3218935917 0.1495444707
0.07617375482 0.9799443787
0.1921001384 0.06824632029
0.4582899288 0.9274879892
0.5015272931 0.1861350859
0.05128853384 0.7549707368
0.5399353436 0.08301488919
0.978887597 0.8171586103
0.05636235836 0.5125832827
0.9818324911 0.8469212619
0.8885954693 0.9483551122
0.2302213319 0.9620691133
0.3391143736 0.8358691911
0.283713316 0.7439091913
0.8802836093 0.2259423863
0.8125605327 0.9509003571
0.8457108375 0.9349758955
0.7530489572 0.9045676517
0.6687908752 0.9407879462
0.6616060209 0.7144171876
0.6307149292 0.6879957073
0.2333159154 0.1690057091
0.1890393395 0.1402024514
0.2121453529 0.231081689
0.1562558462 0.2563351789
0.04670488548 0.2284088277
0.6252347794 0.6408606679
0.2680865997 0.4906011035
0.4925264977 0.6168200421
0.3788096698 0.7022378996
0.307824017 0.6853679527
0.291513086 0.5149653525
0.9370580973 0.3221819738
0.8103395481 0.4493688775
0.8658599635 0.4182179126
0.8665569825 0.3615274467
0.6510008172 0.3979783667
0.7172872982 0.439862195
0.8124347248 0.547992991
0.2612089948 0.4041444883
0.1677033053 0.3844762893
6.505252521
6.683222897
37
0.01041225915 0.1496031631
0.8906666238 0.1316744867
0.8752463941 0.26284441
0.9319298649 0.6702436434
0.03946177577 0.5120817631
0.1824457378 0.5144313012
0.04805433741 0.8414091692
0.1299535886 0.836707054
0.8034144691 0.9338178881
0.7519144106 0.897234056
0.7192882014 0.744594165
0.7716107394 0.8173836525
0.1890620209 0.8127607203
0.8372722578 0.648183291
0.7996977588 0.6297711355
0.2593386272 0.8590320492
0.2634585174 0.8951287102
0.3243038833 0.901051423
0.2948279765 0.3564117964
0.2284404682 0.3894566262
0.2635572794 0.3835314293
0.4725954393 0.4013548267
0.455796266 0.4515344168
0.2178157927 0.09018987519
0.1050206046 0.06321972055
0.0966062265 0.03064588642
0.6039155978 0.5817423979
0.5405929263 0.6225989968
0.4671629932 0.5849107408
0.2601416481 0.04508338946
0.4338644934 0.06390453083
0.6790967376 0.4679623953
0.7304924221 0.5564009801
0.7753135067 0.4278566153
0.4777022441 0.2160721398
0.5100285796 0.2692383076
0.6730447467 0.2663730309
6.882598532
7.13710497
44
0.9459820968 0.5979923733
0.7031616826 0.8428175087
0.726971009 0.6516672902
0.7836552654 0.3475747264
0.940409004 0.2406398057
0.9161059898 0.05266120282
0.7122215158 0.05319759662
0.67827021 0.5535661045
0.6472437019 0.5493095689
0.6923443405 0.5974360617
0.6041044098 0.6174301465
0.5449077526 0.63098471
0.5514811505 0.7044460461
0.5318411687 0.4438183207
0.5365320765 0.468498864
0.5208110358 0.7401629607
0.4651333532 0.3876368755
0.4059805359 0.3951709546
0.3630379145 0.3017763159
0.3853696887 0.3338795063
0.4008985948 0.5846743563
0.3355473353 0.2168533765
0.3791867483 0.2562836859
0.2331024597 0.5749435531
0.3283715444 0.1240571638
0.1141618296 0.06915853414
0.1873292745 0.0492487634
0.09732137314 0.05244826489
0.06974596787 0.2059480796
0.1392236427 0.2880607063
0.07680718955 0.3903340576
0.9104955156 0.6983825417
0.8606740853 0.7061676446
0.3729890158 0.8794882893
0.3265584717 0.8636638605
0.3840043375 0.9352223617
0.2196765825 0.8970433089
0.2065449379 0.9534876957
0.1174065546 0.6774531785
0.1637785479 0.6788934738
0.8639411832 0.8815890896
0.7886766401 0.9058079515
0.9615673915 0.7948236457
0.9332711088 0.8468097996
6.205148881
6.382532365
34
0.01379673406 0.4484445715
0.2143731002 0.7472702487
0.180985157 0.9512085563
0.1235127672 0.881158555
0.1349694209 0.2542917934
0.05443526335 0.7042421589
0.1015984092 0.746197938
0.1613749071 0.726377714
0.04782386072 0.6251764876
0.7066811536 0.1968124079
0.8151600152 0.1703284007
0.6093862465 0.1528741082
0.5418866116 0.2057828034
0.9620489121 0.2965822676
0.8401294195 0.2895765019
0.8322040594 0.4131738692
0.5519241215 0.4111273593
0.5954508585 0.5714065198
0.511655713 0.6863622315
0.5645440687 0.7742743442
0.6013954188 0.7736109503
0.6271720533 0.8117358959
0.6155917434 0.8538882207
0.5348553075 0.8848314688
0.5482824656 0.9143025294
0.7712864655 0.7636444514
0.8174963938 0.7999460861
0.80691774 0.6644857303
0.7654875087 0.6161181593
0.8792255176 0.5833764426
0.3058706291 0.4780872456
0.1091711638 0.5510141469
0.08968627993 0.4677553709
0.4006680276 0.670716665
