15
6.257418035
6.44382259
35
0.3654080582 0.437847777
0.02985506013 0.2155301381
0.1563581305 0.1219371429
0.1218757488 0.2010708749
0.2380638023 0.2533679886
0.1688536776 0.2756398637
0.3979868882 0.2981747754
0.1330174091 0.4015419674
0.1678775389 0.5491739968
0.2254980942 0.6217514109
0.5851909158 0.1255648004
0.6271457883 0.07572203207
0.4611892626 0.1035017293
0.03652806039 0.6379351292
0.8204419509 0.1841481927
0.7933961204 0.08661053616
0.7087814606 0.06472446955
0.6848634582 0.08906186499
0.08891465274 0.9009495354
0.8757855163 0.211166615
0.2527997871 0.9440054856
0.2455508701 0.8951438796
0.1796058427 0.8690858102
0.9426706076 0.1173454142
0.4011452024 0.9581243813
0.4172115207 0.9299272509
0.526768531 0.9385641911
0.5698754915 0.8780712158
0.6933965437 0.8725351917
0.8420916584 0.9565130534
0.9613362907 0.8496498629
0.859225552 0.6239323171
0.8947343436 0.6400616811
0.6986370903 0.6539123746
0.7677118415 0.687832338
5.695396267
5.857180001
33
0.6060020108 0.7519048168
0.03224203747 0.9628802606
0.8234431345 0.3800011939
0.9314556277 0.6984778289
0.9599919997 0.6847120162
0.1874763563 0.2236923893
0.130536813 0.1790448634
0.6986555724 0.6812739744
0.7913516985 0.7407807112
0.7906383548 0.7514418061
0.8549779134 0.7902261015
0.6543267355 0.5137193064
0.7217324172 0.598318044
0.8296461471 0.9195600292
0.7815089028 0.9340237765
0.575095326 0.5121325767
0.6488696592 0.2346483063
0.6034724091 0.2596676369
0.6445861465 0.1551696979
0.7767914572 0.9570965715
0.5059255209 0.1000228396
0.4601978082 0.914818279
0.2726013656 0.953221025
0.3052120656 0.9333829548
0.1347659824 0.9418776976
0.132527682 0.8769032271
0.3271876781 0.7092050073
0.08661853414 0.7736308389
0.1364560596 0.7187529501
0.3152482611 0.38846493
0.307778409 0.4272537297
0.213867454 0.4876385463
0.1554832976 0.473952177
5.872480074
6.05438873
36
0.1103637755 0.9340141801
0.09239603727 0.869687964
0.1188335308 0.8911423571
0.8247426467 0.9187026888
0.9202439613 0.1128526037
0.8987615249 0.1325853115
0.7474284055 0.2481303707
0.7495080057 0.06512137515
0.7811793409 0.1052171139
0.6043324718 0.08529006069
0.465446228 0.1600543429
0.4830436051 0.1219940352
0.8404268428 0.6413614281
0.8621251271 0.7226921822
0.7253203664 0.5822052715
0.564987556 0.620155585
0.4699982769 0.791219248
0.4393527754 0.8256203836
0.5086395609 0.7992183436
0.4724925187 0.6827330776
0.4198546597 0.6421690937
0.1301879809 0.6993439692
0.1931379631 0.6743428752
0.2037170979 0.6021703622
0.2658559943 0.5774913975
0.3717670463 0.6612523212
0.1297084606 0.4838124773
0.2207189714 0.408543347
0.09057800189 0.271648833
0.3160078691 0.4479219292
0.2809898983 0.4044316287
0.3887506907 0.3161517677
0.5230223259 0.3190977453
0.3692863812 0.1357026251
0.3831406898 0.1683480249
0.3571835716 0.2027889988
5.624164105
5.748016385
29
0.0556994757 0.1628768057
0.05491877292 0.4522310977
0.8546032724 0.209062152
0.2413151006 0.8704419082
0.1248019448 0.9031358656
0.7889697441 0.1541301521
0.747437836 0.1658419671
0.3137628325 0.2275276984
0.3819110289 0.2534656336
0.4280460307 0.2083732444
0.425059681 0.1578091296
0.4046460696 0.3407849547
0.4638039696 0.3681804923
0.3057560445 0.4781565705
0.648515897 0.9340366481
0.6870365639 0.5556632928
0.7823853691 0.6979743979
0.6876852765 0.6590815103
0.2498891304 0.5832651853
0.1868810611 0.2480254197
0.1061384752 0.3312294218
0.01288435907 0.3072449195
0.4869569136 0.6833967952
0.5006782512 0.7207780584
0.457459183 0.7725709981
0.3918633389 0.6438882009
0.3209400839 0.646470651
0.8203016004 0.8797484327
0.7786529126 0.8412841847
5.754511555
5.884443948
32
0.06223905423 0.9628962056
0.1335452858 0.2578021136
0.4026246289 0.4503466502
0.6949995003 0.8694311016
0.660168033 0.9288302389
0.4758417261 0.862190433
0.09015325605 0.7573463975
0.1290872396 0.8410067128
0.7231660283 0.1744317719
0.5707821047 0.4495427423
0.4961013462 0.4091231179
0.2561002073 0.06897536051
0.1955233514 0.09509980884
0.1231852617 0.04123693079
0.7037247594 0.5605654615
0.1701806553 0.5244393303
0.3303265829 0.03919065395
0.3371331988 0.07868192954
0.3083643047 0.1026336415
0.2178336474 0.6132591184
0.2033403025 0.6645393563
0.5770340764 0.7829220215
0.6170420844 0.7736566639
0.7301991198 0.1075043409
0.8351348061 0.02692338934
0.8196122365 0.05759818129
0.8738754573 0.1387828758
0.9222119159 0.1347410165
0.9612451927 0.1909445802
0.7204968508 0.6510551595
0.938320048 0.5951211021
0.9238982572 0.5503990014
6.163252761
6.344462111
30
0.2160403169 0.07148477482
0.8765049601 0.6973007965
0.5439332287 0.138544293
0.3571446975 0.7565969566
0.955849014 0.9421200101
0.07268383509 0.1359846332
0.05632188798 0.2366034037
0.1198610903 0.9909285835
0.7274422527 0.9525132593
0.8754601099 0.2847304539
0.8907121578 0.3360217865
0.7580746337 0.2285583282
0.5671666933 0.7163717263
0.5881035063 0.8583408738
0.4070752754 0.9104612878
0.4952756085 0.9200626725
0.4974123928 0.4849312546
0.5951204054 0.4727793421
0.3926071448 0.3644779111
0.4694331365 0.2984574093
0.289785694 0.3408405058
0.1624983917 0.9081589547
0.2954021617 0.850117239
0.3015348018 0.7955136438
0.1538873546 0.3173154431
0.242866993 0.2872650559
0.1361055482 0.4842306081
0.1114055924 0.6560797052
0.06598347661 0.5688256949
0.4764211515 0.1708915801
6.030849951
6.308848209
35
0.7347410358 0.9650488942
0.2033143113 0.09881820855
0.3925833892 0.04836108023
0.6504766195 0.8434675219
0.7414059748 0.8850600343
0.5696350151 0.745638596
0.5719047366 0.7852202085
0.867734342 0.8388125656
0.8968551626 0.8653863913
0.9561299601 0.8436986015
0.4457528989 0.7247875764
0.8419693679 0.7011697217
0.3176798482 0.8864000361
0.3261313933 0.7985203865
0.2117752661 0.9346783924
0.9176173138 0.5604537241
0.8851690039 0.5795386131
0.1044688098 0.8806602134
0.9693747594 0.4040071531
0.1188090103 0.567157872
0.09560900783 0.5547058828
0.7680961881 0.5335019096
0.1791038291 0.3910218191
0.133586619 0.3941337056
0.5966551359 0.5263983181
0.01985956572 0.2424492533
0.05763120197 0.2506722651
0.1784247303 0.1985602627
0.4163083088 0.3817827084
0.3956927163 0.2514129716
0.462753865 0.1531586158
0.6107477485 0.1263898602
0.7047435682 0.0790023222
0.8637868999 0.2067563485
0.979766021 0.1038132929
5.952855469
6.172574782
31
0.9392797673 0.1529366308
0.2428935828 0.05163981308
0.3153860345 0.02654910477
0.416408405 0.1090866692
0.05591525225 0.8369589922
0.9477686118 0.7451395114
0.6217939219 0.9005648197
0.6793102295 0.928342456
0.1164584026 0.881888389
0.1262631749 0.4406405167
0.1066862066 0.3801214673
0.06920564879 0.3721038361
0.1780195415 0.4642233227
0.4326901412 0.2665703318
0.5081965179 0.2995043248
0.2348130868 0.6082101929
0.5242633978 0.4272023365
0.4877236308 0.4755188032
0.5989055793 0.4659861775
0.6619605125 0.6726805234
0.6312528811 0.7482724484
0.5970867738 0.7849077009
0.7731570147 0.5139682357
0.739573077 0.4814484628
0.89047342 0.6353135893
0.5100574444 0.7606615428
0.4030695456 0.8022239735
0.3731127369 0.7539841624
0.2308422509 0.7800350603
0.3010453276 0.7972908405
0.3442268488 0.7522763977
6.107672887
6.354169263
35
0.8988762829 0.8797723765
0.9058799731 0.8148639
0.4068882142 0.8997790609
0.2128015406 0.8709380273
0.2232157547 0.9371667394
0.7309025386 0.9200613641
0.7427483106 0.9570388724
0.7622441359 0.8855413448
0.446872042 0.7046503718
0.4543979919 0.7296119724
0.5387945721 0.6259823213
0.6165157158 0.655680236
0.6261520414 0.7159245373
0.7807069675 0.3580470061
0.8684470554 0.3649303636
0.9364124404 0.4610258849
0.921780887 0.3177909346
0.8939844362 0.1699564594
0.9470322491 0.05941538552
0.731507894 0.1377486978
0.7363617746 0.158541292
0.6951109608 0.1971971305
0.6896545168 0.06752987981
0.1327119109 0.07511081839
0.1102724642 0.02180777956
0.3086074362 0.07916496819
0.3044457297 0.4755766036
0.3573145123 0.4340866462
0.3087193038 0.5570769189
0.3335801752 0.5793316483
0.2267054106 0.6014517625
0.3422528265 0.6823539961
0.09244510581 0.5753256837
0.03654083254 0.4625738851
0.7204018793 0.767993582
5.714735044
5.886229046
30
0.9583536822 0.4630800594
0.9533907556 0.4177479749
0.9826634022 0.9269808353
0.9671010508 0.9202565792
0.6533968895 0.9327138133
0.6271891622 0.968057914
0.4887131392 0.6019112637
0.9216251201 0.03859146766
0.8143381853 0.1209567206
0.5460629454 0.04262306399
0.7678224201 0.7087305017
0.7333502114 0.604447756
0.7140166647 0.6224182442
0.6815032839 0.612420413
0.6035618779 0.5633860579
0.5599722696 0.4660653732
0.0968822132 0.6368370888
0.1443813948 0.6694934107
0.1369521304 0.7308497916
0.232015846 0.8255511417
0.3193160494 0.8246296616
0.208780569 0.9176851032
0.01767683076 0.940281423
0.2121143048 0.1452855078
0.3001051714 0.3067170471
0.3131823027 0.2308766542
0.4092478558 0.3472027003
0.1638490974 0.3808298892
0.1771341876 0.4678750266
0.09124924182 0.5215924007
5.764836056
5.939768509
32
0.8948652221 0.1308849304
0.9544724639 0.1023365869
0.5776109016 0.6620918619
0.1444088861 0.9519427716
0.5104223757 0.8265756274
0.5283023488 0.8865890641
0.5219982237 0.1518121015
0.8440262371 0.3693490942
0.8110234119 0.376770756
0.9142883017 0.9226459677
0.8552611915 0.9030690586
0.08253340219 0.6760587514
0.05817200272 0.781418066
0.1414640237 0.0542838968
0.1884620687 0.1518773238
0.1831237585 0.1816305621
0.1512739152 0.6592913944
0.634695818 0.222854312
0.1979521319 0.5361445555
0.9452418314 0.729670216
0.8516454592 0.763850532
0.8181608826 0.8205896185
0.6980262405 0.8397248425
0.784318531 0.5462174119
0.8176115176 0.5813459553
0.8044209664 0.6257719489
0.6269832088 0.3727227192
0.4921117961 0.4814862597
0.3751563243 0.4487543678
0.3548379489 0.3408852762
0.3102450674 0.3200556698
0.7846854494 0.4432450037
5.67313876
5.791331291
30
0.8911420349 0.2553481649
0.6818646032 0.04049209672
0.02884320573 0.8276420367
0.06102543859 0.7632774745
0.8894850092 0.2978377769
0.2253882321 0.783539066
0.6283892105 0.5696275601
0.5907861428 0.5704745697
0.785199374 0.3142323139
0.8208369973 0.3235790186
0.5832377739 0.3120380741
0.8968605202 0.7453829727
0.5802082153 0.101118748
0.5761328573 0.1649351941
0.5320898212 0.7154211727
0.5296313895 0.6209617184
0.5518219298 0.6314859955
0.602610154 0.8672476716
0.7107176342 0.8878914025
0.4665273091 0.510253778
0.3566455907 0.524499158
0.2653476171 0.8147752335
0.366840532 0.789236052
0.4070601496 0.9151946087
0.4467621181 0.3120113274
0.3102121232 0.3352201777
0.5199498292 0.1969281885
0.5249893542 0.2498302257
0.2701751642 0.4733546482
0.145912863 0.5222684571
5.968368124
6.168890009
30
0.8680315346 0.8665960703
0.648823434 0.2934434829
0.6625673773 0.3095353516
0.6006489013 0.8215525845
0.6569907019 0.3790086437
0.696832504 0.3998322131
0.9054978089 0.492088682
0.9431899896 0.525280726
0.7045642535 0.5193512002
0.2354993192 0.2976263364
0.03195775507 0.1828309406
0.08288158694 0.3042288754
0.3692369385 0.4656202226
0.285415537 0.6265619939
0.5152584028 0.5014701637
0.4823286665 0.5093607228
0.3379942182 0.807700398
0.3486958301 0.7776583557
0.3144953444 0.7374630063
0.1979833807 0.758832724
0.514585244 0.2446197541
0.4830808174 0.2784164516
0.09573032824 0.713511597
0.4826652911 0.1371657648
0.1134096811 0.6075336601
0.07567899283 0.6333642219
0.356073366 0.04884980743
0.5814102733 0.6501693992
0.6458482667 0.7141832736
0.5744795633 0.5695329001
6.117819783
6.363344602
32
0.9504479793 0.8525973642
0.9558252241 0.8834269681
0.1909537573 0.7148271754
0.9223230199 0.05299059052
0.9753168491 0.3515577146
0.385757059 0.5082793684
0.8213966312 0.8452210236
0.06776034148 0.7761745209
0.07259991517 0.8698810525
0.1187849976 0.5447144058
0.1435159808 0.5001117596
0.101598037 0.3685683333
0.1911360827 0.2457440674
0.3201138475 0.2732537585
0.333150476 0.3123428642
0.419891187 0.1540643072
0.5532332015 0.163618688
0.7077693039 0.2752623148
0.5731549383 0.3909429567
0.6189734456 0.4196929157
0.5839612949 0.509276643
0.6133342907 0.5754802648
0.7836176429 0.5548242006
0.7141242923 0.6028085499
0.8724617602 0.4142004161
0.9089165765 0.5607502225
0.7287364737 0.7648476579
0.5960234118 0.8129025733
0.3281601672 0.8719396668
0.3413565073 0.9399109783
0.1712376369 0.873917671
0.2141904035 0.9679337989
6.143383707
6.324201398
30
0.5511343051 0.07757442611
0.9769350439 0.7548115699
0.4076118974 0.08036786978
0.9259994291 0.6614686307
0.04927255193 0.8805006121
0.1612701565 0.8653745959
0.502082049 0.913283865
0.06545582287 0.4431111904
0.1127204233 0.3864624245
0.1042900241 0.1831693117
0.07530786927 0.1246039384
0.2467623769 0.1453201854
0.3595332081 0.199071179
0.387562611 0.2577228342
0.4457311583 0.6922890451
0.3991626215 0.5902299531
0.8111646569 0.6687137163
0.7617906857 0.8042585573
0.7356344684 0.7259782956
0.7708634011 0.6861923966
0.4464112223 0.4093397722
0.4214259971 0.4331050867
0.8505688957 0.0458622479
0.838885846 0.1068577133
0.598831161 0.3435945073
0.570754555 0.4484209323
0.5316392669 0.456385859
0.6618267845 0.5229592844
0.8076052565 0.3580288818
0.9275550731 0.3524385691
