15
4.774045341
4.939171233
27
0.05705925395 0.1742279605
0.06078127636 0.1477217245
0.07754393439 0.7811416066
0.9388918199 0.7624416522
0.7418707036 0.7937382692
0.8933977803 0.8094619187
0.1140669159 0.6107879375
0.1122970496 0.6596657051
0.6100390904 0.9301667802
0.5091797406 0.8832147361
0.4689985365 0.9288453134
0.2924625851 0.5433583474
0.258334382 0.4647666566
0.4716814147 0.6009626105
0.1637068797 0.558796489
0.2209418171 0.2521341113
0.1588932995 0.2731126891
0.2750095412 0.079876391
0.2674849276 0.1526430261
0.4715126011 0.349641513
0.4051957455 0.3713459397
0.3717828689 0.3413898814
0.5640099479 0.3796386116
0.627534941 0.3202490592
0.7246581721 0.392324972
0.5534591724 0.1049282749
0.5984735341 0.1254117769
4.812986967
4.958327382
24
0.04363409528 0.9550144765
0.8699484571 0.4312370201
0.4011293931 0.09350805768
0.7571739597 0.03545286813
0.939975769 0.6093142563
0.3589069699 0.9141781619
0.2875831981 0.7810627184
0.2717347184 0.6227476984
0.3296756391 0.5568344252
0.3112586995 0.41938831
0.2116692938 0.3674014959
0.4670573523 0.5715210436
0.4626037263 0.5081218423
0.5004146588 0.4826004948
0.4245646042 0.600202489
0.5552484917 0.7137790704
0.4530543073 0.7097116847
0.2286816458 0.2719232242
0.6233500939 0.5148254707
0.6708732339 0.4505816882
0.3715297975 0.2342708265
0.8187866107 0.6597178362
0.7701697072 0.5970408513
0.7850935606 0.5604714289
4.94587832
5.134506604
24
0.9147763496 0.5465565238
0.9164003597 0.5037902626
0.6023599839 0.2924720934
0.3423950853 0.1625543304
0.06790595727 0.2895275844
0.1735375533 0.2767387332
0.805057128 0.08830869672
0.240408205 0.8775160967
0.3394489885 0.8326170637
0.5504702345 0.979902937
0.8800958998 0.819448678
0.8075856196 0.7479966753
0.7378053349 0.7647243803
0.8468693562 0.5819439219
0.7953502284 0.5477044644
0.7609971101 0.3655471227
0.7501939591 0.4131198278
0.8330930187 0.2364916625
0.8702672564 0.2951585493
0.8677309906 0.1703468138
0.6139836243 0.4497547518
0.3889909917 0.5666838821
0.2652623462 0.5386321552
0.2219097024 0.6034257012
4.846180502
4.995707194
24
0.05967954524 0.1271548533
0.0852361105 0.1917541854
0.716223523 0.991259498
0.05939171121 0.8492530674
0.1658058997 0.2101278411
0.5207432224 0.9394517998
0.6044134553 0.908164115
0.3423801025 0.9238304994
0.3484072093 0.8748679836
0.8368314068 0.6695807735
0.8613242285 0.5893262986
0.7120396502 0.5032909628
0.6325244824 0.5492812496
0.6751581472 0.1918903221
0.7061895942 0.2460080623
0.8512998573 0.1071896616
0.4237283873 0.4619858401
0.3041752266 0.5873032618
0.3390361549 0.6537635139
0.2800663243 0.7469678953
0.1945780237 0.7435025251
0.6731353669 0.3231744329
0.4840532919 0.2940185128
0.5403809499 0.28058929
4.835551265
5.030323337
24
0.4059457519 0.2274392951
0.04340413766 0.9098888
0.6881086679 0.8223339572
0.08598284255 0.7120987904
0.07209977173 0.7102691232
0.9144359838 0.1421867725
0.9565900686 0.2138830488
0.7568787311 0.09181660976
0.9003899835 0.345452233
0.7818237206 0.3574112871
0.7427753275 0.4516658355
0.4103759017 0.09916682153
0.7946573689 0.5479910498
0.1695923587 0.1151601761
0.2384966072 0.05743517699
0.9311410315 0.5565641324
0.7260791424 0.6277842303
0.6493833878 0.5823568326
0.4698273764 0.537687456
0.177076691 0.1912211739
0.03072968265 0.2678730742
0.08827876909 0.4184998953
0.02699720956 0.3834966051
0.1735849497 0.5738484236
5.2504575
5.401623951
21
0.5378381131 0.9500839877
0.5535175001 0.3594905532
0.1766166988 0.8742427376
0.7505852023 0.8240745906
0.8151613485 0.201458864
0.8715254318 0.2202728482
0.6106144689 0.6272145618
0.5582910119 0.8417252005
0.8300862527 0.009112907752
0.5419471114 0.6917948972
0.5161642236 0.770640775
0.5208011687 0.1445414671
0.5055276566 0.07048497705
0.3419668866 0.1870512238
0.2046518354 0.2805051034
0.2100208717 0.3601604658
0.09843106694 0.5614198811
0.1870300856 0.6902471271
0.1522615383 0.7322014909
0.270089005 0.6911150675
0.4062994528 0.6994100122
5.214252011
5.403127251
28
0.3822316771 0.8226181718
0.48321414 0.8696197876
0.5038241466 0.9220868872
0.9611276999 0.8298867365
0.9055301918 0.170018199
0.8539397283 0.2344541403
0.9314701496 0.3468136302
0.9376281853 0.4288792717
0.6390650744 0.6733757858
0.7709252172 0.6843571999
0.8047060922 0.6208744897
0.7929867846 0.5063911557
0.06458726724 0.6560931257
0.1532382585 0.6859191658
0.1067733267 0.8648192753
0.1206723738 0.951992161
0.03121353561 0.5780492223
0.0863205972 0.5011466048
0.03809415405 0.394709975
0.2141628735 0.3036262019
0.09013291963 0.3179514824
0.3489874215 0.167835903
0.2903721048 0.3986950156
0.2828488911 0.3790932438
0.5467370063 0.3791773282
0.5593922566 0.4691735284
0.6502104649 0.5131268324
0.7170556683 0.4677425223
5.117320734
5.252243275
19
0.912689392 0.04842947135
0.8898152661 0.8897551542
0.8562328659 0.1711266356
0.1769935323 0.2101337235
0.9192551004 0.6903796719
0.860470402 0.7178132214
0.4936243024 0.9717949059
0.5917587808 0.805492043
0.2245636394 0.04983989557
0.3507578091 0.1185571639
0.4049407237 0.0730593892
0.4330122593 0.6784807749
0.3905181211 0.4492166502
0.3349067249 0.3572432069
0.3521066338 0.5414476937
0.3396480894 0.4939356976
0.7199866007 0.3938111858
0.5101362655 0.479918771
0.5804547202 0.396149302
4.908680813
5.07575431
24
0.8841113194 0.7887551457
0.8677141273 0.05782709905
0.1170823513 0.4981074589
0.06944047483 0.5208532628
0.8298239443 0.8124542246
0.7762747443 0.7690218255
0.8887254237 0.4470711056
0.7797638601 0.5088021157
0.1528129008 0.8456159136
0.1865979458 0.9210273817
0.1802206877 0.8029658978
0.2795308968 0.7973751959
0.7352764964 0.678051423
0.6040571717 0.664735731
0.5926944536 0.6064991402
0.5142078064 0.7566379188
0.4396280061 0.7188696957
0.3622293835 0.6986669181
0.2786770041 0.7698518557
0.3936901931 0.3215139491
0.3700406715 0.2993322578
0.3838068414 0.2233001045
0.3184553886 0.1592940324
0.4841500457 0.1889530361
5.05870186
5.199362063
23
0.1175313628 0.5106341328
0.2985639266 0.219937048
0.9215532617 0.2656026169
0.09546156327 0.8366801669
0.1019691289 0.7559702805
0.2113143349 0.7040721252
0.1105419014 0.1353330371
0.1116392605 0.232967657
0.07856417156 0.2433944284
0.1752822823 0.3110567305
0.2586126091 0.3134142353
0.2172954876 0.5692542142
0.3220707643 0.5502352104
0.4273198872 0.4032803923
0.3935087666 0.4296854957
0.8868939138 0.2758228786
0.6707832509 0.2911799278
0.6112133345 0.3235251221
0.5966267031 0.4465593247
0.6305463406 0.8252848623
0.6833450342 0.9029558064
0.5513449659 0.9580135776
0.5642239653 0.9759834124
4.932758774
5.086310012
26
0.1216442903 0.8362711189
0.2461751605 0.886256744
0.2871329684 0.8859938067
0.1129333324 0.06739666246
0.9609070652 0.351689673
0.8596383761 0.3129638565
0.07218848741 0.4865384586
0.7280004444 0.1868339014
0.7300552942 0.1294288524
0.5257874531 0.2170989736
0.1249747816 0.09551700234
0.3234834331 0.1707581044
0.329839255 0.2098199975
0.4020699183 0.2371977196
0.2907308962 0.5129291361
0.3081468238 0.5309652869
0.3893214033 0.5107296067
0.3872591284 0.7159045368
0.3930530575 0.7502721393
0.463035753 0.6215285902
0.5188832127 0.8335275015
0.5412933526 0.8424612231
0.5527035607 0.9210066175
0.6714317923 0.6967460031
0.6314852343 0.650016211
0.7142887045 0.7634859876
5.292435162
5.493852735
24
0.9719089576 0.1268699704
0.8201914969 0.180862557
0.7437614297 0.1103281461
0.2188229821 0.285439688
0.1164406118 0.1500425934
0.131176694 0.4484891444
0.4301645107 0.1162542221
0.5442427402 0.1229064898
0.5077534163 0.1316406409
0.5943420933 0.1673225761
0.7142937666 0.350454117
0.5895089513 0.6107419651
0.6072694659 0.540218039
0.7855694578 0.5451008709
0.753616433 0.5146053074
0.8385263396 0.7668453684
0.7697392062 0.7559538735
0.9545658825 0.8656177985
0.1991615854 0.5748424068
0.3573133934 0.6567080622
0.3371409826 0.6949877901
0.4828933753 0.6743403026
0.08089821029 0.8675579917
0.1597976626 0.7804281975
5.266382273
5.470484419
20
0.2983617882 0.9524982732
0.04976046805 0.7368379003
0.5158881598 0.1780184622
0.5390714655 0.1172769616
0.5031908934 0.08077601296
0.3581778943 0.2337845105
0.3554759083 0.2640455591
0.5747926082 0.5611145386
0.1052015904 0.0790866534
0.05369757143 0.4477072425
0.19629347 0.7148511687
0.4282959038 0.7693665009
0.3901408536 0.7433779738
0.3775339699 0.6847273081
0.4215917413 0.8857197424
0.9112672612 0.6853633898
0.8458756917 0.8830080622
0.8061711123 0.8195496888
0.8395487969 0.4563958166
0.7645405337 0.4227093736
5.023550188
5.218575358
28
0.05259589409 0.07339953383
0.1012487281 0.1044772974
0.08835627681 0.1492360004
0.6411745032 0.9417836863
0.1814862484 0.3181431856
0.109747001 0.2651174207
0.1000482165 0.904079389
0.1820091657 0.4730042053
0.09126832652 0.8222713036
0.9691803455 0.8790942143
0.8717667723 0.8975253873
0.1051285609 0.55046309
0.1683205815 0.7286793503
0.3469686228 0.7307772765
0.3744001944 0.6788286058
0.836059757 0.7072945925
0.8208265994 0.8420461848
0.7538428424 0.8487443748
0.7337926074 0.8836762635
0.7122056315 0.641628317
0.6272679912 0.7340717726
0.6626863396 0.7196924628
0.6684251531 0.6783541255
0.8954526518 0.4568323198
0.7462270495 0.3809379127
0.8077719406 0.2601702341
0.7453668044 0.1084071904
0.7048871016 0.08274486057
4.967095781
5.136214082
26
0.342779542 0.1715411531
0.3883702558 0.9660335083
0.13093465 0.8750629085
0.1575823611 0.8369212459
0.6177217557 0.07858490771
0.5765546965 0.02904052505
0.5803817269 0.1796561764
0.9338867632 0.2826450885
0.9246520374 0.2355194849
0.7010855112 0.2852971456
0.6628590507 0.3971438195
0.9150376636 0.6577917504
0.8661054656 0.5249840642
0.753118076 0.5063590305
0.315341805 0.8809159846
0.04572406608 0.01932834565
0.1156990175 0.02067817631
0.188439268 0.1524746926
0.3608529867 0.8177373536
0.1393113231 0.2609974827
0.08337647261 0.2901742058
0.658960385 0.6570899525
0.172186667 0.4531863838
0.2086801742 0.5095002074
0.3757681053 0.5667707083
0.4484761906 0.7221372749
