46
1.664399322
1.728621931
2
0.2436870996 0.1903058256
0.7994693507 0.2645412617
1.500499823
1.500499861
3
0.3600277675 0.7699519231
0.659944465 0.2500961894
0.360055535 0.2500961894
2.077671105
2.077671105
0
2.138789039
2.138789039
0
2.044052471
2.044245228
3
0.3039230485 0.8532050808
0.6960769515 0.8532050808
0.6965979145 0.1357016976
2.184204711
2.237846634
6
0.8 0.5981495458
0.8 0.2018504542
0.5722649731 0.4
0.4277350269 0.4
0.2 0.5981495458
0.2 0.2018504542
2.205292834
2.248203768
5
0.7 0.5981495458
0.7 0.2018504542
0.45 0.3461880215
0.45 0.4538119785
0.2 0.5981495458
2.177794549
2.177846634
7
0.001850454238 0.4
0.3 0.23
0.3981495458 0.4
0.6018504542 0.4
0.7 0.23
0.9 0.23
0.9981495458 0.4
1.559422863
1.800333241
3
0.36 0.5966025404
0.51 0.3366025404
0.66 0.5966025404
1.598751727
1.647426978
4
0.5602544147 0.7964710008
0.5161488077 0.4965193238
0.7659902772 0.2987460476
0.2264097086 0.3815985005
1.274113682
1.351068604
2
0.5348825085 0.8417622918
0.3193914466 0.220890857
1.648337556
1.670820393
3
0.1562094826 0.6961479747
0.1871436697 0.1341868839
0.3299497722 0.08950625432
1.273376125
1.307768723
2
0.4298508598 0.5286393272
0.04226497308 0.6577350269
2.204915909
2.365685425
2
0.6267949192 0.5
0.3732050808 0.5
1.230407722
1.232533965
1
0.266030961 0.1089763282
1.166780902
1.166780902
0
1.642792159
1.642792159
0
3.817618792
4.09290661
24
0.909957534 0.3013540523
0.8400686125 0.3016552313
0.909957534 0.4413540523
0.799957534 0.2313540523
0.8373205081 0.44
0.7300686125 0.2316552313
0.7969059892 0.51
0.7330940108 0.51
0.6173205081 0.44
0.6926794919 0.44
0.5119392084 0.4049082995
0.5829361713 0.3906268782
0.3997148869 0.2987106785
0.4584881641 0.2941094913
0.2873205081 0.44
0.3626794919 0.44
0.2469059892 0.51
0.1830940108 0.51
0.1426794919 0.44
0.06732050808 0.44
0.139957534 0.3013540523
0.1800686125 0.2316552313
0.249957534 0.2313540523
0.07006861245 0.3016552313
1.706457212
1.773120175
7
0.2618895825 0.09228597984
0.3992875038 0.2521080081
0.4249509 0.7264534032
0.4612735499 0.5719436312
0.3553393611 0.472363621
0.7694229508 0.5362804013
0.8108406719 0.5099873442
1.039615242
1.200333241
1
0.5 0.7267949192
1.818179307
1.867505608
3
0.26 0.5391709623
0.5 0.6777350269
0.74 0.5391709623
0.5032861762
0.5126484562
1
0.696396016 0.5510685535
0.5130289047
0.5250957336
1
0.7103211698 0.5940836871
0.2528201312
0.2549463743
1
0.266030961 0.1089763282
0.1989684831
0.2010947262
1
0.266030961 0.1089763282
0.1243470057
0.1245623262
1
0.2491250355 0.1140952574
1.178169682
1.181567461
1
0.7805481633 0.5072444192
0.2044152905
0.2044152905
0
1.465977371
1.486783761
1
0.9211324865 0.07886751346
1.019830688
1.135410197
7
0.3704476211 0.3748746609
0.3795523789 0.3251253391
0.2795523789 0.2748746609
0.2704476211 0.2251253391
0.3 0.1288675135
0.4295523789 0.1748746609
0.4204476211 0.1251253391
2.332173607
2.521833607
6
0.2615272829 0.701454973
0.5011979174 0.8163408389
0.2048153875 0.4072347951
0.7473296301 0.695545791
0.3611183148 0.2218957432
0.6428617964 0.2183839558
2.814236115
2.989568132
10
0.728683581 0.3643329813
0.6428617964 0.2183839558
0.5160326157 0.5317396876
0.4818234694 0.584016015
0.577354337 0.5351684965
0.6585335192 0.6553045667
0.7378822861 0.6443538857
0.3611183148 0.2218957432
0.3510287284 0.6583783497
0.2735711955 0.6489260449
2.225804867
2.292029175
8
0.2342264973 0.7157735027
0.2335438637 0.2764616867
0.5879679306 0.6477054345
0.6507980192 0.7175476549
0.6760313385 0.7121958561
0.5897550911 0.3745220424
0.6557453318 0.2957441693
0.3254160909 0.3884743107
2.138126145
2.16454963
7
0.1014757786 0.270876594
0.4005944494 0.4153706454
0.6557849022 0.5346751183
0.5663590705 0.2972918454
0.4979971812 0.3063853138
0.3737106343 0.2130569045
0.3170441084 0.2556259304
1.355445735
1.364476213
9
0.408035503 0.439753281
0.5292021652 0.3306425998
0.4485094743 0.08137410449
0.4627290506 0.1446116784
0.4232444563 0.18101223
0.3363552041 0.1484878221
0.2241333028 0.236330852
0.1639027167 0.2226238374
0.2146224071 0.3675401856
0.8789124604
0.9
2
0.7781018156 0.2295579837
0.1328472767 0.1556630244
0.7660261405
0.7700224945
2
0.4906717008 0.2917196439
0.4658825585 0.1109539654
1.42481587
1.435008249
2
0.2233012702 0.515
0.4366987298 0.515
1.431245564
1.431245564
0
1.417988293
1.487301364
6
0.6754874684 0.5867305911
0.2500954058 0.5966930128
0.6473800892 0.3735417019
0.5901930618 0.4847780167
0.3005637914 0.4989033514
0.2351124839 0.3973121422
1.976719636
1.992600648
7
0.1944930015 0.5964635893
0.1002316765 0.6451004391
0.3007586187 0.4146617629
0.8778641246 0.6399360177
0.8020387454 0.6680327093
0.6261381392 0.4492708957
0.5489251576 0.4861298923
1.315290857
1.334195483
2
0.1457179677 0.341339746
0.1034529946 0.2990747729
2.330764635
2.400387117
7
0.135732112 0.2423081417
0.2935139409 0.3115402434
0.3149074986 0.3988339925
0.2267544677 0.5363547566
0.3911006344 0.2604733121
0.4383868077 0.1053221601
0.5511017825 0.0791960334
2.186924109
2.206572141
3
0.1191498923 0.3939500196
0.4394087252 0.3983850382
0.4324879441 0.4486262181
1.930995383
1.979395419
5
0.3028622645 0.4504993439
0.3413896925 0.4936546826
0.3318920081 0.5709960358
0.422589036 0.4261499568
0.584601933 0.4372506311
1.366025404
1.5
10
0.45 0.1711324865
0.45 0.1288675135
0.3711324865 0.25
0.3288675135 0.25
0.25 0.1711324865
0.25 0.1288675135
0.25 0.3711324865
0.25 0.3288675135
0.45 0.3711324865
0.45 0.3288675135
