15
3.928354415
4.03362448
19
0.8426372679 0.8421695143
0.9149176801 0.1350771726
0.6872709342 0.7711158742
0.8036037651 0.06914830174
0.7236972857 0.3114466986
0.6199305576 0.3436541585
0.6365839505 0.7955640673
0.4638695451 0.6400090471
0.5172691959 0.4592416715
0.3847191811 0.3237784243
0.3659345019 0.3587465341
0.1308963717 0.2354815284
0.08542310947 0.2253798162
0.1710002579 0.3628659262
0.3055052099 0.3927456897
0.3035990202 0.7114874246
0.1799360658 0.7237438951
0.08851188009 0.5288284443
0.07124170969 0.4609899571
4.066874017
4.200515349
18
0.8935262121 0.8859932148
0.9356620567 0.7809879403
0.542892424 0.1906189852
0.9286590053 0.3311553975
0.6959853152 0.4106050271
0.8380975398 0.7117552483
0.5797182672 0.895026672
0.4753188173 0.8407686096
0.3663232129 0.8248975576
0.3082225318 0.6376711274
0.06984068715 0.4934068704
0.1425322525 0.3751719212
0.2499454661 0.2110105186
0.209083436 0.1042355343
0.2554182118 0.140566019
0.2487634761 0.1873274081
0.4240959728 0.3139983596
0.4561158044 0.2059324482
4.384545715
4.500486176
15
0.09389074695 0.3476271436
0.03140939779 0.7694615319
0.1310460415 0.8137375478
0.3428919095 0.7123969138
0.4476181058 0.4776575041
0.4962122746 0.3965661499
0.456190081 0.3245651494
0.5149282811 0.8317536961
0.8658375516 0.6793821809
0.9595917219 0.4496207847
0.7329633116 0.5592356616
0.626993339 0.5225760176
0.606209937 0.4148241729
0.7495064784 0.6450039465
0.8528526434 0.2422786505
3.853166642
3.951429841
16
0.975989816 0.1241857449
0.9526056569 0.09191590185
0.1165628134 0.3803568996
0.3838302821 0.7844724428
0.4383836004 0.7752136632
0.5219829303 0.8871088999
0.5164984496 0.8532557026
0.7737448514 0.09640568085
0.6811830605 0.7541035576
0.7409214731 0.3627630928
0.7196939333 0.4046627775
0.3300356488 0.1452960133
0.3431112771 0.246195962
0.6505214406 0.2105797395
0.5750160991 0.195509211
0.5353354241 0.07836087799
4.543251968
4.726548028
13
0.1293969848 0.2948209771
0.3008391227 0.2881975123
0.4237940835 0.4784315834
0.3243680794 0.4246037646
0.4053864281 0.2070405581
0.6706990849 0.4528913511
0.145094413 0.6640501964
0.05298159911 0.6946423589
0.06628215571 0.9545213209
0.5620688509 0.9527675791
0.5227215116 0.8848236425
0.7391615505 0.9584409106
0.8827688446 0.8512979697
4.415198331
4.570583809
15
0.8978207745 0.8032312833
0.1907971691 0.0133240027
0.08702758376 0.39113775
0.7750900319 0.311851896
0.7281263642 0.4072085989
0.809933223 0.8606032088
0.414903975 0.02359985798
0.471441924 0.09286394337
0.379075177 0.317450686
0.6582095219 0.5649140698
0.3587818559 0.5662647564
0.4700002185 0.5355851737
0.534845537 0.5994833263
0.5455517411 0.8185720951
0.5031980106 0.8940633832
4.031922786
4.157055728
16
0.6810675665 0.8037022647
0.4737955304 0.04134695917
0.4976534158 0.1317793647
0.8957534717 0.608560641
0.072726391 0.4925943697
0.1646275431 0.7219020043
0.4508946269 0.749017403
0.5331035347 0.6941979396
0.5699031692 0.6228249875
0.596011913 0.3930268196
0.5647846427 0.4292160684
0.612156076 0.2499307061
0.7895916268 0.4244248805
0.8469916905 0.2409821852
0.8962715317 0.5274699143
0.9649387568 0.4802150224
4.273487039
4.427295691
13
0.8270888696 0.8787262415
0.8512042956 0.7462891489
0.6516195477 0.9216969378
0.2495372781 0.7620714604
0.2324115007 0.8236070728
0.1676552994 0.6754735433
0.4859268865 0.7119839705
0.2195471661 0.5488740957
0.4953029098 0.3294018098
0.5863878678 0.3735261672
0.4890739357 0.2436164414
0.7881692831 0.2268425714
0.7507550538 0.321305542
4.62241294
4.835539335
18
0.8808756446 0.802943061
0.8597587121 0.6195296402
0.8572468432 0.4135945352
0.5543849061 0.9526487974
0.594806168 0.9364729374
0.6358173486 0.9687335058
0.7154904085 0.1444625023
0.3671547319 0.6525231572
0.4426513387 0.7208192684
0.4171362509 0.839500161
0.3115003637 0.9202394127
0.7837255668 0.09490983572
0.8769384573 0.1271984311
0.4411726838 0.1400049821
0.4023597407 0.5165364606
0.3408923694 0.455561276
0.1845820286 0.4205003593
0.1178892103 0.2623470922
5.083206018
5.275660582
19
0.04259090155 0.2767994097
0.8055004033 0.2442230598
0.7770026878 0.1723098972
0.692148532 0.1598060707
0.6390818875 0.02589392441
0.4374615868 0.9062790516
0.6215690358 0.9120627907
0.69791361 0.7889285085
0.9081449509 0.8097066216
0.05842796671 0.7747049388
0.2122471054 0.5607577257
0.1168325039 0.4831944776
0.1379397406 0.3515341504
0.3492321656 0.3736980782
0.4420522587 0.5185944174
0.5508358079 0.513888099
0.7188537438 0.3711472206
0.7553583639 0.4379137896
0.949181278 0.4370822707
4.139926929
4.218201642
14
0.4806496256 0.6346820405
0.5137274072 0.9842033005
0.5694606643 0.9350349712
0.9190040434 0.04458311956
0.1011314271 0.7310603568
0.7456777116 0.8901461899
0.7994821865 0.3187840779
0.8236182464 0.7670262864
0.1191428645 0.2961151592
0.327569858 0.3044137812
0.5282545373 0.2300966903
0.516310709 0.4217824211
0.7196804161 0.5856309318
0.5639899103 0.5446630246
3.907862365
4.016683261
16
0.1570379269 0.2932146319
0.7368984537 0.6490396726
0.6820210346 0.6649637261
0.8152856943 0.7497208639
0.8689624492 0.9047206718
0.8198536121 0.8992766332
0.6135414332 0.4159153115
0.5674732157 0.3988732162
0.6671115796 0.3664228185
0.8190374279 0.3637771537
0.3654504678 0.3177000448
0.5151291902 0.3008299534
0.2942680134 0.4537327717
0.1198096722 0.6418124796
0.3054528145 0.8343999039
0.2980049636 0.7194310032
4.560496435
4.713409908
14
0.925293254 0.06952887974
0.9200423472 0.4660956593
0.6947095696 0.3604767604
0.725098045 0.4154270997
0.7609387521 0.2249712304
0.5896613233 0.1729166976
0.1174296 0.3089121605
0.2926257131 0.202412497
0.3056618624 0.5611950492
0.1719573068 0.5616897631
0.1391386081 0.6190222733
0.354086701 0.644357196
0.5158211631 0.747394888
0.4714049841 0.8217867059
4.35780796
4.511367489
19
0.3892134671 0.1214870809
0.8277361725 0.1972828818
0.9183447629 0.1668317864
0.2825565659 0.1658118176
0.7911866614 0.3694014862
0.9163988372 0.584685969
0.3024078154 0.4246357519
0.799555971 0.7816531715
0.7983593531 0.7123279466
0.1645476201 0.5843295425
0.662712445 0.866088964
0.5657299429 0.8254175305
0.1912150106 0.6087283388
0.1677510092 0.662096496
0.183994425 0.6842361953
0.1670499552 0.7227758763
0.1189694238 0.7280557222
0.2479927233 0.8495429556
0.4538795742 0.9418091616
4.507584671
4.656344091
16
0.7686658018 0.9435359109
0.9246373463 0.81172883
0.08899074633 0.911291297
0.3653864659 0.8866194978
0.1289142716 0.6953686928
0.2620713699 0.6223610866
0.1378326236 0.2306416313
0.3075851911 0.4109925771
0.4206214932 0.4146872115
0.5429674193 0.282790232
0.6705600753 0.2596004497
0.8458290354 0.4432632987
0.7514865248 0.4184592758
0.8321365136 0.1544359498
0.7551256848 0.13170301
0.9707563345 0.3703763398
