72 2440
1 6 2 3 6 7 12 61 
1 6 1 6 7 8 12 61 
1 6 2 7 8 11 12 61 
1 6 2 6 7 8 13 61 
1 6 1 2 7 8 12 61 
1 6 2 6 7 8 11 61 
1 6 2 6 7 12 13 61 
1 6 3 6 7 8 12 61 
1 6 6 21 26 31 41 61 
1 6 1 6 26 31 46 61 
1 6 11 21 26 31 46 61 
1 6 6 21 26 46 51 61 
1 6 1 21 26 31 46 61 
1 6 6 11 21 26 46 61 
1 6 6 21 26 31 51 61 
1 6 6 26 31 41 46 61 
1 6 2 3 21 22 42 61 
1 6 1 21 22 23 42 61 
1 6 2 22 23 41 42 61 
1 6 2 21 22 23 43 61 
1 6 1 2 22 23 42 61 
1 6 2 21 22 23 41 61 
1 6 2 21 22 42 43 61 
1 6 3 21 22 23 42 61 
1 6 7 8 11 12 17 61 
1 6 3 4 7 8 13 61 
1 6 8 9 12 13 18 61 
1 6 4 5 8 9 14 61 
1 6 9 10 13 14 19 61 
1 6 22 23 26 27 32 61 
1 6 27 28 31 32 37 61 
1 6 23 24 27 28 33 61 
1 6 28 29 32 33 38 61 
1 6 24 25 28 29 34 61 
1 6 29 30 33 34 39 61 
1 6 42 43 46 47 52 61 
1 6 47 48 51 52 57 61 
1 6 43 44 47 48 53 61 
1 6 48 49 52 53 58 61 
1 6 44 45 48 49 54 61 
1 6 49 50 53 54 59 61 
1 6 6 11 12 13 17 61 
1 6 2 7 8 9 13 61 
1 6 7 12 13 14 18 61 
1 6 3 8 9 10 14 61 
1 6 8 13 14 15 19 61 
1 6 21 26 27 28 32 61 
1 6 26 31 32 33 37 61 
1 6 22 27 28 29 33 61 
1 6 27 32 33 34 38 61 
1 6 23 28 29 30 34 61 
1 6 28 33 34 35 39 61 
1 6 41 46 47 48 52 61 
1 6 46 51 52 53 57 61 
1 6 42 47 48 49 53 61 
1 6 47 52 53 54 58 61 
1 6 43 48 49 50 54 61 
1 6 48 53 54 55 59 61 
1 6 7 12 13 16 17 61 
1 6 3 8 9 12 13 61 
1 6 8 13 14 17 18 61 
1 6 4 9 10 13 14 61 
1 6 9 14 15 18 19 61 
1 6 22 27 28 31 32 61 
1 6 27 32 33 36 37 61 
1 6 23 28 29 32 33 61 
1 6 28 33 34 37 38 61 
1 6 24 29 30 33 34 61 
1 6 29 34 35 38 39 61 
1 6 42 47 48 51 52 61 
1 6 47 52 53 56 57 61 
1 6 43 48 49 52 53 61 
1 6 48 53 54 57 58 61 
1 6 44 49 50 53 54 61 
1 6 49 54 55 58 59 61 
1 6 7 11 12 13 18 61 
1 6 3 7 8 9 14 61 
1 6 8 12 13 14 19 61 
1 6 4 8 9 10 15 61 
1 6 9 13 14 15 20 61 
1 6 22 26 27 28 33 61 
1 6 27 31 32 33 38 61 
1 6 23 27 28 29 34 61 
1 6 28 32 33 34 39 61 
1 6 24 28 29 30 35 61 
1 6 29 33 34 35 40 61 
1 6 42 46 47 48 53 61 
1 6 47 51 52 53 58 61 
1 6 43 47 48 49 54 61 
1 6 48 52 53 54 59 61 
1 6 44 48 49 50 55 61 
1 6 49 53 54 55 60 61 
1 6 6 7 12 13 17 61 
1 6 2 3 8 9 13 61 
1 6 7 8 13 14 18 61 
1 6 3 4 9 10 14 61 
1 6 8 9 14 15 19 61 
1 6 21 22 27 28 32 61 
1 6 26 27 32 33 37 61 
1 6 22 23 28 29 33 61 
1 6 27 28 33 34 38 61 
1 6 23 24 29 30 34 61 
1 6 28 29 34 35 39 61 
1 6 41 42 47 48 52 61 
1 6 46 47 52 53 57 61 
1 6 42 43 48 49 53 61 
1 6 47 48 53 54 58 61 
1 6 43 44 49 50 54 61 
1 6 48 49 54 55 59 61 
1 6 7 11 12 13 16 61 
1 6 3 7 8 9 12 61 
1 6 8 12 13 14 17 61 
1 6 4 8 9 10 13 61 
1 6 9 13 14 15 18 61 
1 6 22 26 27 28 31 61 
1 6 27 31 32 33 36 61 
1 6 23 27 28 29 32 61 
1 6 28 32 33 34 37 61 
1 6 24 28 29 30 33 61 
1 6 29 33 34 35 38 61 
1 6 42 46 47 48 51 61 
1 6 47 51 52 53 56 61 
1 6 43 47 48 49 52 61 
1 6 48 52 53 54 57 61 
1 6 44 48 49 50 53 61 
1 6 49 53 54 55 58 61 
1 6 7 11 12 17 18 61 
1 6 3 7 8 13 14 61 
1 6 8 12 13 18 19 61 
1 6 4 8 9 14 15 61 
1 6 9 13 14 19 20 61 
1 6 22 26 27 32 33 61 
1 6 27 31 32 37 38 61 
1 6 23 27 28 33 34 61 
1 6 28 32 33 38 39 61 
1 6 24 28 29 34 35 61 
1 6 29 33 34 39 40 61 
1 6 42 46 47 52 53 61 
1 6 47 51 52 57 58 61 
1 6 43 47 48 53 54 61 
1 6 48 52 53 58 59 61 
1 6 44 48 49 54 55 61 
1 6 49 53 54 59 60 61 
1 6 8 11 12 13 17 61 
1 6 4 7 8 9 13 61 
1 6 9 12 13 14 18 61 
1 6 5 8 9 10 14 61 
1 6 10 13 14 15 19 61 
1 6 23 26 27 28 32 61 
1 6 28 31 32 33 37 61 
1 6 24 27 28 29 33 61 
1 6 29 32 33 34 38 61 
1 6 25 28 29 30 34 61 
1 6 30 33 34 35 39 61 
1 6 43 46 47 48 52 61 
1 6 48 51 52 53 57 61 
1 6 44 47 48 49 53 61 
1 6 49 52 53 54 58 61 
1 6 45 48 49 50 54 61 
1 6 50 53 54 55 59 61 
1 6 11 26 31 36 46 61 
1 6 7 22 27 32 42 61 
1 6 12 27 32 37 47 61 
1 6 8 23 28 33 43 61 
1 6 13 28 33 38 48 61 
1 6 9 24 29 34 44 61 
1 6 14 29 34 39 49 61 
1 6 10 25 30 35 45 61 
1 6 15 30 35 40 50 61 
1 6 6 11 31 36 51 61 
1 6 2 7 27 32 47 61 
1 6 7 12 32 37 52 61 
1 6 3 8 28 33 48 61 
1 6 8 13 33 38 53 61 
1 6 4 9 29 34 49 61 
1 6 9 14 34 39 54 61 
1 6 5 10 30 35 50 61 
1 6 10 15 35 40 55 61 
1 6 16 26 31 36 51 61 
1 6 12 22 27 32 47 61 
1 6 17 27 32 37 52 61 
1 6 13 23 28 33 48 61 
1 6 18 28 33 38 53 61 
1 6 14 24 29 34 49 61 
1 6 19 29 34 39 54 61 
1 6 15 25 30 35 50 61 
1 6 20 30 35 40 55 61 
1 6 11 26 31 51 56 61 
1 6 7 22 27 47 52 61 
1 6 12 27 32 52 57 61 
1 6 8 23 28 48 53 61 
1 6 13 28 33 53 58 61 
1 6 9 24 29 49 54 61 
1 6 14 29 34 54 59 61 
1 6 10 25 30 50 55 61 
1 6 15 30 35 55 60 61 
1 6 6 26 31 36 51 61 
1 6 2 22 27 32 47 61 
1 6 7 27 32 37 52 61 
1 6 3 23 28 33 48 61 
1 6 8 28 33 38 53 61 
1 6 4 24 29 34 49 61 
1 6 9 29 34 39 54 61 
1 6 5 25 30 35 50 61 
1 6 10 30 35 40 55 61 
1 6 11 16 26 31 51 61 
1 6 7 12 22 27 47 61 
1 6 12 17 27 32 52 61 
1 6 8 13 23 28 48 61 
1 6 13 18 28 33 53 61 
1 6 9 14 24 29 49 61 
1 6 14 19 29 34 54 61 
1 6 10 15 25 30 50 61 
1 6 15 20 30 35 55 61 
1 6 11 26 31 36 56 61 
1 6 7 22 27 32 52 61 
1 6 12 27 32 37 57 61 
1 6 8 23 28 33 53 61 
1 6 13 28 33 38 58 61 
1 6 9 24 29 34 54 61 
1 6 14 29 34 39 59 61 
1 6 10 25 30 35 55 61 
1 6 15 30 35 40 60 61 
1 6 11 31 36 46 51 61 
1 6 7 27 32 42 47 61 
1 6 12 32 37 47 52 61 
1 6 8 28 33 43 48 61 
1 6 13 33 38 48 53 61 
1 6 9 29 34 44 49 61 
1 6 14 34 39 49 54 61 
1 6 10 30 35 45 50 61 
1 6 15 35 40 50 55 61 
1 6 7 8 26 27 47 61 
1 6 12 13 31 32 52 61 
1 6 17 18 36 37 57 61 
1 6 3 4 22 23 43 61 
1 6 8 9 27 28 48 61 
1 6 13 14 32 33 53 61 
1 6 18 19 37 38 58 61 
1 6 4 5 23 24 44 61 
1 6 9 10 28 29 49 61 
1 6 14 15 33 34 54 61 
1 6 19 20 38 39 59 61 
1 6 6 26 27 28 47 61 
1 6 11 31 32 33 52 61 
1 6 16 36 37 38 57 61 
1 6 2 22 23 24 43 61 
1 6 7 27 28 29 48 61 
1 6 12 32 33 34 53 61 
1 6 17 37 38 39 58 61 
1 6 3 23 24 25 44 61 
1 6 8 28 29 30 49 61 
1 6 13 33 34 35 54 61 
1 6 18 38 39 40 59 61 
1 6 7 27 28 46 47 61 
1 6 12 32 33 51 52 61 
1 6 17 37 38 56 57 61 
1 6 3 23 24 42 43 61 
1 6 8 28 29 47 48 61 
1 6 13 33 34 52 53 61 
1 6 18 38 39 57 58 61 
1 6 4 24 25 43 44 61 
1 6 9 29 30 48 49 61 
1 6 14 34 35 53 54 61 
1 6 19 39 40 58 59 61 
1 6 7 26 27 28 48 61 
1 6 12 31 32 33 53 61 
1 6 17 36 37 38 58 61 
1 6 3 22 23 24 44 61 
1 6 8 27 28 29 49 61 
1 6 13 32 33 34 54 61 
1 6 18 37 38 39 59 61 
1 6 4 23 24 25 45 61 
1 6 9 28 29 30 50 61 
1 6 14 33 34 35 55 61 
1 6 19 38 39 40 60 61 
1 6 6 7 27 28 47 61 
1 6 11 12 32 33 52 61 
1 6 16 17 37 38 57 61 
1 6 2 3 23 24 43 61 
1 6 7 8 28 29 48 61 
1 6 12 13 33 34 53 61 
1 6 17 18 38 39 58 61 
1 6 3 4 24 25 44 61 
1 6 8 9 29 30 49 61 
1 6 13 14 34 35 54 61 
1 6 18 19 39 40 59 61 
1 6 7 26 27 28 46 61 
1 6 12 31 32 33 51 61 
1 6 17 36 37 38 56 61 
1 6 3 22 23 24 42 61 
1 6 8 27 28 29 47 61 
1 6 13 32 33 34 52 61 
1 6 18 37 38 39 57 61 
1 6 4 23 24 25 43 61 
1 6 9 28 29 30 48 61 
1 6 14 33 34 35 53 61 
1 6 19 38 39 40 58 61 
1 6 7 26 27 47 48 61 
1 6 12 31 32 52 53 61 
1 6 17 36 37 57 58 61 
1 6 3 22 23 43 44 61 
1 6 8 27 28 48 49 61 
1 6 13 32 33 53 54 61 
1 6 18 37 38 58 59 61 
1 6 4 23 24 44 45 61 
1 6 9 28 29 49 50 61 
1 6 14 33 34 54 55 61 
1 6 19 38 39 59 60 61 
1 6 8 26 27 28 47 61 
1 6 13 31 32 33 52 61 
1 6 18 36 37 38 57 61 
1 6 4 22 23 24 43 61 
1 6 9 27 28 29 48 61 
1 6 14 32 33 34 53 61 
1 6 19 37 38 39 58 61 
1 6 5 23 24 25 44 61 
1 6 10 28 29 30 49 61 
1 6 15 33 34 35 54 61 
1 6 20 38 39 40 59 61 
1 6 1 2 3 4 5 62 
1 6 6 7 8 9 10 62 
1 6 11 12 13 14 15 62 
1 6 16 17 18 19 20 62 
1 6 21 22 23 24 25 62 
1 6 26 27 28 29 30 62 
1 6 31 32 33 34 35 62 
1 6 36 37 38 39 40 62 
1 6 41 42 43 44 45 62 
1 6 46 47 48 49 50 62 
1 6 51 52 53 54 55 62 
1 6 56 57 58 59 60 62 
1 6 1 6 11 16 17 63 
1 6 4 6 7 8 9 63 
1 6 1 2 7 12 17 63 
1 6 1 2 3 4 6 63 
1 6 2 7 12 16 17 63 
1 6 1 2 3 4 9 63 
1 6 1 2 6 11 16 63 
1 6 1 6 7 8 9 63 
1 6 1 6 11 16 36 63 
1 6 1 21 26 31 36 63 
1 6 16 21 26 31 36 63 
1 6 1 6 11 16 21 63 
1 6 4 21 22 23 24 63 
1 6 1 2 3 4 21 63 
1 6 1 2 3 4 24 63 
1 6 1 21 22 23 24 63 
1 6 2 7 12 17 18 63 
1 6 3 8 13 18 19 63 
1 6 4 9 14 19 20 63 
1 6 21 26 31 36 37 63 
1 6 22 27 32 37 38 63 
1 6 23 28 33 38 39 63 
1 6 24 29 34 39 40 63 
1 6 41 46 51 56 57 63 
1 6 42 47 52 57 58 63 
1 6 43 48 53 58 59 63 
1 6 44 49 54 59 60 63 
1 6 9 11 12 13 14 63 
1 6 14 16 17 18 19 63 
1 6 5 7 8 9 10 63 
1 6 10 12 13 14 15 63 
1 6 15 17 18 19 20 63 
1 6 24 26 27 28 29 63 
1 6 29 31 32 33 34 63 
1 6 34 36 37 38 39 63 
1 6 25 27 28 29 30 63 
1 6 30 32 33 34 35 63 
1 6 35 37 38 39 40 63 
1 6 44 46 47 48 49 63 
1 6 49 51 52 53 54 63 
1 6 54 56 57 58 59 63 
1 6 45 47 48 49 50 63 
1 6 50 52 53 54 55 63 
1 6 55 57 58 59 60 63 
1 6 2 3 8 13 18 63 
1 6 3 4 9 14 19 63 
1 6 4 5 10 15 20 63 
1 6 21 22 27 32 37 63 
1 6 22 23 28 33 38 63 
1 6 23 24 29 34 39 63 
1 6 24 25 30 35 40 63 
1 6 41 42 47 52 57 63 
1 6 42 43 48 53 58 63 
1 6 43 44 49 54 59 63 
1 6 44 45 50 55 60 63 
1 6 6 7 8 9 11 63 
1 6 11 12 13 14 16 63 
1 6 2 3 4 5 7 63 
1 6 7 8 9 10 12 63 
1 6 12 13 14 15 17 63 
1 6 21 22 23 24 26 63 
1 6 26 27 28 29 31 63 
1 6 31 32 33 34 36 63 
1 6 22 23 24 25 27 63 
1 6 27 28 29 30 32 63 
1 6 32 33 34 35 37 63 
1 6 41 42 43 44 46 63 
1 6 46 47 48 49 51 63 
1 6 51 52 53 54 56 63 
1 6 42 43 44 45 47 63 
1 6 47 48 49 50 52 63 
1 6 52 53 54 55 57 63 
1 6 3 8 13 17 18 63 
1 6 4 9 14 18 19 63 
1 6 5 10 15 19 20 63 
1 6 22 27 32 36 37 63 
1 6 23 28 33 37 38 63 
1 6 24 29 34 38 39 63 
1 6 25 30 35 39 40 63 
1 6 42 47 52 56 57 63 
1 6 43 48 53 57 58 63 
1 6 44 49 54 58 59 63 
1 6 45 50 55 59 60 63 
1 6 6 7 8 9 14 63 
1 6 11 12 13 14 19 63 
1 6 2 3 4 5 10 63 
1 6 7 8 9 10 15 63 
1 6 12 13 14 15 20 63 
1 6 21 22 23 24 29 63 
1 6 26 27 28 29 34 63 
1 6 31 32 33 34 39 63 
1 6 22 23 24 25 30 63 
1 6 27 28 29 30 35 63 
1 6 32 33 34 35 40 63 
1 6 41 42 43 44 49 63 
1 6 46 47 48 49 54 63 
1 6 51 52 53 54 59 63 
1 6 42 43 44 45 50 63 
1 6 47 48 49 50 55 63 
1 6 52 53 54 55 60 63 
1 6 2 3 7 12 17 63 
1 6 3 4 8 13 18 63 
1 6 4 5 9 14 19 63 
1 6 21 22 26 31 36 63 
1 6 22 23 27 32 37 63 
1 6 23 24 28 33 38 63 
1 6 24 25 29 34 39 63 
1 6 41 42 46 51 56 63 
1 6 42 43 47 52 57 63 
1 6 43 44 48 53 58 63 
1 6 44 45 49 54 59 63 
1 6 6 11 12 13 14 63 
1 6 11 16 17 18 19 63 
1 6 2 7 8 9 10 63 
1 6 7 12 13 14 15 63 
1 6 12 17 18 19 20 63 
1 6 21 26 27 28 29 63 
1 6 26 31 32 33 34 63 
1 6 31 36 37 38 39 63 
1 6 22 27 28 29 30 63 
1 6 27 32 33 34 35 63 
1 6 32 37 38 39 40 63 
1 6 41 46 47 48 49 63 
1 6 46 51 52 53 54 63 
1 6 51 56 57 58 59 63 
1 6 42 47 48 49 50 63 
1 6 47 52 53 54 55 63 
1 6 52 57 58 59 60 63 
1 6 2 7 12 17 37 63 
1 6 3 8 13 18 38 63 
1 6 4 9 14 19 39 63 
1 6 5 10 15 20 40 63 
1 6 21 26 31 36 56 63 
1 6 22 27 32 37 57 63 
1 6 23 28 33 38 58 63 
1 6 24 29 34 39 59 63 
1 6 25 30 35 40 60 63 
1 6 2 22 27 32 37 63 
1 6 3 23 28 33 38 63 
1 6 4 24 29 34 39 63 
1 6 5 25 30 35 40 63 
1 6 21 41 46 51 56 63 
1 6 22 42 47 52 57 63 
1 6 23 43 48 53 58 63 
1 6 24 44 49 54 59 63 
1 6 25 45 50 55 60 63 
1 6 17 22 27 32 37 63 
1 6 18 23 28 33 38 63 
1 6 19 24 29 34 39 63 
1 6 20 25 30 35 40 63 
1 6 36 41 46 51 56 63 
1 6 37 42 47 52 57 63 
1 6 38 43 48 53 58 63 
1 6 39 44 49 54 59 63 
1 6 40 45 50 55 60 63 
1 6 2 7 12 17 22 63 
1 6 3 8 13 18 23 63 
1 6 4 9 14 19 24 63 
1 6 5 10 15 20 25 63 
1 6 21 26 31 36 41 63 
1 6 22 27 32 37 42 63 
1 6 23 28 33 38 43 63 
1 6 24 29 34 39 44 63 
1 6 25 30 35 40 45 63 
1 6 9 26 27 28 29 63 
1 6 14 31 32 33 34 63 
1 6 19 36 37 38 39 63 
1 6 5 22 23 24 25 63 
1 6 10 27 28 29 30 63 
1 6 15 32 33 34 35 63 
1 6 20 37 38 39 40 63 
1 6 24 41 42 43 44 63 
1 6 29 46 47 48 49 63 
1 6 34 51 52 53 54 63 
1 6 39 56 57 58 59 63 
1 6 25 42 43 44 45 63 
1 6 30 47 48 49 50 63 
1 6 35 52 53 54 55 63 
1 6 40 57 58 59 60 63 
1 6 6 7 8 9 26 63 
1 6 11 12 13 14 31 63 
1 6 16 17 18 19 36 63 
1 6 2 3 4 5 22 63 
1 6 7 8 9 10 27 63 
1 6 12 13 14 15 32 63 
1 6 17 18 19 20 37 63 
1 6 21 22 23 24 41 63 
1 6 26 27 28 29 46 63 
1 6 31 32 33 34 51 63 
1 6 36 37 38 39 56 63 
1 6 22 23 24 25 42 63 
1 6 27 28 29 30 47 63 
1 6 32 33 34 35 52 63 
1 6 37 38 39 40 57 63 
1 6 6 7 8 9 29 63 
1 6 11 12 13 14 34 63 
1 6 16 17 18 19 39 63 
1 6 2 3 4 5 25 63 
1 6 7 8 9 10 30 63 
1 6 12 13 14 15 35 63 
1 6 17 18 19 20 40 63 
1 6 21 22 23 24 44 63 
1 6 26 27 28 29 49 63 
1 6 31 32 33 34 54 63 
1 6 36 37 38 39 59 63 
1 6 22 23 24 25 45 63 
1 6 27 28 29 30 50 63 
1 6 32 33 34 35 55 63 
1 6 37 38 39 40 60 63 
1 6 6 26 27 28 29 63 
1 6 11 31 32 33 34 63 
1 6 16 36 37 38 39 63 
1 6 2 22 23 24 25 63 
1 6 7 27 28 29 30 63 
1 6 12 32 33 34 35 63 
1 6 17 37 38 39 40 63 
1 6 21 41 42 43 44 63 
1 6 26 46 47 48 49 63 
1 6 31 51 52 53 54 63 
1 6 36 56 57 58 59 63 
1 6 22 42 43 44 45 63 
1 6 27 47 48 49 50 63 
1 6 32 52 53 54 55 63 
1 6 37 57 58 59 60 63 
1 6 1 6 7 12 17 64 
1 6 2 3 4 6 7 64 
1 6 1 6 11 12 17 64 
1 6 3 4 6 7 8 64 
1 6 2 6 7 11 16 64 
1 6 1 2 7 8 9 64 
1 6 2 7 11 12 16 64 
1 6 1 2 3 8 9 64 
1 6 1 6 26 31 36 64 
1 6 1 6 11 31 36 64 
1 6 6 11 16 21 26 64 
1 6 11 16 21 26 31 64 
1 6 2 3 4 21 22 64 
1 6 3 4 21 22 23 64 
1 6 1 2 22 23 24 64 
1 6 1 2 3 23 24 64 
1 6 2 7 8 13 18 64 
1 6 3 8 9 14 19 64 
1 6 4 9 10 15 20 64 
1 6 21 26 27 32 37 64 
1 6 22 27 28 33 38 64 
1 6 23 28 29 34 39 64 
1 6 24 29 30 35 40 64 
1 6 41 46 47 52 57 64 
1 6 42 47 48 53 58 64 
1 6 43 48 49 54 59 64 
1 6 44 49 50 55 60 64 
1 6 7 8 9 11 12 64 
1 6 12 13 14 16 17 64 
1 6 3 4 5 7 8 64 
1 6 8 9 10 12 13 64 
1 6 13 14 15 17 18 64 
1 6 22 23 24 26 27 64 
1 6 27 28 29 31 32 64 
1 6 32 33 34 36 37 64 
1 6 23 24 25 27 28 64 
1 6 28 29 30 32 33 64 
1 6 33 34 35 37 38 64 
1 6 42 43 44 46 47 64 
1 6 47 48 49 51 52 64 
1 6 52 53 54 56 57 64 
1 6 43 44 45 47 48 64 
1 6 48 49 50 52 53 64 
1 6 53 54 55 57 58 64 
1 6 2 7 12 13 18 64 
1 6 3 8 13 14 19 64 
1 6 4 9 14 15 20 64 
1 6 21 26 31 32 37 64 
1 6 22 27 32 33 38 64 
1 6 23 28 33 34 39 64 
1 6 24 29 34 35 40 64 
1 6 41 46 51 52 57 64 
1 6 42 47 52 53 58 64 
1 6 43 48 53 54 59 64 
1 6 44 49 54 55 60 64 
1 6 8 9 11 12 13 64 
1 6 13 14 16 17 18 64 
1 6 4 5 7 8 9 64 
1 6 9 10 12 13 14 64 
1 6 14 15 17 18 19 64 
1 6 23 24 26 27 28 64 
1 6 28 29 31 32 33 64 
1 6 33 34 36 37 38 64 
1 6 24 25 27 28 29 64 
1 6 29 30 32 33 34 64 
1 6 34 35 37 38 39 64 
1 6 43 44 46 47 48 64 
1 6 48 49 51 52 53 64 
1 6 53 54 56 57 58 64 
1 6 44 45 47 48 49 64 
1 6 49 50 52 53 54 64 
1 6 54 55 57 58 59 64 
1 6 3 7 8 12 17 64 
1 6 4 8 9 13 18 64 
1 6 5 9 10 14 19 64 
1 6 22 26 27 31 36 64 
1 6 23 27 28 32 37 64 
1 6 24 28 29 33 38 64 
1 6 25 29 30 34 39 64 
1 6 42 46 47 51 56 64 
1 6 43 47 48 52 57 64 
1 6 44 48 49 53 58 64 
1 6 45 49 50 54 59 64 
1 6 6 7 12 13 14 64 
1 6 11 12 17 18 19 64 
1 6 2 3 8 9 10 64 
1 6 7 8 13 14 15 64 
1 6 12 13 18 19 20 64 
1 6 21 22 27 28 29 64 
1 6 26 27 32 33 34 64 
1 6 31 32 37 38 39 64 
1 6 22 23 28 29 30 64 
1 6 27 28 33 34 35 64 
1 6 32 33 38 39 40 64 
1 6 41 42 47 48 49 64 
1 6 46 47 52 53 54 64 
1 6 51 52 57 58 59 64 
1 6 42 43 48 49 50 64 
1 6 47 48 53 54 55 64 
1 6 52 53 58 59 60 64 
1 6 3 8 12 13 17 64 
1 6 4 9 13 14 18 64 
1 6 5 10 14 15 19 64 
1 6 22 27 31 32 36 64 
1 6 23 28 32 33 37 64 
1 6 24 29 33 34 38 64 
1 6 25 30 34 35 39 64 
1 6 42 47 51 52 56 64 
1 6 43 48 52 53 57 64 
1 6 44 49 53 54 58 64 
1 6 45 50 54 55 59 64 
1 6 6 7 8 13 14 64 
1 6 11 12 13 18 19 64 
1 6 2 3 4 9 10 64 
1 6 7 8 9 14 15 64 
1 6 12 13 14 19 20 64 
1 6 21 22 23 28 29 64 
1 6 26 27 28 33 34 64 
1 6 31 32 33 38 39 64 
1 6 22 23 24 29 30 64 
1 6 27 28 29 34 35 64 
1 6 32 33 34 39 40 64 
1 6 41 42 43 48 49 64 
1 6 46 47 48 53 54 64 
1 6 51 52 53 58 59 64 
1 6 42 43 44 49 50 64 
1 6 47 48 49 54 55 64 
1 6 52 53 54 59 60 64 
1 6 2 7 27 32 37 64 
1 6 3 8 28 33 38 64 
1 6 4 9 29 34 39 64 
1 6 5 10 30 35 40 64 
1 6 21 26 46 51 56 64 
1 6 22 27 47 52 57 64 
1 6 23 28 48 53 58 64 
1 6 24 29 49 54 59 64 
1 6 25 30 50 55 60 64 
1 6 2 7 12 32 37 64 
1 6 3 8 13 33 38 64 
1 6 4 9 14 34 39 64 
1 6 5 10 15 35 40 64 
1 6 21 26 31 51 56 64 
1 6 22 27 32 52 57 64 
1 6 23 28 33 53 58 64 
1 6 24 29 34 54 59 64 
1 6 25 30 35 55 60 64 
1 6 7 12 17 22 27 64 
1 6 8 13 18 23 28 64 
1 6 9 14 19 24 29 64 
1 6 10 15 20 25 30 64 
1 6 26 31 36 41 46 64 
1 6 27 32 37 42 47 64 
1 6 28 33 38 43 48 64 
1 6 29 34 39 44 49 64 
1 6 30 35 40 45 50 64 
1 6 12 17 22 27 32 64 
1 6 13 18 23 28 33 64 
1 6 14 19 24 29 34 64 
1 6 15 20 25 30 35 64 
1 6 31 36 41 46 51 64 
1 6 32 37 42 47 52 64 
1 6 33 38 43 48 53 64 
1 6 34 39 44 49 54 64 
1 6 35 40 45 50 55 64 
1 6 7 8 9 26 27 64 
1 6 12 13 14 31 32 64 
1 6 17 18 19 36 37 64 
1 6 3 4 5 22 23 64 
1 6 8 9 10 27 28 64 
1 6 13 14 15 32 33 64 
1 6 18 19 20 37 38 64 
1 6 22 23 24 41 42 64 
1 6 27 28 29 46 47 64 
1 6 32 33 34 51 52 64 
1 6 37 38 39 56 57 64 
1 6 23 24 25 42 43 64 
1 6 28 29 30 47 48 64 
1 6 33 34 35 52 53 64 
1 6 38 39 40 57 58 64 
1 6 8 9 26 27 28 64 
1 6 13 14 31 32 33 64 
1 6 18 19 36 37 38 64 
1 6 4 5 22 23 24 64 
1 6 9 10 27 28 29 64 
1 6 14 15 32 33 34 64 
1 6 19 20 37 38 39 64 
1 6 23 24 41 42 43 64 
1 6 28 29 46 47 48 64 
1 6 33 34 51 52 53 64 
1 6 38 39 56 57 58 64 
1 6 24 25 42 43 44 64 
1 6 29 30 47 48 49 64 
1 6 34 35 52 53 54 64 
1 6 39 40 57 58 59 64 
1 6 6 7 27 28 29 64 
1 6 11 12 32 33 34 64 
1 6 16 17 37 38 39 64 
1 6 2 3 23 24 25 64 
1 6 7 8 28 29 30 64 
1 6 12 13 33 34 35 64 
1 6 17 18 38 39 40 64 
1 6 21 22 42 43 44 64 
1 6 26 27 47 48 49 64 
1 6 31 32 52 53 54 64 
1 6 36 37 57 58 59 64 
1 6 22 23 43 44 45 64 
1 6 27 28 48 49 50 64 
1 6 32 33 53 54 55 64 
1 6 37 38 58 59 60 64 
1 6 6 7 8 28 29 64 
1 6 11 12 13 33 34 64 
1 6 16 17 18 38 39 64 
1 6 2 3 4 24 25 64 
1 6 7 8 9 29 30 64 
1 6 12 13 14 34 35 64 
1 6 17 18 19 39 40 64 
1 6 21 22 23 43 44 64 
1 6 26 27 28 48 49 64 
1 6 31 32 33 53 54 64 
1 6 36 37 38 58 59 64 
1 6 22 23 24 44 45 64 
1 6 27 28 29 49 50 64 
1 6 32 33 34 54 55 64 
1 6 37 38 39 59 60 64 
1 6 1 2 6 7 11 65 
1 6 1 2 6 7 8 65 
1 6 2 6 7 11 12 65 
1 6 1 2 3 7 8 65 
1 6 1 2 6 7 12 65 
1 6 1 2 3 6 7 65 
1 6 1 6 7 11 12 65 
1 6 2 3 6 7 8 65 
1 6 1 6 11 21 26 65 
1 6 1 6 21 26 46 65 
1 6 6 11 21 26 31 65 
1 6 1 21 26 41 46 65 
1 6 1 6 21 26 31 65 
1 6 1 6 21 26 41 65 
1 6 1 6 11 26 31 65 
1 6 6 21 26 41 46 65 
1 6 1 2 21 22 41 65 
1 6 1 2 21 22 23 65 
1 6 2 21 22 41 42 65 
1 6 1 2 3 22 23 65 
1 6 1 2 21 22 42 65 
1 6 1 2 3 21 22 65 
1 6 1 21 22 41 42 65 
1 6 2 3 21 22 23 65 
1 6 6 7 11 12 16 65 
1 6 2 3 7 8 12 65 
1 6 7 8 12 13 17 65 
1 6 3 4 8 9 13 65 
1 6 8 9 13 14 18 65 
1 6 4 5 9 10 14 65 
1 6 9 10 14 15 19 65 
1 6 21 22 26 27 31 65 
1 6 26 27 31 32 36 65 
1 6 22 23 27 28 32 65 
1 6 27 28 32 33 37 65 
1 6 23 24 28 29 33 65 
1 6 28 29 33 34 38 65 
1 6 24 25 29 30 34 65 
1 6 29 30 34 35 39 65 
1 6 41 42 46 47 51 65 
1 6 46 47 51 52 56 65 
1 6 42 43 47 48 52 65 
1 6 47 48 52 53 57 65 
1 6 43 44 48 49 53 65 
1 6 48 49 53 54 58 65 
1 6 44 45 49 50 54 65 
1 6 49 50 54 55 59 65 
1 6 6 7 11 12 13 65 
1 6 11 12 16 17 18 65 
1 6 2 3 7 8 9 65 
1 6 7 8 12 13 14 65 
1 6 12 13 17 18 19 65 
1 6 3 4 8 9 10 65 
1 6 8 9 13 14 15 65 
1 6 13 14 18 19 20 65 
1 6 21 22 26 27 28 65 
1 6 26 27 31 32 33 65 
1 6 31 32 36 37 38 65 
1 6 22 23 27 28 29 65 
1 6 27 28 32 33 34 65 
1 6 32 33 37 38 39 65 
1 6 23 24 28 29 30 65 
1 6 28 29 33 34 35 65 
1 6 33 34 38 39 40 65 
1 6 41 42 46 47 48 65 
1 6 46 47 51 52 53 65 
1 6 51 52 56 57 58 65 
1 6 42 43 47 48 49 65 
1 6 47 48 52 53 54 65 
1 6 52 53 57 58 59 65 
1 6 43 44 48 49 50 65 
1 6 48 49 53 54 55 65 
1 6 53 54 58 59 60 65 
1 6 7 11 12 16 17 65 
1 6 3 7 8 12 13 65 
1 6 8 12 13 17 18 65 
1 6 4 8 9 13 14 65 
1 6 9 13 14 18 19 65 
1 6 5 9 10 14 15 65 
1 6 10 14 15 19 20 65 
1 6 22 26 27 31 32 65 
1 6 27 31 32 36 37 65 
1 6 23 27 28 32 33 65 
1 6 28 32 33 37 38 65 
1 6 24 28 29 33 34 65 
1 6 29 33 34 38 39 65 
1 6 25 29 30 34 35 65 
1 6 30 34 35 39 40 65 
1 6 42 46 47 51 52 65 
1 6 47 51 52 56 57 65 
1 6 43 47 48 52 53 65 
1 6 48 52 53 57 58 65 
1 6 44 48 49 53 54 65 
1 6 49 53 54 58 59 65 
1 6 45 49 50 54 55 65 
1 6 50 54 55 59 60 65 
1 6 6 7 8 12 13 65 
1 6 11 12 13 17 18 65 
1 6 2 3 4 8 9 65 
1 6 7 8 9 13 14 65 
1 6 12 13 14 18 19 65 
1 6 3 4 5 9 10 65 
1 6 8 9 10 14 15 65 
1 6 13 14 15 19 20 65 
1 6 21 22 23 27 28 65 
1 6 26 27 28 32 33 65 
1 6 31 32 33 37 38 65 
1 6 22 23 24 28 29 65 
1 6 27 28 29 33 34 65 
1 6 32 33 34 38 39 65 
1 6 23 24 25 29 30 65 
1 6 28 29 30 34 35 65 
1 6 33 34 35 39 40 65 
1 6 41 42 43 47 48 65 
1 6 46 47 48 52 53 65 
1 6 51 52 53 57 58 65 
1 6 42 43 44 48 49 65 
1 6 47 48 49 53 54 65 
1 6 52 53 54 58 59 65 
1 6 43 44 45 49 50 65 
1 6 48 49 50 54 55 65 
1 6 53 54 55 59 60 65 
1 6 6 7 11 12 17 65 
1 6 2 3 7 8 13 65 
1 6 7 8 12 13 18 65 
1 6 3 4 8 9 14 65 
1 6 8 9 13 14 19 65 
1 6 4 5 9 10 15 65 
1 6 9 10 14 15 20 65 
1 6 21 22 26 27 32 65 
1 6 26 27 31 32 37 65 
1 6 22 23 27 28 33 65 
1 6 27 28 32 33 38 65 
1 6 23 24 28 29 34 65 
1 6 28 29 33 34 39 65 
1 6 24 25 29 30 35 65 
1 6 29 30 34 35 40 65 
1 6 41 42 46 47 52 65 
1 6 46 47 51 52 57 65 
1 6 42 43 47 48 53 65 
1 6 47 48 52 53 58 65 
1 6 43 44 48 49 54 65 
1 6 48 49 53 54 59 65 
1 6 44 45 49 50 55 65 
1 6 49 50 54 55 60 65 
1 6 6 7 8 11 12 65 
1 6 11 12 13 16 17 65 
1 6 2 3 4 7 8 65 
1 6 7 8 9 12 13 65 
1 6 12 13 14 17 18 65 
1 6 3 4 5 8 9 65 
1 6 8 9 10 13 14 65 
1 6 13 14 15 18 19 65 
1 6 21 22 23 26 27 65 
1 6 26 27 28 31 32 65 
1 6 31 32 33 36 37 65 
1 6 22 23 24 27 28 65 
1 6 27 28 29 32 33 65 
1 6 32 33 34 37 38 65 
1 6 23 24 25 28 29 65 
1 6 28 29 30 33 34 65 
1 6 33 34 35 38 39 65 
1 6 41 42 43 46 47 65 
1 6 46 47 48 51 52 65 
1 6 51 52 53 56 57 65 
1 6 42 43 44 47 48 65 
1 6 47 48 49 52 53 65 
1 6 52 53 54 57 58 65 
1 6 43 44 45 48 49 65 
1 6 48 49 50 53 54 65 
1 6 53 54 55 58 59 65 
1 6 6 11 12 16 17 65 
1 6 2 7 8 12 13 65 
1 6 7 12 13 17 18 65 
1 6 3 8 9 13 14 65 
1 6 8 13 14 18 19 65 
1 6 4 9 10 14 15 65 
1 6 9 14 15 19 20 65 
1 6 21 26 27 31 32 65 
1 6 26 31 32 36 37 65 
1 6 22 27 28 32 33 65 
1 6 27 32 33 37 38 65 
1 6 23 28 29 33 34 65 
1 6 28 33 34 38 39 65 
1 6 24 29 30 34 35 65 
1 6 29 34 35 39 40 65 
1 6 41 46 47 51 52 65 
1 6 46 51 52 56 57 65 
1 6 42 47 48 52 53 65 
1 6 47 52 53 57 58 65 
1 6 43 48 49 53 54 65 
1 6 48 53 54 58 59 65 
1 6 44 49 50 54 55 65 
1 6 49 54 55 59 60 65 
1 6 7 8 11 12 13 65 
1 6 12 13 16 17 18 65 
1 6 3 4 7 8 9 65 
1 6 8 9 12 13 14 65 
1 6 13 14 17 18 19 65 
1 6 4 5 8 9 10 65 
1 6 9 10 13 14 15 65 
1 6 14 15 18 19 20 65 
1 6 22 23 26 27 28 65 
1 6 27 28 31 32 33 65 
1 6 32 33 36 37 38 65 
1 6 23 24 27 28 29 65 
1 6 28 29 32 33 34 65 
1 6 33 34 37 38 39 65 
1 6 24 25 28 29 30 65 
1 6 29 30 33 34 35 65 
1 6 34 35 38 39 40 65 
1 6 42 43 46 47 48 65 
1 6 47 48 51 52 53 65 
1 6 52 53 56 57 58 65 
1 6 43 44 47 48 49 65 
1 6 48 49 52 53 54 65 
1 6 53 54 57 58 59 65 
1 6 44 45 48 49 50 65 
1 6 49 50 53 54 55 65 
1 6 54 55 58 59 60 65 
1 6 6 11 16 26 31 65 
1 6 2 7 12 22 27 65 
1 6 7 12 17 27 32 65 
1 6 3 8 13 23 28 65 
1 6 8 13 18 28 33 65 
1 6 4 9 14 24 29 65 
1 6 9 14 19 29 34 65 
1 6 5 10 15 25 30 65 
1 6 10 15 20 30 35 65 
1 6 21 26 31 41 46 65 
1 6 26 31 36 46 51 65 
1 6 22 27 32 42 47 65 
1 6 27 32 37 47 52 65 
1 6 23 28 33 43 48 65 
1 6 28 33 38 48 53 65 
1 6 24 29 34 44 49 65 
1 6 29 34 39 49 54 65 
1 6 25 30 35 45 50 65 
1 6 30 35 40 50 55 65 
1 6 6 11 26 31 51 65 
1 6 11 16 31 36 56 65 
1 6 2 7 22 27 47 65 
1 6 7 12 27 32 52 65 
1 6 12 17 32 37 57 65 
1 6 3 8 23 28 48 65 
1 6 8 13 28 33 53 65 
1 6 13 18 33 38 58 65 
1 6 4 9 24 29 49 65 
1 6 9 14 29 34 54 65 
1 6 14 19 34 39 59 65 
1 6 5 10 25 30 50 65 
1 6 10 15 30 35 55 65 
1 6 15 20 35 40 60 65 
1 6 11 16 26 31 36 65 
1 6 7 12 22 27 32 65 
1 6 12 17 27 32 37 65 
1 6 8 13 23 28 33 65 
1 6 13 18 28 33 38 65 
1 6 9 14 24 29 34 65 
1 6 14 19 29 34 39 65 
1 6 10 15 25 30 35 65 
1 6 15 20 30 35 40 65 
1 6 26 31 41 46 51 65 
1 6 31 36 46 51 56 65 
1 6 27 32 42 47 52 65 
1 6 32 37 47 52 57 65 
1 6 28 33 43 48 53 65 
1 6 33 38 48 53 58 65 
1 6 29 34 44 49 54 65 
1 6 34 39 49 54 59 65 
1 6 30 35 45 50 55 65 
1 6 35 40 50 55 60 65 
1 6 6 26 31 46 51 65 
1 6 11 31 36 51 56 65 
1 6 2 22 27 42 47 65 
1 6 7 27 32 47 52 65 
1 6 12 32 37 52 57 65 
1 6 3 23 28 43 48 65 
1 6 8 28 33 48 53 65 
1 6 13 33 38 53 58 65 
1 6 4 24 29 44 49 65 
1 6 9 29 34 49 54 65 
1 6 14 34 39 54 59 65 
1 6 5 25 30 45 50 65 
1 6 10 30 35 50 55 65 
1 6 15 35 40 55 60 65 
1 6 6 11 26 31 36 65 
1 6 2 7 22 27 32 65 
1 6 7 12 27 32 37 65 
1 6 3 8 23 28 33 65 
1 6 8 13 28 33 38 65 
1 6 4 9 24 29 34 65 
1 6 9 14 29 34 39 65 
1 6 5 10 25 30 35 65 
1 6 10 15 30 35 40 65 
1 6 21 26 41 46 51 65 
1 6 26 31 46 51 56 65 
1 6 22 27 42 47 52 65 
1 6 27 32 47 52 57 65 
1 6 23 28 43 48 53 65 
1 6 28 33 48 53 58 65 
1 6 24 29 44 49 54 65 
1 6 29 34 49 54 59 65 
1 6 25 30 45 50 55 65 
1 6 30 35 50 55 60 65 
1 6 6 11 26 31 46 65 
1 6 11 16 31 36 51 65 
1 6 2 7 22 27 42 65 
1 6 7 12 27 32 47 65 
1 6 12 17 32 37 52 65 
1 6 3 8 23 28 43 65 
1 6 8 13 28 33 48 65 
1 6 13 18 33 38 53 65 
1 6 4 9 24 29 44 65 
1 6 9 14 29 34 49 65 
1 6 14 19 34 39 54 65 
1 6 5 10 25 30 45 65 
1 6 10 15 30 35 50 65 
1 6 15 20 35 40 55 65 
1 6 6 11 16 31 36 65 
1 6 2 7 12 27 32 65 
1 6 7 12 17 32 37 65 
1 6 3 8 13 28 33 65 
1 6 8 13 18 33 38 65 
1 6 4 9 14 29 34 65 
1 6 9 14 19 34 39 65 
1 6 5 10 15 30 35 65 
1 6 10 15 20 35 40 65 
1 6 21 26 31 46 51 65 
1 6 26 31 36 51 56 65 
1 6 22 27 32 47 52 65 
1 6 27 32 37 52 57 65 
1 6 23 28 33 48 53 65 
1 6 28 33 38 53 58 65 
1 6 24 29 34 49 54 65 
1 6 29 34 39 54 59 65 
1 6 25 30 35 50 55 65 
1 6 30 35 40 55 60 65 
1 6 11 26 31 46 51 65 
1 6 16 31 36 51 56 65 
1 6 7 22 27 42 47 65 
1 6 12 27 32 47 52 65 
1 6 17 32 37 52 57 65 
1 6 8 23 28 43 48 65 
1 6 13 28 33 48 53 65 
1 6 18 33 38 53 58 65 
1 6 9 24 29 44 49 65 
1 6 14 29 34 49 54 65 
1 6 19 34 39 54 59 65 
1 6 10 25 30 45 50 65 
1 6 15 30 35 50 55 65 
1 6 20 35 40 55 60 65 
1 6 6 7 26 27 46 65 
1 6 11 12 31 32 51 65 
1 6 16 17 36 37 56 65 
1 6 2 3 22 23 42 65 
1 6 7 8 27 28 47 65 
1 6 12 13 32 33 52 65 
1 6 17 18 37 38 57 65 
1 6 3 4 23 24 43 65 
1 6 8 9 28 29 48 65 
1 6 13 14 33 34 53 65 
1 6 18 19 38 39 58 65 
1 6 4 5 24 25 44 65 
1 6 9 10 29 30 49 65 
1 6 14 15 34 35 54 65 
1 6 19 20 39 40 59 65 
1 6 6 7 26 27 28 65 
1 6 11 12 31 32 33 65 
1 6 16 17 36 37 38 65 
1 6 2 3 22 23 24 65 
1 6 7 8 27 28 29 65 
1 6 12 13 32 33 34 65 
1 6 17 18 37 38 39 65 
1 6 3 4 23 24 25 65 
1 6 8 9 28 29 30 65 
1 6 13 14 33 34 35 65 
1 6 18 19 38 39 40 65 
1 6 21 22 41 42 43 65 
1 6 26 27 46 47 48 65 
1 6 31 32 51 52 53 65 
1 6 36 37 56 57 58 65 
1 6 22 23 42 43 44 65 
1 6 27 28 47 48 49 65 
1 6 32 33 52 53 54 65 
1 6 37 38 57 58 59 65 
1 6 23 24 43 44 45 65 
1 6 28 29 48 49 50 65 
1 6 33 34 53 54 55 65 
1 6 38 39 58 59 60 65 
1 6 7 26 27 46 47 65 
1 6 12 31 32 51 52 65 
1 6 17 36 37 56 57 65 
1 6 3 22 23 42 43 65 
1 6 8 27 28 47 48 65 
1 6 13 32 33 52 53 65 
1 6 18 37 38 57 58 65 
1 6 4 23 24 43 44 65 
1 6 9 28 29 48 49 65 
1 6 14 33 34 53 54 65 
1 6 19 38 39 58 59 65 
1 6 5 24 25 44 45 65 
1 6 10 29 30 49 50 65 
1 6 15 34 35 54 55 65 
1 6 20 39 40 59 60 65 
1 6 6 7 8 27 28 65 
1 6 11 12 13 32 33 65 
1 6 16 17 18 37 38 65 
1 6 2 3 4 23 24 65 
1 6 7 8 9 28 29 65 
1 6 12 13 14 33 34 65 
1 6 17 18 19 38 39 65 
1 6 3 4 5 24 25 65 
1 6 8 9 10 29 30 65 
1 6 13 14 15 34 35 65 
1 6 18 19 20 39 40 65 
1 6 21 22 23 42 43 65 
1 6 26 27 28 47 48 65 
1 6 31 32 33 52 53 65 
1 6 36 37 38 57 58 65 
1 6 22 23 24 43 44 65 
1 6 27 28 29 48 49 65 
1 6 32 33 34 53 54 65 
1 6 37 38 39 58 59 65 
1 6 23 24 25 44 45 65 
1 6 28 29 30 49 50 65 
1 6 33 34 35 54 55 65 
1 6 38 39 40 59 60 65 
1 6 6 7 26 27 47 65 
1 6 11 12 31 32 52 65 
1 6 16 17 36 37 57 65 
1 6 2 3 22 23 43 65 
1 6 7 8 27 28 48 65 
1 6 12 13 32 33 53 65 
1 6 17 18 37 38 58 65 
1 6 3 4 23 24 44 65 
1 6 8 9 28 29 49 65 
1 6 13 14 33 34 54 65 
1 6 18 19 38 39 59 65 
1 6 4 5 24 25 45 65 
1 6 9 10 29 30 50 65 
1 6 14 15 34 35 55 65 
1 6 19 20 39 40 60 65 
1 6 6 7 8 26 27 65 
1 6 11 12 13 31 32 65 
1 6 16 17 18 36 37 65 
1 6 2 3 4 22 23 65 
1 6 7 8 9 27 28 65 
1 6 12 13 14 32 33 65 
1 6 17 18 19 37 38 65 
1 6 3 4 5 23 24 65 
1 6 8 9 10 28 29 65 
1 6 13 14 15 33 34 65 
1 6 18 19 20 38 39 65 
1 6 21 22 23 41 42 65 
1 6 26 27 28 46 47 65 
1 6 31 32 33 51 52 65 
1 6 36 37 38 56 57 65 
1 6 22 23 24 42 43 65 
1 6 27 28 29 47 48 65 
1 6 32 33 34 52 53 65 
1 6 37 38 39 57 58 65 
1 6 23 24 25 43 44 65 
1 6 28 29 30 48 49 65 
1 6 33 34 35 53 54 65 
1 6 38 39 40 58 59 65 
1 6 6 26 27 46 47 65 
1 6 11 31 32 51 52 65 
1 6 16 36 37 56 57 65 
1 6 2 22 23 42 43 65 
1 6 7 27 28 47 48 65 
1 6 12 32 33 52 53 65 
1 6 17 37 38 57 58 65 
1 6 3 23 24 43 44 65 
1 6 8 28 29 48 49 65 
1 6 13 33 34 53 54 65 
1 6 18 38 39 58 59 65 
1 6 4 24 25 44 45 65 
1 6 9 29 30 49 50 65 
1 6 14 34 35 54 55 65 
1 6 19 39 40 59 60 65 
1 6 7 8 26 27 28 65 
1 6 12 13 31 32 33 65 
1 6 17 18 36 37 38 65 
1 6 3 4 22 23 24 65 
1 6 8 9 27 28 29 65 
1 6 13 14 32 33 34 65 
1 6 18 19 37 38 39 65 
1 6 4 5 23 24 25 65 
1 6 9 10 28 29 30 65 
1 6 14 15 33 34 35 65 
1 6 19 20 38 39 40 65 
1 6 22 23 41 42 43 65 
1 6 27 28 46 47 48 65 
1 6 32 33 51 52 53 65 
1 6 37 38 56 57 58 65 
1 6 23 24 42 43 44 65 
1 6 28 29 47 48 49 65 
1 6 33 34 52 53 54 65 
1 6 38 39 57 58 59 65 
1 6 24 25 43 44 45 65 
1 6 29 30 48 49 50 65 
1 6 34 35 53 54 55 65 
1 6 39 40 58 59 60 65 
1 6 1 2 3 7 12 66 
1 6 1 6 7 8 11 66 
1 6 2 7 11 12 13 66 
1 6 3 6 7 8 13 66 
1 6 1 21 26 31 41 66 
1 6 1 6 11 26 46 66 
1 6 11 21 26 31 51 66 
1 6 6 26 41 46 51 66 
1 6 1 2 3 22 42 66 
1 6 1 21 22 23 41 66 
1 6 2 22 41 42 43 66 
1 6 3 21 22 23 43 66 
1 6 6 7 8 12 17 66 
1 6 2 3 4 8 13 66 
1 6 7 8 9 13 18 66 
1 6 3 4 5 9 14 66 
1 6 8 9 10 14 19 66 
1 6 21 22 23 27 32 66 
1 6 26 27 28 32 37 66 
1 6 22 23 24 28 33 66 
1 6 27 28 29 33 38 66 
1 6 23 24 25 29 34 66 
1 6 28 29 30 34 39 66 
1 6 41 42 43 47 52 66 
1 6 46 47 48 52 57 66 
1 6 42 43 44 48 53 66 
1 6 47 48 49 53 58 66 
1 6 43 44 45 49 54 66 
1 6 48 49 50 54 59 66 
1 6 6 11 12 13 16 66 
1 6 2 7 8 9 12 66 
1 6 7 12 13 14 17 66 
1 6 3 8 9 10 13 66 
1 6 8 13 14 15 18 66 
1 6 21 26 27 28 31 66 
1 6 26 31 32 33 36 66 
1 6 22 27 28 29 32 66 
1 6 27 32 33 34 37 66 
1 6 23 28 29 30 33 66 
1 6 28 33 34 35 38 66 
1 6 41 46 47 48 51 66 
1 6 46 51 52 53 56 66 
1 6 42 47 48 49 52 66 
1 6 47 52 53 54 57 66 
1 6 43 48 49 50 53 66 
1 6 48 53 54 55 58 66 
1 6 7 12 16 17 18 66 
1 6 3 8 12 13 14 66 
1 6 8 13 17 18 19 66 
1 6 4 9 13 14 15 66 
1 6 9 14 18 19 20 66 
1 6 22 27 31 32 33 66 
1 6 27 32 36 37 38 66 
1 6 23 28 32 33 34 66 
1 6 28 33 37 38 39 66 
1 6 24 29 33 34 35 66 
1 6 29 34 38 39 40 66 
1 6 42 47 51 52 53 66 
1 6 47 52 56 57 58 66 
1 6 43 48 52 53 54 66 
1 6 48 53 57 58 59 66 
1 6 44 49 53 54 55 66 
1 6 49 54 58 59 60 66 
1 6 8 11 12 13 18 66 
1 6 4 7 8 9 14 66 
1 6 9 12 13 14 19 66 
1 6 5 8 9 10 15 66 
1 6 10 13 14 15 20 66 
1 6 23 26 27 28 33 66 
1 6 28 31 32 33 38 66 
1 6 24 27 28 29 34 66 
1 6 29 32 33 34 39 66 
1 6 25 28 29 30 35 66 
1 6 30 33 34 35 40 66 
1 6 43 46 47 48 53 66 
1 6 48 51 52 53 58 66 
1 6 44 47 48 49 54 66 
1 6 49 52 53 54 59 66 
1 6 45 48 49 50 55 66 
1 6 50 53 54 55 60 66 
1 6 6 26 31 36 46 66 
1 6 2 22 27 32 42 66 
1 6 7 27 32 37 47 66 
1 6 3 23 28 33 43 66 
1 6 8 28 33 38 48 66 
1 6 4 24 29 34 44 66 
1 6 9 29 34 39 49 66 
1 6 5 25 30 35 45 66 
1 6 10 30 35 40 50 66 
1 6 6 11 16 31 51 66 
1 6 2 7 12 27 47 66 
1 6 7 12 17 32 52 66 
1 6 3 8 13 28 48 66 
1 6 8 13 18 33 53 66 
1 6 4 9 14 29 49 66 
1 6 9 14 19 34 54 66 
1 6 5 10 15 30 50 66 
1 6 10 15 20 35 55 66 
1 6 16 26 31 36 56 66 
1 6 12 22 27 32 52 66 
1 6 17 27 32 37 57 66 
1 6 13 23 28 33 53 66 
1 6 18 28 33 38 58 66 
1 6 14 24 29 34 54 66 
1 6 19 29 34 39 59 66 
1 6 15 25 30 35 55 66 
1 6 20 30 35 40 60 66 
1 6 11 31 46 51 56 66 
1 6 7 27 42 47 52 66 
1 6 12 32 47 52 57 66 
1 6 8 28 43 48 53 66 
1 6 13 33 48 53 58 66 
1 6 9 29 44 49 54 66 
1 6 14 34 49 54 59 66 
1 6 10 30 45 50 55 66 
1 6 15 35 50 55 60 66 
1 6 6 7 8 27 47 66 
1 6 11 12 13 32 52 66 
1 6 16 17 18 37 57 66 
1 6 2 3 4 23 43 66 
1 6 7 8 9 28 48 66 
1 6 12 13 14 33 53 66 
1 6 17 18 19 38 58 66 
1 6 3 4 5 24 44 66 
1 6 8 9 10 29 49 66 
1 6 13 14 15 34 54 66 
1 6 18 19 20 39 59 66 
1 6 6 26 27 28 46 66 
1 6 11 31 32 33 51 66 
1 6 16 36 37 38 56 66 
1 6 2 22 23 24 42 66 
1 6 7 27 28 29 47 66 
1 6 12 32 33 34 52 66 
1 6 17 37 38 39 57 66 
1 6 3 23 24 25 43 66 
1 6 8 28 29 30 48 66 
1 6 13 33 34 35 53 66 
1 6 18 38 39 40 58 66 
1 6 7 27 46 47 48 66 
1 6 12 32 51 52 53 66 
1 6 17 37 56 57 58 66 
1 6 3 23 42 43 44 66 
1 6 8 28 47 48 49 66 
1 6 13 33 52 53 54 66 
1 6 18 38 57 58 59 66 
1 6 4 24 43 44 45 66 
1 6 9 29 48 49 50 66 
1 6 14 34 53 54 55 66 
1 6 19 39 58 59 60 66 
1 6 8 26 27 28 48 66 
1 6 13 31 32 33 53 66 
1 6 18 36 37 38 58 66 
1 6 4 22 23 24 44 66 
1 6 9 27 28 29 49 66 
1 6 14 32 33 34 54 66 
1 6 19 37 38 39 59 66 
1 6 5 23 24 25 45 66 
1 6 10 28 29 30 50 66 
1 6 15 33 34 35 55 66 
1 6 20 38 39 40 60 66 
1 6 1 3 6 7 8 67 
1 6 1 2 7 11 12 67 
1 6 1 2 3 6 8 67 
1 6 1 2 6 11 12 67 
1 6 1 6 26 41 46 67 
1 6 1 11 21 26 31 67 
1 6 1 6 21 41 46 67 
1 6 1 6 11 21 31 67 
1 6 1 3 21 22 23 67 
1 6 1 2 22 41 42 67 
1 6 1 2 3 21 23 67 
1 6 1 2 21 41 42 67 
1 6 6 8 11 12 13 67 
1 6 11 13 16 17 18 67 
1 6 2 4 7 8 9 67 
1 6 7 9 12 13 14 67 
1 6 12 14 17 18 19 67 
1 6 3 5 8 9 10 67 
1 6 8 10 13 14 15 67 
1 6 13 15 18 19 20 67 
1 6 21 23 26 27 28 67 
1 6 26 28 31 32 33 67 
1 6 31 33 36 37 38 67 
1 6 22 24 27 28 29 67 
1 6 27 29 32 33 34 67 
1 6 32 34 37 38 39 67 
1 6 23 25 28 29 30 67 
1 6 28 30 33 34 35 67 
1 6 33 35 38 39 40 67 
1 6 41 43 46 47 48 67 
1 6 46 48 51 52 53 67 
1 6 51 53 56 57 58 67 
1 6 42 44 47 48 49 67 
1 6 47 49 52 53 54 67 
1 6 52 54 57 58 59 67 
1 6 43 45 48 49 50 67 
1 6 48 50 53 54 55 67 
1 6 53 55 58 59 60 67 
1 6 6 7 12 16 17 67 
1 6 2 3 8 12 13 67 
1 6 7 8 13 17 18 67 
1 6 3 4 9 13 14 67 
1 6 8 9 14 18 19 67 
1 6 4 5 10 14 15 67 
1 6 9 10 15 19 20 67 
1 6 21 22 27 31 32 67 
1 6 26 27 32 36 37 67 
1 6 22 23 28 32 33 67 
1 6 27 28 33 37 38 67 
1 6 23 24 29 33 34 67 
1 6 28 29 34 38 39 67 
1 6 24 25 30 34 35 67 
1 6 29 30 35 39 40 67 
1 6 41 42 47 51 52 67 
1 6 46 47 52 56 57 67 
1 6 42 43 48 52 53 67 
1 6 47 48 53 57 58 67 
1 6 43 44 49 53 54 67 
1 6 48 49 54 58 59 67 
1 6 44 45 50 54 55 67 
1 6 49 50 55 59 60 67 
1 6 6 7 8 11 13 67 
1 6 11 12 13 16 18 67 
1 6 2 3 4 7 9 67 
1 6 7 8 9 12 14 67 
1 6 12 13 14 17 19 67 
1 6 3 4 5 8 10 67 
1 6 8 9 10 13 15 67 
1 6 13 14 15 18 20 67 
1 6 21 22 23 26 28 67 
1 6 26 27 28 31 33 67 
1 6 31 32 33 36 38 67 
1 6 22 23 24 27 29 67 
1 6 27 28 29 32 34 67 
1 6 32 33 34 37 39 67 
1 6 23 24 25 28 30 67 
1 6 28 29 30 33 35 67 
1 6 33 34 35 38 40 67 
1 6 41 42 43 46 48 67 
1 6 46 47 48 51 53 67 
1 6 51 52 53 56 58 67 
1 6 42 43 44 47 49 67 
1 6 47 48 49 52 54 67 
1 6 52 53 54 57 59 67 
1 6 43 44 45 48 50 67 
1 6 48 49 50 53 55 67 
1 6 53 54 55 58 60 67 
1 6 6 7 11 16 17 67 
1 6 2 3 7 12 13 67 
1 6 7 8 12 17 18 67 
1 6 3 4 8 13 14 67 
1 6 8 9 13 18 19 67 
1 6 4 5 9 14 15 67 
1 6 9 10 14 19 20 67 
1 6 21 22 26 31 32 67 
1 6 26 27 31 36 37 67 
1 6 22 23 27 32 33 67 
1 6 27 28 32 37 38 67 
1 6 23 24 28 33 34 67 
1 6 28 29 33 38 39 67 
1 6 24 25 29 34 35 67 
1 6 29 30 34 39 40 67 
1 6 41 42 46 51 52 67 
1 6 46 47 51 56 57 67 
1 6 42 43 47 52 53 67 
1 6 47 48 52 57 58 67 
1 6 43 44 48 53 54 67 
1 6 48 49 53 58 59 67 
1 6 44 45 49 54 55 67 
1 6 49 50 54 59 60 67 
1 6 6 11 31 46 51 67 
1 6 11 16 36 51 56 67 
1 6 2 7 27 42 47 67 
1 6 7 12 32 47 52 67 
1 6 12 17 37 52 57 67 
1 6 3 8 28 43 48 67 
1 6 8 13 33 48 53 67 
1 6 13 18 38 53 58 67 
1 6 4 9 29 44 49 67 
1 6 9 14 34 49 54 67 
1 6 14 19 39 54 59 67 
1 6 5 10 30 45 50 67 
1 6 10 15 35 50 55 67 
1 6 15 20 40 55 60 67 
1 6 6 16 26 31 36 67 
1 6 2 12 22 27 32 67 
1 6 7 17 27 32 37 67 
1 6 3 13 23 28 33 67 
1 6 8 18 28 33 38 67 
1 6 4 14 24 29 34 67 
1 6 9 19 29 34 39 67 
1 6 5 15 25 30 35 67 
1 6 10 20 30 35 40 67 
1 6 21 31 41 46 51 67 
1 6 26 36 46 51 56 67 
1 6 22 32 42 47 52 67 
1 6 27 37 47 52 57 67 
1 6 23 33 43 48 53 67 
1 6 28 38 48 53 58 67 
1 6 24 34 44 49 54 67 
1 6 29 39 49 54 59 67 
1 6 25 35 45 50 55 67 
1 6 30 40 50 55 60 67 
1 6 6 11 26 46 51 67 
1 6 11 16 31 51 56 67 
1 6 2 7 22 42 47 67 
1 6 7 12 27 47 52 67 
1 6 12 17 32 52 57 67 
1 6 3 8 23 43 48 67 
1 6 8 13 28 48 53 67 
1 6 13 18 33 53 58 67 
1 6 4 9 24 44 49 67 
1 6 9 14 29 49 54 67 
1 6 14 19 34 54 59 67 
1 6 5 10 25 45 50 67 
1 6 10 15 30 50 55 67 
1 6 15 20 35 55 60 67 
1 6 6 11 16 26 36 67 
1 6 2 7 12 22 32 67 
1 6 7 12 17 27 37 67 
1 6 3 8 13 23 33 67 
1 6 8 13 18 28 38 67 
1 6 4 9 14 24 34 67 
1 6 9 14 19 29 39 67 
1 6 5 10 15 25 35 67 
1 6 10 15 20 30 40 67 
1 6 21 26 31 41 51 67 
1 6 26 31 36 46 56 67 
1 6 22 27 32 42 52 67 
1 6 27 32 37 47 57 67 
1 6 23 28 33 43 53 67 
1 6 28 33 38 48 58 67 
1 6 24 29 34 44 54 67 
1 6 29 34 39 49 59 67 
1 6 25 30 35 45 55 67 
1 6 30 35 40 50 60 67 
1 6 6 8 26 27 28 67 
1 6 11 13 31 32 33 67 
1 6 16 18 36 37 38 67 
1 6 2 4 22 23 24 67 
1 6 7 9 27 28 29 67 
1 6 12 14 32 33 34 67 
1 6 17 19 37 38 39 67 
1 6 3 5 23 24 25 67 
1 6 8 10 28 29 30 67 
1 6 13 15 33 34 35 67 
1 6 18 20 38 39 40 67 
1 6 21 23 41 42 43 67 
1 6 26 28 46 47 48 67 
1 6 31 33 51 52 53 67 
1 6 36 38 56 57 58 67 
1 6 22 24 42 43 44 67 
1 6 27 29 47 48 49 67 
1 6 32 34 52 53 54 67 
1 6 37 39 57 58 59 67 
1 6 23 25 43 44 45 67 
1 6 28 30 48 49 50 67 
1 6 33 35 53 54 55 67 
1 6 38 40 58 59 60 67 
1 6 6 7 27 46 47 67 
1 6 11 12 32 51 52 67 
1 6 16 17 37 56 57 67 
1 6 2 3 23 42 43 67 
1 6 7 8 28 47 48 67 
1 6 12 13 33 52 53 67 
1 6 17 18 38 57 58 67 
1 6 3 4 24 43 44 67 
1 6 8 9 29 48 49 67 
1 6 13 14 34 53 54 67 
1 6 18 19 39 58 59 67 
1 6 4 5 25 44 45 67 
1 6 9 10 30 49 50 67 
1 6 14 15 35 54 55 67 
1 6 19 20 40 59 60 67 
1 6 6 7 8 26 28 67 
1 6 11 12 13 31 33 67 
1 6 16 17 18 36 38 67 
1 6 2 3 4 22 24 67 
1 6 7 8 9 27 29 67 
1 6 12 13 14 32 34 67 
1 6 17 18 19 37 39 67 
1 6 3 4 5 23 25 67 
1 6 8 9 10 28 30 67 
1 6 13 14 15 33 35 67 
1 6 18 19 20 38 40 67 
1 6 21 22 23 41 43 67 
1 6 26 27 28 46 48 67 
1 6 31 32 33 51 53 67 
1 6 36 37 38 56 58 67 
1 6 22 23 24 42 44 67 
1 6 27 28 29 47 49 67 
1 6 32 33 34 52 54 67 
1 6 37 38 39 57 59 67 
1 6 23 24 25 43 45 67 
1 6 28 29 30 48 50 67 
1 6 33 34 35 53 55 67 
1 6 38 39 40 58 60 67 
1 6 6 7 26 46 47 67 
1 6 11 12 31 51 52 67 
1 6 16 17 36 56 57 67 
1 6 2 3 22 42 43 67 
1 6 7 8 27 47 48 67 
1 6 12 13 32 52 53 67 
1 6 17 18 37 57 58 67 
1 6 3 4 23 43 44 67 
1 6 8 9 28 48 49 67 
1 6 13 14 33 53 54 67 
1 6 18 19 38 58 59 67 
1 6 4 5 24 44 45 67 
1 6 9 10 29 49 50 67 
1 6 14 15 34 54 55 67 
1 6 19 20 39 59 60 67 
1 6 1 6 11 12 13 68 
1 6 3 8 11 12 13 68 
1 6 1 2 3 8 13 68 
1 6 1 2 3 6 11 68 
1 6 1 6 11 31 51 68 
1 6 11 31 41 46 51 68 
1 6 1 21 41 46 51 68 
1 6 1 6 11 21 41 68 
1 6 1 21 41 42 43 68 
1 6 3 23 41 42 43 68 
1 6 1 2 3 23 43 68 
1 6 1 2 3 21 41 68 
1 6 6 11 16 17 18 68 
1 6 2 7 12 13 14 68 
1 6 7 12 17 18 19 68 
1 6 3 8 13 14 15 68 
1 6 8 13 18 19 20 68 
1 6 21 26 31 32 33 68 
1 6 26 31 36 37 38 68 
1 6 22 27 32 33 34 68 
1 6 27 32 37 38 39 68 
1 6 23 28 33 34 35 68 
1 6 28 33 38 39 40 68 
1 6 41 46 51 52 53 68 
1 6 46 51 56 57 58 68 
1 6 42 47 52 53 54 68 
1 6 47 52 57 58 59 68 
1 6 43 48 53 54 55 68 
1 6 48 53 58 59 60 68 
1 6 8 13 16 17 18 68 
1 6 4 9 12 13 14 68 
1 6 9 14 17 18 19 68 
1 6 5 10 13 14 15 68 
1 6 10 15 18 19 20 68 
1 6 23 28 31 32 33 68 
1 6 28 33 36 37 38 68 
1 6 24 29 32 33 34 68 
1 6 29 34 37 38 39 68 
1 6 25 30 33 34 35 68 
1 6 30 35 38 39 40 68 
1 6 43 48 51 52 53 68 
1 6 48 53 56 57 58 68 
1 6 44 49 52 53 54 68 
1 6 49 54 57 58 59 68 
1 6 45 50 53 54 55 68 
1 6 50 55 58 59 60 68 
1 6 6 7 8 13 18 68 
1 6 2 3 4 9 14 68 
1 6 7 8 9 14 19 68 
1 6 3 4 5 10 15 68 
1 6 8 9 10 15 20 68 
1 6 21 22 23 28 33 68 
1 6 26 27 28 33 38 68 
1 6 22 23 24 29 34 68 
1 6 27 28 29 34 39 68 
1 6 23 24 25 30 35 68 
1 6 28 29 30 35 40 68 
1 6 41 42 43 48 53 68 
1 6 46 47 48 53 58 68 
1 6 42 43 44 49 54 68 
1 6 47 48 49 54 59 68 
1 6 43 44 45 50 55 68 
1 6 48 49 50 55 60 68 
1 6 6 7 8 11 16 68 
1 6 2 3 4 7 12 68 
1 6 7 8 9 12 17 68 
1 6 3 4 5 8 13 68 
1 6 8 9 10 13 18 68 
1 6 21 22 23 26 31 68 
1 6 26 27 28 31 36 68 
1 6 22 23 24 27 32 68 
1 6 27 28 29 32 37 68 
1 6 23 24 25 28 33 68 
1 6 28 29 30 33 38 68 
1 6 41 42 43 46 51 68 
1 6 46 47 48 51 56 68 
1 6 42 43 44 47 52 68 
1 6 47 48 49 52 57 68 
1 6 43 44 45 48 53 68 
1 6 48 49 50 53 58 68 
1 6 6 11 16 36 56 68 
1 6 2 7 12 32 52 68 
1 6 7 12 17 37 57 68 
1 6 3 8 13 33 53 68 
1 6 8 13 18 38 58 68 
1 6 4 9 14 34 54 68 
1 6 9 14 19 39 59 68 
1 6 5 10 15 35 55 68 
1 6 10 15 20 40 60 68 
1 6 16 36 46 51 56 68 
1 6 12 32 42 47 52 68 
1 6 17 37 47 52 57 68 
1 6 13 33 43 48 53 68 
1 6 18 38 48 53 58 68 
1 6 14 34 44 49 54 68 
1 6 19 39 49 54 59 68 
1 6 15 35 45 50 55 68 
1 6 20 40 50 55 60 68 
1 6 6 26 46 51 56 68 
1 6 2 22 42 47 52 68 
1 6 7 27 47 52 57 68 
1 6 3 23 43 48 53 68 
1 6 8 28 48 53 58 68 
1 6 4 24 44 49 54 68 
1 6 9 29 49 54 59 68 
1 6 5 25 45 50 55 68 
1 6 10 30 50 55 60 68 
1 6 6 11 16 26 46 68 
1 6 2 7 12 22 42 68 
1 6 7 12 17 27 47 68 
1 6 3 8 13 23 43 68 
1 6 8 13 18 28 48 68 
1 6 4 9 14 24 44 68 
1 6 9 14 19 29 49 68 
1 6 5 10 15 25 45 68 
1 6 10 15 20 30 50 68 
1 6 6 26 46 47 48 68 
1 6 11 31 51 52 53 68 
1 6 16 36 56 57 58 68 
1 6 2 22 42 43 44 68 
1 6 7 27 47 48 49 68 
1 6 12 32 52 53 54 68 
1 6 17 37 57 58 59 68 
1 6 3 23 43 44 45 68 
1 6 8 28 48 49 50 68 
1 6 13 33 53 54 55 68 
1 6 18 38 58 59 60 68 
1 6 8 28 46 47 48 68 
1 6 13 33 51 52 53 68 
1 6 18 38 56 57 58 68 
1 6 4 24 42 43 44 68 
1 6 9 29 47 48 49 68 
1 6 14 34 52 53 54 68 
1 6 19 39 57 58 59 68 
1 6 5 25 43 44 45 68 
1 6 10 30 48 49 50 68 
1 6 15 35 53 54 55 68 
1 6 20 40 58 59 60 68 
1 6 6 7 8 28 48 68 
1 6 11 12 13 33 53 68 
1 6 16 17 18 38 58 68 
1 6 2 3 4 24 44 68 
1 6 7 8 9 29 49 68 
1 6 12 13 14 34 54 68 
1 6 17 18 19 39 59 68 
1 6 3 4 5 25 45 68 
1 6 8 9 10 30 50 68 
1 6 13 14 15 35 55 68 
1 6 18 19 20 40 60 68 
1 6 6 7 8 26 46 68 
1 6 11 12 13 31 51 68 
1 6 16 17 18 36 56 68 
1 6 2 3 4 22 42 68 
1 6 7 8 9 27 47 68 
1 6 12 13 14 32 52 68 
1 6 17 18 19 37 57 68 
1 6 3 4 5 23 43 68 
1 6 8 9 10 28 48 68 
1 6 13 14 15 33 53 68 
1 6 18 19 20 38 58 68 
1 6 1 6 7 12 13 69 
1 6 3 7 8 11 12 69 
1 6 1 2 7 8 13 69 
1 6 2 3 6 7 11 69 
1 6 1 6 26 31 51 69 
1 6 11 26 31 41 46 69 
1 6 1 21 26 46 51 69 
1 6 6 11 21 26 41 69 
1 6 1 21 22 42 43 69 
1 6 3 22 23 41 42 69 
1 6 1 2 22 23 43 69 
1 6 2 3 21 22 41 69 
1 6 6 11 12 17 18 69 
1 6 2 7 8 13 14 69 
1 6 7 12 13 18 19 69 
1 6 3 8 9 14 15 69 
1 6 8 13 14 19 20 69 
1 6 21 26 27 32 33 69 
1 6 26 31 32 37 38 69 
1 6 22 27 28 33 34 69 
1 6 27 32 33 38 39 69 
1 6 23 28 29 34 35 69 
1 6 28 33 34 39 40 69 
1 6 41 46 47 52 53 69 
1 6 46 51 52 57 58 69 
1 6 42 47 48 53 54 69 
1 6 47 52 53 58 59 69 
1 6 43 48 49 54 55 69 
1 6 48 53 54 59 60 69 
1 6 8 12 13 16 17 69 
1 6 4 8 9 12 13 69 
1 6 9 13 14 17 18 69 
1 6 5 9 10 13 14 69 
1 6 10 14 15 18 19 69 
1 6 23 27 28 31 32 69 
1 6 28 32 33 36 37 69 
1 6 24 28 29 32 33 69 
1 6 29 33 34 37 38 69 
1 6 25 29 30 33 34 69 
1 6 30 34 35 38 39 69 
1 6 43 47 48 51 52 69 
1 6 48 52 53 56 57 69 
1 6 44 48 49 52 53 69 
1 6 49 53 54 57 58 69 
1 6 45 49 50 53 54 69 
1 6 50 54 55 58 59 69 
1 6 6 7 12 13 18 69 
1 6 2 3 8 9 14 69 
1 6 7 8 13 14 19 69 
1 6 3 4 9 10 15 69 
1 6 8 9 14 15 20 69 
1 6 21 22 27 28 33 69 
1 6 26 27 32 33 38 69 
1 6 22 23 28 29 34 69 
1 6 27 28 33 34 39 69 
1 6 23 24 29 30 35 69 
1 6 28 29 34 35 40 69 
1 6 41 42 47 48 53 69 
1 6 46 47 52 53 58 69 
1 6 42 43 48 49 54 69 
1 6 47 48 53 54 59 69 
1 6 43 44 49 50 55 69 
1 6 48 49 54 55 60 69 
1 6 7 8 11 12 16 69 
1 6 3 4 7 8 12 69 
1 6 8 9 12 13 17 69 
1 6 4 5 8 9 13 69 
1 6 9 10 13 14 18 69 
1 6 22 23 26 27 31 69 
1 6 27 28 31 32 36 69 
1 6 23 24 27 28 32 69 
1 6 28 29 32 33 37 69 
1 6 24 25 28 29 33 69 
1 6 29 30 33 34 38 69 
1 6 42 43 46 47 51 69 
1 6 47 48 51 52 56 69 
1 6 43 44 47 48 52 69 
1 6 48 49 52 53 57 69 
1 6 44 45 48 49 53 69 
1 6 49 50 53 54 58 69 
1 6 6 11 31 36 56 69 
1 6 2 7 27 32 52 69 
1 6 7 12 32 37 57 69 
1 6 3 8 28 33 53 69 
1 6 8 13 33 38 58 69 
1 6 4 9 29 34 54 69 
1 6 9 14 34 39 59 69 
1 6 5 10 30 35 55 69 
1 6 10 15 35 40 60 69 
1 6 16 31 36 46 51 69 
1 6 12 27 32 42 47 69 
1 6 17 32 37 47 52 69 
1 6 13 28 33 43 48 69 
1 6 18 33 38 48 53 69 
1 6 14 29 34 44 49 69 
1 6 19 34 39 49 54 69 
1 6 15 30 35 45 50 69 
1 6 20 35 40 50 55 69 
1 6 6 26 31 51 56 69 
1 6 2 22 27 47 52 69 
1 6 7 27 32 52 57 69 
1 6 3 23 28 48 53 69 
1 6 8 28 33 53 58 69 
1 6 4 24 29 49 54 69 
1 6 9 29 34 54 59 69 
1 6 5 25 30 50 55 69 
1 6 10 30 35 55 60 69 
1 6 11 16 26 31 46 69 
1 6 7 12 22 27 42 69 
1 6 12 17 27 32 47 69 
1 6 8 13 23 28 43 69 
1 6 13 18 28 33 48 69 
1 6 9 14 24 29 44 69 
1 6 14 19 29 34 49 69 
1 6 10 15 25 30 45 69 
1 6 15 20 30 35 50 69 
1 6 6 26 27 47 48 69 
1 6 11 31 32 52 53 69 
1 6 16 36 37 57 58 69 
1 6 2 22 23 43 44 69 
1 6 7 27 28 48 49 69 
1 6 12 32 33 53 54 69 
1 6 17 37 38 58 59 69 
1 6 3 23 24 44 45 69 
1 6 8 28 29 49 50 69 
1 6 13 33 34 54 55 69 
1 6 18 38 39 59 60 69 
1 6 8 27 28 46 47 69 
1 6 13 32 33 51 52 69 
1 6 18 37 38 56 57 69 
1 6 4 23 24 42 43 69 
1 6 9 28 29 47 48 69 
1 6 14 33 34 52 53 69 
1 6 19 38 39 57 58 69 
1 6 5 24 25 43 44 69 
1 6 10 29 30 48 49 69 
1 6 15 34 35 53 54 69 
1 6 20 39 40 58 59 69 
1 6 6 7 27 28 48 69 
1 6 11 12 32 33 53 69 
1 6 16 17 37 38 58 69 
1 6 2 3 23 24 44 69 
1 6 7 8 28 29 49 69 
1 6 12 13 33 34 54 69 
1 6 17 18 38 39 59 69 
1 6 3 4 24 25 45 69 
1 6 8 9 29 30 50 69 
1 6 13 14 34 35 55 69 
1 6 18 19 39 40 60 69 
1 6 7 8 26 27 46 69 
1 6 12 13 31 32 51 69 
1 6 17 18 36 37 56 69 
1 6 3 4 22 23 42 69 
1 6 8 9 27 28 47 69 
1 6 13 14 32 33 52 69 
1 6 18 19 37 38 57 69 
1 6 4 5 23 24 43 69 
1 6 9 10 28 29 48 69 
1 6 14 15 33 34 53 69 
1 6 19 20 38 39 58 69 
1 6 2 6 7 8 12 70 
1 6 6 21 26 31 46 70 
1 6 2 21 22 23 42 70 
1 6 7 11 12 13 17 70 
1 6 3 7 8 9 13 70 
1 6 8 12 13 14 18 70 
1 6 4 8 9 10 14 70 
1 6 9 13 14 15 19 70 
1 6 22 26 27 28 32 70 
1 6 27 31 32 33 37 70 
1 6 23 27 28 29 33 70 
1 6 28 32 33 34 38 70 
1 6 24 28 29 30 34 70 
1 6 29 33 34 35 39 70 
1 6 42 46 47 48 52 70 
1 6 47 51 52 53 57 70 
1 6 43 47 48 49 53 70 
1 6 48 52 53 54 58 70 
1 6 44 48 49 50 54 70 
1 6 49 53 54 55 59 70 
1 6 11 26 31 36 51 70 
1 6 7 22 27 32 47 70 
1 6 12 27 32 37 52 70 
1 6 8 23 28 33 48 70 
1 6 13 28 33 38 53 70 
1 6 9 24 29 34 49 70 
1 6 14 29 34 39 54 70 
1 6 10 25 30 35 50 70 
1 6 15 30 35 40 55 70 
1 6 7 26 27 28 47 70 
1 6 12 31 32 33 52 70 
1 6 17 36 37 38 57 70 
1 6 3 22 23 24 43 70 
1 6 8 27 28 29 48 70 
1 6 13 32 33 34 53 70 
1 6 18 37 38 39 58 70 
1 6 4 23 24 25 44 70 
1 6 9 28 29 30 49 70 
1 6 14 33 34 35 54 70 
1 6 19 38 39 40 59 70 
1 6 2 6 7 12 17 71 
1 6 1 2 3 4 7 71 
1 6 1 6 11 12 16 71 
1 6 3 6 7 8 9 71 
1 6 1 6 7 11 16 71 
1 6 2 6 7 8 9 71 
1 6 2 7 11 12 17 71 
1 6 1 2 3 4 8 71 
1 6 6 21 26 31 36 71 
1 6 1 6 11 16 31 71 
1 6 1 6 11 16 26 71 
1 6 11 21 26 31 36 71 
1 6 1 2 3 4 22 71 
1 6 3 21 22 23 24 71 
1 6 2 21 22 23 24 71 
1 6 1 2 3 4 23 71 
1 6 3 7 8 13 18 71 
1 6 4 8 9 14 19 71 
1 6 5 9 10 15 20 71 
1 6 22 26 27 32 37 71 
1 6 23 27 28 33 38 71 
1 6 24 28 29 34 39 71 
1 6 25 29 30 35 40 71 
1 6 42 46 47 52 57 71 
1 6 43 47 48 53 58 71 
1 6 44 48 49 54 59 71 
1 6 45 49 50 55 60 71 
1 6 6 7 8 9 12 71 
1 6 11 12 13 14 17 71 
1 6 2 3 4 5 8 71 
1 6 7 8 9 10 13 71 
1 6 12 13 14 15 18 71 
1 6 21 22 23 24 27 71 
1 6 26 27 28 29 32 71 
1 6 31 32 33 34 37 71 
1 6 22 23 24 25 28 71 
1 6 27 28 29 30 33 71 
1 6 32 33 34 35 38 71 
1 6 41 42 43 44 47 71 
1 6 46 47 48 49 52 71 
1 6 51 52 53 54 57 71 
1 6 42 43 44 45 48 71 
1 6 47 48 49 50 53 71 
1 6 52 53 54 55 58 71 
1 6 2 7 12 13 17 71 
1 6 3 8 13 14 18 71 
1 6 4 9 14 15 19 71 
1 6 21 26 31 32 36 71 
1 6 22 27 32 33 37 71 
1 6 23 28 33 34 38 71 
1 6 24 29 34 35 39 71 
1 6 41 46 51 52 56 71 
1 6 42 47 52 53 57 71 
1 6 43 48 53 54 58 71 
1 6 44 49 54 55 59 71 
1 6 8 11 12 13 14 71 
1 6 13 16 17 18 19 71 
1 6 4 7 8 9 10 71 
1 6 9 12 13 14 15 71 
1 6 14 17 18 19 20 71 
1 6 23 26 27 28 29 71 
1 6 28 31 32 33 34 71 
1 6 33 36 37 38 39 71 
1 6 24 27 28 29 30 71 
1 6 29 32 33 34 35 71 
1 6 34 37 38 39 40 71 
1 6 43 46 47 48 49 71 
1 6 48 51 52 53 54 71 
1 6 53 56 57 58 59 71 
1 6 44 47 48 49 50 71 
1 6 49 52 53 54 55 71 
1 6 54 57 58 59 60 71 
1 6 2 7 8 12 17 71 
1 6 3 8 9 13 18 71 
1 6 4 9 10 14 19 71 
1 6 21 26 27 31 36 71 
1 6 22 27 28 32 37 71 
1 6 23 28 29 33 38 71 
1 6 24 29 30 34 39 71 
1 6 41 46 47 51 56 71 
1 6 42 47 48 52 57 71 
1 6 43 48 49 53 58 71 
1 6 44 49 50 54 59 71 
1 6 7 11 12 13 14 71 
1 6 12 16 17 18 19 71 
1 6 3 7 8 9 10 71 
1 6 8 12 13 14 15 71 
1 6 13 17 18 19 20 71 
1 6 22 26 27 28 29 71 
1 6 27 31 32 33 34 71 
1 6 32 36 37 38 39 71 
1 6 23 27 28 29 30 71 
1 6 28 32 33 34 35 71 
1 6 33 37 38 39 40 71 
1 6 42 46 47 48 49 71 
1 6 47 51 52 53 54 71 
1 6 52 56 57 58 59 71 
1 6 43 47 48 49 50 71 
1 6 48 52 53 54 55 71 
1 6 53 57 58 59 60 71 
1 6 3 8 12 13 18 71 
1 6 4 9 13 14 19 71 
1 6 5 10 14 15 20 71 
1 6 22 27 31 32 37 71 
1 6 23 28 32 33 38 71 
1 6 24 29 33 34 39 71 
1 6 25 30 34 35 40 71 
1 6 42 47 51 52 57 71 
1 6 43 48 52 53 58 71 
1 6 44 49 53 54 59 71 
1 6 45 50 54 55 60 71 
1 6 6 7 8 9 13 71 
1 6 11 12 13 14 18 71 
1 6 2 3 4 5 9 71 
1 6 7 8 9 10 14 71 
1 6 12 13 14 15 19 71 
1 6 21 22 23 24 28 71 
1 6 26 27 28 29 33 71 
1 6 31 32 33 34 38 71 
1 6 22 23 24 25 29 71 
1 6 27 28 29 30 34 71 
1 6 32 33 34 35 39 71 
1 6 41 42 43 44 48 71 
1 6 46 47 48 49 53 71 
1 6 51 52 53 54 58 71 
1 6 42 43 44 45 49 71 
1 6 47 48 49 50 54 71 
1 6 52 53 54 55 59 71 
1 6 7 22 27 32 37 71 
1 6 8 23 28 33 38 71 
1 6 9 24 29 34 39 71 
1 6 10 25 30 35 40 71 
1 6 26 41 46 51 56 71 
1 6 27 42 47 52 57 71 
1 6 28 43 48 53 58 71 
1 6 29 44 49 54 59 71 
1 6 30 45 50 55 60 71 
1 6 2 7 12 17 32 71 
1 6 3 8 13 18 33 71 
1 6 4 9 14 19 34 71 
1 6 5 10 15 20 35 71 
1 6 21 26 31 36 51 71 
1 6 22 27 32 37 52 71 
1 6 23 28 33 38 53 71 
1 6 24 29 34 39 54 71 
1 6 25 30 35 40 55 71 
1 6 2 7 12 17 27 71 
1 6 3 8 13 18 28 71 
1 6 4 9 14 19 29 71 
1 6 5 10 15 20 30 71 
1 6 21 26 31 36 46 71 
1 6 22 27 32 37 47 71 
1 6 23 28 33 38 48 71 
1 6 24 29 34 39 49 71 
1 6 25 30 35 40 50 71 
1 6 12 22 27 32 37 71 
1 6 13 23 28 33 38 71 
1 6 14 24 29 34 39 71 
1 6 15 25 30 35 40 71 
1 6 31 41 46 51 56 71 
1 6 32 42 47 52 57 71 
1 6 33 43 48 53 58 71 
1 6 34 44 49 54 59 71 
1 6 35 45 50 55 60 71 
1 6 6 7 8 9 27 71 
1 6 11 12 13 14 32 71 
1 6 16 17 18 19 37 71 
1 6 2 3 4 5 23 71 
1 6 7 8 9 10 28 71 
1 6 12 13 14 15 33 71 
1 6 17 18 19 20 38 71 
1 6 21 22 23 24 42 71 
1 6 26 27 28 29 47 71 
1 6 31 32 33 34 52 71 
1 6 36 37 38 39 57 71 
1 6 22 23 24 25 43 71 
1 6 27 28 29 30 48 71 
1 6 32 33 34 35 53 71 
1 6 37 38 39 40 58 71 
1 6 8 26 27 28 29 71 
1 6 13 31 32 33 34 71 
1 6 18 36 37 38 39 71 
1 6 4 22 23 24 25 71 
1 6 9 27 28 29 30 71 
1 6 14 32 33 34 35 71 
1 6 19 37 38 39 40 71 
1 6 23 41 42 43 44 71 
1 6 28 46 47 48 49 71 
1 6 33 51 52 53 54 71 
1 6 38 56 57 58 59 71 
1 6 24 42 43 44 45 71 
1 6 29 47 48 49 50 71 
1 6 34 52 53 54 55 71 
1 6 39 57 58 59 60 71 
1 6 7 26 27 28 29 71 
1 6 12 31 32 33 34 71 
1 6 17 36 37 38 39 71 
1 6 3 22 23 24 25 71 
1 6 8 27 28 29 30 71 
1 6 13 32 33 34 35 71 
1 6 18 37 38 39 40 71 
1 6 22 41 42 43 44 71 
1 6 27 46 47 48 49 71 
1 6 32 51 52 53 54 71 
1 6 37 56 57 58 59 71 
1 6 23 42 43 44 45 71 
1 6 28 47 48 49 50 71 
1 6 33 52 53 54 55 71 
1 6 38 57 58 59 60 71 
1 6 6 7 8 9 28 71 
1 6 11 12 13 14 33 71 
1 6 16 17 18 19 38 71 
1 6 2 3 4 5 24 71 
1 6 7 8 9 10 29 71 
1 6 12 13 14 15 34 71 
1 6 17 18 19 20 39 71 
1 6 21 22 23 24 43 71 
1 6 26 27 28 29 48 71 
1 6 31 32 33 34 53 71 
1 6 36 37 38 39 58 71 
1 6 22 23 24 25 44 71 
1 6 27 28 29 30 49 71 
1 6 32 33 34 35 54 71 
1 6 37 38 39 40 59 71 
1 6 1 2 7 12 13 72 
1 6 3 6 7 8 11 72 
1 6 2 3 7 11 12 72 
1 6 1 6 7 8 13 72 
1 6 1 21 26 31 51 72 
1 6 6 11 26 41 46 72 
1 6 11 21 26 31 41 72 
1 6 1 6 26 46 51 72 
1 6 1 2 22 42 43 72 
1 6 3 21 22 23 41 72 
1 6 2 3 22 41 42 72 
1 6 1 21 22 23 43 72 
1 6 6 7 12 17 18 72 
1 6 2 3 8 13 14 72 
1 6 7 8 13 18 19 72 
1 6 3 4 9 14 15 72 
1 6 8 9 14 19 20 72 
1 6 21 22 27 32 33 72 
1 6 26 27 32 37 38 72 
1 6 22 23 28 33 34 72 
1 6 27 28 33 38 39 72 
1 6 23 24 29 34 35 72 
1 6 28 29 34 39 40 72 
1 6 41 42 47 52 53 72 
1 6 46 47 52 57 58 72 
1 6 42 43 48 53 54 72 
1 6 47 48 53 58 59 72 
1 6 43 44 49 54 55 72 
1 6 48 49 54 59 60 72 
1 6 8 11 12 13 16 72 
1 6 4 7 8 9 12 72 
1 6 9 12 13 14 17 72 
1 6 5 8 9 10 13 72 
1 6 10 13 14 15 18 72 
1 6 23 26 27 28 31 72 
1 6 28 31 32 33 36 72 
1 6 24 27 28 29 32 72 
1 6 29 32 33 34 37 72 
1 6 25 28 29 30 33 72 
1 6 30 33 34 35 38 72 
1 6 43 46 47 48 51 72 
1 6 48 51 52 53 56 72 
1 6 44 47 48 49 52 72 
1 6 49 52 53 54 57 72 
1 6 45 48 49 50 53 72 
1 6 50 53 54 55 58 72 
1 6 7 8 12 16 17 72 
1 6 3 4 8 12 13 72 
1 6 8 9 13 17 18 72 
1 6 4 5 9 13 14 72 
1 6 9 10 14 18 19 72 
1 6 22 23 27 31 32 72 
1 6 27 28 32 36 37 72 
1 6 23 24 28 32 33 72 
1 6 28 29 33 37 38 72 
1 6 24 25 29 33 34 72 
1 6 29 30 34 38 39 72 
1 6 42 43 47 51 52 72 
1 6 47 48 52 56 57 72 
1 6 43 44 48 52 53 72 
1 6 48 49 53 57 58 72 
1 6 44 45 49 53 54 72 
1 6 49 50 54 58 59 72 
1 6 6 11 12 13 18 72 
1 6 2 7 8 9 14 72 
1 6 7 12 13 14 19 72 
1 6 3 8 9 10 15 72 
1 6 8 13 14 15 20 72 
1 6 21 26 27 28 33 72 
1 6 26 31 32 33 38 72 
1 6 22 27 28 29 34 72 
1 6 27 32 33 34 39 72 
1 6 23 28 29 30 35 72 
1 6 28 33 34 35 40 72 
1 6 41 46 47 48 53 72 
1 6 46 51 52 53 58 72 
1 6 42 47 48 49 54 72 
1 6 47 52 53 54 59 72 
1 6 43 48 49 50 55 72 
1 6 48 53 54 55 60 72 
1 6 6 26 31 36 56 72 
1 6 2 22 27 32 52 72 
1 6 7 27 32 37 57 72 
1 6 3 23 28 33 53 72 
1 6 8 28 33 38 58 72 
1 6 4 24 29 34 54 72 
1 6 9 29 34 39 59 72 
1 6 5 25 30 35 55 72 
1 6 10 30 35 40 60 72 
1 6 11 16 31 46 51 72 
1 6 7 12 27 42 47 72 
1 6 12 17 32 47 52 72 
1 6 8 13 28 43 48 72 
1 6 13 18 33 48 53 72 
1 6 9 14 29 44 49 72 
1 6 14 19 34 49 54 72 
1 6 10 15 30 45 50 72 
1 6 15 20 35 50 55 72 
1 6 16 26 31 36 46 72 
1 6 12 22 27 32 42 72 
1 6 17 27 32 37 47 72 
1 6 13 23 28 33 43 72 
1 6 18 28 33 38 48 72 
1 6 14 24 29 34 44 72 
1 6 19 29 34 39 49 72 
1 6 15 25 30 35 45 72 
1 6 20 30 35 40 50 72 
1 6 6 11 31 51 56 72 
1 6 2 7 27 47 52 72 
1 6 7 12 32 52 57 72 
1 6 3 8 28 48 53 72 
1 6 8 13 33 53 58 72 
1 6 4 9 29 49 54 72 
1 6 9 14 34 54 59 72 
1 6 5 10 30 50 55 72 
1 6 10 15 35 55 60 72 
1 6 6 7 27 47 48 72 
1 6 11 12 32 52 53 72 
1 6 16 17 37 57 58 72 
1 6 2 3 23 43 44 72 
1 6 7 8 28 48 49 72 
1 6 12 13 33 53 54 72 
1 6 17 18 38 58 59 72 
1 6 3 4 24 44 45 72 
1 6 8 9 29 49 50 72 
1 6 13 14 34 54 55 72 
1 6 18 19 39 59 60 72 
1 6 8 26 27 28 46 72 
1 6 13 31 32 33 51 72 
1 6 18 36 37 38 56 72 
1 6 4 22 23 24 42 72 
1 6 9 27 28 29 47 72 
1 6 14 32 33 34 52 72 
1 6 19 37 38 39 57 72 
1 6 5 23 24 25 43 72 
1 6 10 28 29 30 48 72 
1 6 15 33 34 35 53 72 
1 6 20 38 39 40 58 72 
1 6 7 8 27 46 47 72 
1 6 12 13 32 51 52 72 
1 6 17 18 37 56 57 72 
1 6 3 4 23 42 43 72 
1 6 8 9 28 47 48 72 
1 6 13 14 33 52 53 72 
1 6 18 19 38 57 58 72 
1 6 4 5 24 43 44 72 
1 6 9 10 29 48 49 72 
1 6 14 15 34 53 54 72 
1 6 19 20 39 58 59 72 
1 6 6 26 27 28 48 72 
1 6 11 31 32 33 53 72 
1 6 16 36 37 38 58 72 
1 6 2 22 23 24 44 72 
1 6 7 27 28 29 49 72 
1 6 12 32 33 34 54 72 
1 6 17 37 38 39 59 72 
1 6 3 23 24 25 45 72 
1 6 8 28 29 30 50 72 
1 6 13 33 34 35 55 72 
1 6 18 38 39 40 60 72 
