 29 5 
 28793 30285 29529 28120 32235 
 291217 311395 324342 293553 334248 
 11261 12493 12186 11591 13631 
 10648 9431 9816 10686 10221 
 19086 21877 21117 21499 20879 
 16161 16076 14874 16039 14532 
 15248 15165 14377 15611 14057 
 46554 45936 49322 45238 47849 
 31260 31183 32662 30106 28846 
 9560 10239 9159 10085 9761 
 86356 93922 92902 93268 103579 
 12529 13708 11577 12378 13256 
 15660 16498 14361 13506 16113 
 15801 14432 14619 16376 14555 
 50771 60345 52622 55791 58719 
 14460 14543 15286 14567 15596 
 10765 9662 10143 9183 10618 
 15625 14665 15738 14671 14574 
 42429 39911 40656 41221 43485 
 27262 27915 31439 30136 31526 
 147123 137109 150721 142030 154832 
 9390 9213 9035 9699 9142 
 32268 30714 28506 32621 28788 
 52973 54574 51069 50488 49364 
 85784 85448 82346 79981 74522 
 31514 29664 32996 31931 32925 
 10302 10917 10498 10842 10269 
 15756 13706 14362 14171 13722 
 106454 102546 108475 104669 90198 
