 22 5 
 13157 12409 12020 13518 13320 
 7768 8299 7622 8263 7858 
 6458 6414 5819 6036 6431 
 50398 49316 47743 47097 51667 
 29051 31656 28492 28006 31677 
 17235 18601 18535 17485 17810 
 31879 35124 35394 37388 31891 
 13688 14495 14160 14248 14223 
 111816 116784 113349 119062 112752 
 399117 434519 385897 424011 426715 
 24642 22165 22186 24141 24075 
 30543 27331 30448 30124 29044 
 23779 24622 24755 24126 24665 
 49569 53456 51986 45810 52663 
 14118 14212 14659 15470 15261 
 9286 9800 9871 9469 9078 
 25701 22990 26455 23106 24327 
 11886 11183 13166 12434 12293 
 64215 58099 58213 61499 60840 
 50728 51984 52550 52500 53556 
 18859 19101 17494 16042 17990 
 8236 6875 8199 8143 6794 
