 75 5 
 1815 1745 1698 1914 1902 
 2805 2342 2565 2549 2642 
 1062 1188 1184 1088 1045 
 2755 2889 3207 2757 2734 
 2292 2257 1899 1977 2020 
 2022 1962 1923 1949 1984 
 1442 1351 1528 1645 1385 
 1518 1713 1665 1760 1631 
 3151 2645 3071 2993 2978 
 2485 2765 2717 2515 2506 
 3671 3988 3684 3883 3655 
 1534 1542 1504 1621 1477 
 1094 1205 1097 1166 1178 
 3368 3409 2995 2942 2974 
 836 742 758 814 802 
 1992 1863 1947 1999 1789 
 2046 2144 2188 2086 1858 
 1186 1200 1349 1265 1272 
 1629 1622 1475 1583 1502 
 2205 2295 2066 1994 2066 
 2889 2950 2841 2703 3042 
 1277 1230 1266 1167 1170 
 625 618 628 601 618 
 2577 2912 2871 2685 2950 
 1469 1381 1512 1383 1455 
 1854 1706 1761 1905 1751 
 1766 1556 1711 1869 1699 
 2859 2739 3087 2638 2809 
 1209 1220 1374 1362 1396 
 2283 2071 2204 2044 2083 
 2647 2624 2437 2654 2684 
 2705 2736 3052 2734 2570 
 2790 2778 2588 2453 2618 
 1852 1947 1819 1870 1890 
 1017 1037 920 902 1090 
 1132 1310 1284 1307 1103 
 1385 1528 1435 1537 1526 
 2262 2470 2408 2545 2585 
 1556 1679 1662 1626 1708 
 3500 2992 3620 3579 3461 
 1434 1367 1566 1622 1393 
 1105 1176 1145 1025 1161 
 1971 1630 1676 1868 1687 
 1537 1867 1698 1681 1544 
 1899 2212 2006 2216 2097 
 2699 2476 2737 2711 2549 
 2045 2048 1801 1726 1795 
 2146 1931 2037 1859 2136 
 532 514 522 476 486 
 2120 2336 2195 2334 2324 
 1223 1186 1204 1238 1264 
 1874 1836 1945 2069 1720 
 2180 2367 2061 2037 2231 
 1470 1607 1613 1758 1653 
 695 733 728 731 716 
 2600 2797 2580 2530 2377 
 1341 1498 1275 1451 1361 
 2305 2061 2175 2246 2274 
 2187 2331 2170 2486 2364 
 1196 1274 1239 1381 1184 
 1528 1373 1567 1588 1572 
 1920 1674 1967 1770 1790 
 1155 1003 1142 1136 1133 
 2909 2602 2580 2860 2747 
 842 924 939 873 978 
 3523 3936 3611 3799 3625 
 3283 2827 2778 2914 2742 
 1062 919 1001 923 967 
 861 868 775 840 749 
 1019 1014 1098 1095 1169 
 271 329 301 303 270 
 102 101 103 109 91 
 632 630 563 621 572 
 992 962 989 1023 1059 
 1862 2087 2120 1995 2004 
