 21 5 
 104985 102824 115224 109628 108529 
 75758 64195 76270 64914 64203 
 86794 80994 86536 82911 75167 
 130177 145343 134307 143847 149743 
 196886 189629 208707 190796 200846 
 42863 37892 36291 39126 42829 
 86146 76542 86805 82531 72064 
 10632 9183 9604 9771 10929 
 50904 48545 54302 45542 49942 
 57748 65666 62104 60867 60339 
 123538 126604 110144 109762 130341 
 124920 140424 134600 123817 134527 
 126468 136452 128106 140300 138170 
 29515 32222 27235 29306 32341 
 88127 88935 94681 97868 98161 
 227981 218479 208724 221637 226864 
 94169 93964 102782 96345 90862 
 96980 91976 82280 94444 97103 
 273233 258884 255631 259560 242433 
 163470 179947 173024 191623 163591 
 71393 75715 76816 64468 74817 
