 32 5 
 65282 69084 75094 72375 75253 
 42199 43641 38402 39814 41059 
 38871 43929 41671 42920 41935 
 108761 128477 125663 130008 112390 
 4343 4397 3956 3614 3918 
 7420 7554 8730 7837 7265 
 216017 218827 201781 205342 185614 
 83876 82288 97979 84275 82191 
 60172 56334 54515 56962 55065 
 74852 76878 77529 80908 71532 
 148861 146416 140192 163796 137375 
 16340 16493 14110 15177 15201 
 24446 24020 25715 27008 24157 
 152688 160740 158171 150591 156171 
 44831 40550 45574 45504 41092 
 69342 63859 69300 63546 65795 
 58723 56012 55877 51159 52326 
 68132 59462 64010 59697 60858 
 19287 18829 18047 19322 19576 
 37273 37764 37568 37082 39683 
 32314 32619 27240 30770 30050 
 128651 136897 141583 130865 127693 
 75235 68041 72511 74995 73165 
 72591 80776 79731 69409 78650 
 132700 130330 153236 143074 135679 
 432343 395667 360057 397905 382194 
 57361 64834 59882 62347 57643 
 103713 100654 96869 95506 106301 
 54831 49876 48905 48573 49716 
 264028 248687 234098 229005 239300 
 175803 170542 184912 175877 168617 
 107394 100616 100084 105240 102929 
