 50 5 
 638 718 751 645 686 
 3197 2876 3135 2737 2734 
 1615 1721 1697 1671 1452 
 966 868 980 824 982 
 2118 1899 1900 2017 2098 
 1519 1484 1394 1402 1454 
 1898 1851 1798 2082 1768 
 2203 2512 2192 2346 2205 
 993 1034 1174 1172 1075 
 460 522 533 505 516 
 2072 1886 1913 1818 2053 
 2623 3153 2968 2773 3028 
 2404 2240 2463 2373 2196 
 2234 2010 2017 2129 2084 
 1051 903 916 943 954 
 1358 1508 1400 1649 1432 
 281 330 290 316 299 
 4171 4121 4279 3963 3998 
 952 910 916 822 952 
 2639 2775 2963 2743 2749 
 823 792 860 744 783 
 750 779 851 734 820 
 1574 1440 1722 1732 1573 
 918 942 1070 942 940 
 2604 2791 2770 3024 2833 
 668 636 733 755 675 
 1558 1419 1454 1459 1548 
 1279 1491 1486 1267 1535 
 584 621 647 608 634 
 1924 1788 1717 1894 1913 
 1010 1106 1063 1027 1102 
 1150 1185 1210 1123 1114 
 2167 2318 2503 2477 2515 
 2760 2860 2643 2369 2465 
 1749 1688 1708 1816 1556 
 557 608 548 622 618 
 987 951 948 844 873 
 1570 1504 1366 1590 1488 
 1476 1273 1313 1351 1456 
 724 752 665 646 708 
 2491 2828 2692 2511 2521 
 1233 1410 1210 1200 1291 
 1136 1065 1174 1098 1077 
 1664 1648 1669 1448 1722 
 1080 982 1025 916 934 
 517 485 485 465 482 
 2362 2688 2359 2701 2416 
 1776 1571 1648 1548 1788 
 1707 1921 1775 1626 1927 
 974 984 986 992 1064 
