 100 5 
 1015 986 935 932 1100 
 644 736 695 767 763 
 1398 1302 1427 1425 1219 
 2045 2037 1916 1828 1896 
 2453 2358 2431 2441 2410 
 272 279 274 286 272 
 481 500 508 525 470 
 989 857 900 834 833 
 1502 1726 1542 1453 1506 
 1653 1519 1736 1717 1557 
 1212 1165 1121 1209 1176 
 1826 1821 1758 1973 1957 
 2091 2430 2183 2131 2125 
 1821 1932 1914 1994 1896 
 740 789 867 751 748 
 1877 1733 1993 1912 1748 
 202 206 194 192 220 
 1084 1199 1244 1277 1131 
 1712 1716 1560 1692 1582 
 824 965 978 904 891 
 1193 1093 991 1152 1206 
 1723 1966 1766 1824 1747 
 2729 2816 3182 2992 2694 
 283 271 283 282 315 
 638 656 639 635 610 
 1768 1756 1708 1749 1844 
 1726 1492 1445 1558 1562 
 1681 1757 1644 1632 1759 
 901 977 988 897 894 
 1995 2155 2061 2262 2223 
 2507 2558 2474 2757 2859 
 2122 2382 2206 2363 2145 
 1113 1112 1145 1114 1209 
 1283 1319 1353 1396 1398 
 859 740 855 764 839 
 466 475 472 549 481 
 863 779 786 785 837 
 1701 1459 1698 1667 1590 
 2794 3034 3311 3146 2892 
 813 819 916 875 903 
 508 487 451 468 480 
 464 460 530 466 541 
 733 747 698 733 711 
 1791 1705 1719 1679 1820 
 1638 1531 1654 1542 1666 
 98 110 100 95 100 
 2794 2950 2911 2556 2825 
 3755 3297 3385 3314 3371 
 2791 3281 2993 2845 2774 
 1385 1248 1297 1403 1420 
 975 994 991 1031 971 
 917 824 932 925 884 
 1267 1499 1413 1444 1532 
 1738 1726 1676 1855 1793 
 213 180 207 195 193 
 614 643 629 588 592 
 714 642 738 641 637 
 1885 1825 1652 1693 1721 
 2824 2687 2654 2984 2539 
 330 272 319 274 313 
 1382 1244 1183 1238 1178 
 1933 1734 2044 1912 1971 
 995 1049 918 1069 1018 
 902 961 964 895 879 
 1842 1876 2124 2086 1825 
 2465 2479 2332 2323 2251 
 2359 2373 2637 2522 2741 
 3407 3604 3953 3373 3570 
 617 649 541 548 605 
 522 532 515 528 528 
 1607 1380 1357 1600 1620 
 2250 2426 2307 2517 2686 
 944 879 934 859 888 
 820 862 825 799 791 
 1847 1785 1912 1797 1626 
 1290 1311 1334 1189 1284 
 1391 1417 1277 1270 1447 
 300 270 300 313 292 
 2082 2242 2339 2197 2285 
 546 636 610 640 593 
 2582 2405 2483 2572 2839 
 1523 1505 1685 1605 1659 
 1158 1046 1071 1150 1207 
 654 683 632 653 684 
 3860 3925 4427 4399 3762 
 3317 3232 3644 3513 3770 
 2565 2531 2766 2598 2457 
 956 816 891 922 895 
 1488 1560 1487 1449 1399 
 270 271 298 283 306 
 94 90 104 110 110 
 187 181 186 202 199 
 2245 2229 2223 2203 2267 
 2723 2886 2808 2679 2694 
 2144 2120 1851 1950 2028 
 1049 1052 1083 1016 1092 
 1290 1286 1177 1319 1273 
 927 946 1061 1041 915 
 823 815 849 965 826 
 1721 1663 1587 1723 1709 
