 30 5 
 2337 2247 2591 2630 2471 
 3598 3481 3710 3103 3229 
 1080 1132 1157 1011 1072 
 1442 1619 1583 1569 1445 
 1026 1071 990 1087 1114 
 90 93 105 92 107 
 293 294 290 291 311 
 3056 2635 2942 3021 2795 
 650 556 597 546 577 
 2608 2402 2604 2506 2603 
 584 617 603 601 628 
 2343 2557 2419 2702 2328 
 217 185 213 194 211 
 2987 2599 2825 2554 2603 
 769 784 741 757 787 
 964 1021 979 1061 906 
 1946 1888 1975 1750 1726 
 4907 4525 4521 4489 4750 
 3254 3182 3105 3380 3548 
 1833 1815 1764 1630 1829 
 889 964 850 810 977 
 1513 1748 1689 1651 1601 
 3326 3282 3258 3331 3250 
 487 474 468 529 525 
 5511 5876 6389 5516 6003 
 7511 7814 7407 7237 8012 
 3781 3970 3966 4261 3946 
 8845 10333 10342 9926 10065 
 8596 8338 8746 9486 8808 
 11860 13105 12033 12522 13518 
