 1 -20.656 -6.313 54 
 2 17.781 0.075 10 
 3 -9.156 -9.250 5 
 4 -10.469 -6.875 15 
 5 -20.656 -6.031 26 
 6 -8.156 -4.156 20 
 7 -19.031 -6.063 9 
 8 -14.219 -12.313 8 
 9 -16 -17.218 24 
 10 2.781 -15.688 12 
 11 2.563 -11.063 31 
 12 9.125 -13.781 10 
 13 9.125 -24.218 9 
 14 3.531 -5.188 11 
 15 -4.438 -4.594 18 
 16 -1.5 1.344 41 
 17 7.094 2.531 6 
 18 -7.906 -11.563 35 
 19 -6.688 -4.719 18 
 20 3.250 -11.375 22 
 21 5.031 -12.093 25 
 22 11.844 -17.406 12 
 23 2.813 -9.344 17 
 24 2.375 -5.531 23 
 25 -3.281 -4.250 11 
 26 -7.125 -3.188 26 
 27 -5.750 7.375 11 
 28 -19.5 -7.125 23 
 29 -8.875 -8.594 21 
 30 -13.563 -13.625 11 
 31 -5.813 -13.813 15 
 32 3.781 -12.406 28 
 33 -5.688 -4.156 26 
 34 0.688 1.250 17 
 35 -4.469 -0.719 22 
 36 -11.906 -4.5 10 
 37 -3.250 -1.906 33 
 38 -2.281 2.156 7 
 39 -1.688 -4.594 21 
 40 7.563 -12.219 19 
 41 2.406 -5.313 12 
 42 3.281 -5.5 31 
 43 9.875 -3.063 10 
 44 15.250 -3.063 5 
 45 8.656 -0.906 16 
 46 5.906 -3.063 23 
 47 -7.344 -4.5 11 
 48 -6.844 1.625 11 
 49 -3.594 9.594 5 
 50 -5.750 5.594 9 
 51 -2.063 4.438 13 
 52 -23.156 -5.781 16 
 53 -26.125 -5.063 19 
 54 -14.405 -6.625 8 
 55 -12.719 -7.125 5 
 56 -11.281 -8.813 5 
 57 -5.813 -13.813 6 
 58 -6 -15.750 11 
 59 -4.219 -13.625 9 
 60 -11.125 -13.813 10 
 61 2.313 -11.250 10 
 62 2.813 -10.188 11 
 63 3.750 -10.813 18 
 64 4.156 -12.313 11 
 65 5.281 -13.188 11 
 66 5.063 -12.313 23 
 67 -0.531 -7.219 5 
 68 -0.750 -4.906 4 
 69 -5.688 -3.969 18 
 70 1.563 4.844 4 
 71 2.844 0.750 8 
 72 7.875 -4.938 12 
 73 -5.344 -2.594 16 
 74 -5.750 -1.563 10 
 75 -11.625 -4.5 10 
 76 -18.688 -7 8 
 77 -10.094 -7.094 18 
 78 -24.063 -19.468 2 
 79 -15.656 -17.5 26 
 80 4.313 -11.906 33 
 81 6.344 -11.5 20 
 82 20.156 -19.250 3 
 83 11.438 -9.344 9 
 84 1.469 -4.969 7 
 85 13.5 1.75 3 
 86 2.844 1.938 17 
 87 1.250 -3.063 18 
 88 -0.281 -3.063 9 
 89 -1.688 -4.281 9 
 90 -6.656 -5.281 14 
 91 -3.594 -2.688 26 
 92 -8.188 -3.594 25 
 93 -2.156 0.188 4 
 94 -2.375 -4.969 13 
 95 -2.813 -6 12 
 96 -4.875 -0.625 6 
 97 4.656 -4.969 8 
 98 4.750 -6 5 
 99 18.5 0.094 14 
 100 7.125 5.781 29 
 101 2.813 -2.250 10 
 102 2.813 0.250 12 
 103 1.750 -3.125 14 
 104 0.531 -3.281 7 
 105 -1.625 -0.906 16 
 106 2.781 -17.593 5 
 107 3.469 -11.375 13 
 108 7.219 -13.219 16 
 109 7.469 -14.5 15 
 110 -8.625 -12 10 
 111 -9.344 -0.813 5 
 112 -6.531 -3.969 9 
 113 -9.625 -9.813 7 
 114 -14.250 -13.250 19 
 115 -14.438 -16.156 8 
 116 -1.531 -10.625 6 
 117 3.188 -12 8 
 118 4.969 -9.031 6 
 119 2.813 -6.156 4 
 120 6.875 -0.625 3 
 121 -5.781 -6.281 5 
 122 -4.969 -4.469 10 
 123 -4.875 -3.250 3 
 124 -6.875 -3.375 16 
 125 2.281 -6.844 3 
 126 -19.093 -6.156 8 
 127 -20.656 -6.313 10 
