 2500 5000 
 1231 425 6 
 1231 1393 6 
 1857 1231 2 
 2326 425 1 
 2326 1732 3 
 1670 425 5 
 1651 1670 1 
 1597 1857 9 
 400 1231 7 
 2374 1597 5 
 425 227 2 
 1441 425 1 
 2080 2374 7 
 1651 1984 2 
 1441 279 2 
 1651 894 5 
 1857 1882 8 
 2476 2374 5 
 778 1597 3 
 894 2410 10 
 1984 147 10 
 147 991 10 
 1890 2476 7 
 1651 1047 1 
 2292 894 7 
 1734 1670 8 
 1890 2344 6 
 147 118 7 
 158 2344 7 
 400 1517 3 
 1729 894 6 
 778 1619 2 
 1586 118 10 
 1303 2374 3 
 778 1990 1 
 227 1386 6 
 1984 546 3 
 1734 74 6 
 911 1303 1 
 651 1734 7 
 1990 805 8 
 335 74 5 
 74 181 3 
 1890 1371 7 
 651 850 4 
 2487 147 1 
 356 2374 9 
 287 1732 9 
 2284 1047 10 
 970 118 10 
 1597 1457 6 
 1070 356 1 
 605 2080 8 
 1569 2284 1 
 335 572 5 
 1882 807 10 
 2292 384 6 
 1517 1427 9 
 425 215 9 
 1047 1621 5 
 2123 2292 4 
 356 414 3 
 206 400 8 
 1734 1282 8 
 1861 2487 8 
 185 991 2 
 1398 158 3 
 1732 1106 9 
 1597 1680 10 
 2210 215 9 
 2326 696 8 
 1559 991 1 
 118 1750 9 
 1517 2091 4 
 74 564 3 
 991 1842 5 
 2123 865 6 
 854 894 5 
 426 2487 8 
 1984 1504 1 
 2077 2210 4 
 854 997 6 
 167 335 4 
 430 2123 2 
 997 1345 9 
 1732 333 1 
 1857 1727 9 
 495 1586 7 
 1457 1175 7 
 605 567 9 
 627 651 10 
 1849 1842 4 
 2455 1175 9 
 1651 1532 2 
 1398 1971 3 
 2130 426 9 
 425 127 3 
 2053 2476 9 
 1670 839 9 
 7 1504 7 
 2210 598 9 
 1734 442 10 
 1857 1768 1 
 283 1971 3 
 277 894 3 
 1842 1783 9 
 1857 667 7 
 1364 1106 2 
 1768 445 1 
 1282 946 10 
 2164 1371 8 
 400 294 3 
 1857 1658 9 
 1727 2464 10 
 1107 495 2 
 2374 1699 6 
 861 1621 2 
 454 1427 9 
 333 1893 4 
 2475 2091 3 
 96 442 1 
 1092 946 1 
 1617 1070 10 
 1598 2077 3 
 2295 1303 1 
 56 356 7 
 335 873 9 
 859 2077 2 
 807 1510 1 
 865 2288 7 
 2280 1990 8 
 873 1691 3 
 990 1651 10 
 1430 287 7 
 580 1586 5 
 990 2479 2 
 798 7 4 
 2293 1680 8 
 2022 546 9 
 2487 2256 5 
 559 1106 1 
 1635 2476 2 
 558 778 4 
 651 406 5 
 1441 2331 8 
 167 2066 5 
 1617 1844 3 
 277 1535 7 
 1342 558 3 
 335 30 6 
 1829 1783 2 
 2330 627 8 
 1731 294 8 
 1635 1066 1 
 2476 1652 5 
 1658 229 4 
 1564 2330 1 
 1303 520 8 
 572 621 2 
 693 1092 4 
 1912 1303 5 
 2460 2295 7 
 1977 839 10 
 547 333 4 
 628 495 6 
 2410 1725 4 
 2163 1990 10 
 972 2292 3 
 1342 870 8 
 610 1731 8 
 2284 2421 1 
 454 1813 3 
 2272 1107 1 
 2374 2384 7 
 2280 2186 5 
 1078 2164 3 
 1581 1750 4 
 2205 1364 3 
 2475 247 9 
 675 1680 2 
 1106 184 8 
 696 2474 2 
 356 1876 1 
 291 1175 5 
 1202 1783 1 
 1985 1658 5 
 414 739 6 
 2059 1303 7 
 1699 1909 3 
 559 1993 9 
 1398 830 9 
 235 2344 8 
 990 1198 4 
 425 362 2 
 1367 2059 1 
 314 2344 5 
 454 1434 3 
 1742 2487 6 
 1592 1912 3 
 127 1254 5 
 1092 1230 2 
 2284 2119 6 
 1441 2314 8 
 855 1342 2 
 1944 610 10 
 261 2077 8 
 1844 796 4 
 2479 1730 4 
 754 1725 4 
 2256 327 2 
 2017 1441 2 
 726 118 7 
 502 726 4 
 1245 1985 3 
 1586 2387 1 
 2209 865 9 
 1231 655 10 
 424 1510 4 
 693 1618 1 
 2024 1984 6 
 486 184 2 
 206 1017 9 
 2464 965 7 
 113 1727 5 
 2474 1609 7 
 1175 1467 8 
 1592 1779 3 
 2464 2102 5 
 339 414 7 
 1444 2314 10 
 636 426 2 
 1342 2065 5 
 433 1651 2 
 166 215 2 
 342 1592 7 
 830 958 3 
 2119 2010 7 
 1230 1647 9 
 791 726 4 
 882 185 7 
 1382 958 8 
 1732 2134 8 
 878 636 9 
 563 855 5 
 2438 1734 1 
 1430 1289 6 
 1813 1673 1 
 283 1748 2 
 1244 2474 2 
 287 557 10 
 1371 795 3 
 539 1367 3 
 2438 1572 5 
 2307 113 3 
 214 965 9 
 855 544 5 
 1351 1732 8 
 559 2031 6 
 112 1985 9 
 235 1039 4 
 2205 1477 1 
 1564 1526 6 
 544 1116 10 
 958 1248 3 
 184 2368 4 
 563 348 3 
 2256 2264 3 
 1013 2410 6 
 311 2374 9 
 546 418 2 
 502 1270 3 
 2117 424 8 
 712 2410 10 
 990 1341 2 
 1542 546 8 
 314 264 9 
 1153 1618 6 
 1202 1489 5 
 1731 1877 4 
 1080 1730 3 
 1086 1680 10 
 1526 136 3 
 2166 384 1 
 1885 2123 4 
 1799 433 8 
 796 640 1 
 1691 2304 5 
 203 958 9 
 1017 478 6 
 2371 1799 1 
 2184 667 3 
 1144 1248 9 
 776 2024 8 
 1748 1016 3 
 539 2142 3 
 1535 1845 7 
 1450 333 7 
 1232 1944 7 
 1066 1606 6 
 2091 1875 1 
 924 1875 6 
 1094 184 9 
 890 1912 4 
 1293 830 7 
 870 1445 10 
 2102 683 10 
 1537 1845 9 
 1457 66 4 
 1299 2186 3 
 1970 1047 2 
 664 2065 4 
 1396 1882 3 
 2174 1890 4 
 900 598 2 
 79 215 2 
 1197 1691 10 
 934 547 8 
 1425 1569 6 
 335 2372 6 
 1936 1039 6 
 1247 890 8 
 2265 2372 10 
 2056 425 1 
 960 30 4 
 1829 1952 10 
 348 1856 8 
 1069 2474 7 
 348 2285 1 
 1415 96 2 
 572 458 3 
 2232 861 3 
 1351 1539 9 
 1438 400 3 
 859 780 2 
 247 1806 4 
 1787 636 6 
 2077 51 1 
 696 1538 3 
 185 148 9 
 780 1123 10 
 488 1477 2 
 430 770 8 
 2242 627 5 
 636 1348 6 
 1175 1645 1 
 2130 2362 3 
 418 1112 8 
 425 1158 7 
 356 2300 6 
 1504 2406 10 
 60 651 1 
 805 2309 9 
 645 1893 5 
 1944 2095 7 
 2024 1852 3 
 2458 1158 10 
 2209 1131 2 
 683 660 2 
 292 958 1 
 1467 2069 6 
 292 2217 5 
 50 946 7 
 547 1922 6 
 2056 538 8 
 434 1909 7 
 1362 965 10 
 2024 1284 10 
 1891 1526 7 
 130 2210 10 
 1254 750 10 
 547 1798 4 
 1371 1365 9 
 158 2465 2 
 5 1729 2 
 1032 147 5 
 1727 1173 9 
 149 1673 6 
 750 1570 3 
 598 1976 7 
 1265 807 7 
 30 668 9 
 1952 1314 1 
 895 965 10 
 2193 495 3 
 1194 1047 4 
 1896 1016 1 
 1174 1441 5 
 1775 693 9 
 2295 501 9 
 346 1856 9 
 1220 668 2 
 1764 861 6 
 1466 780 8 
 2425 348 3 
 1504 1037 10 
 1723 2205 5 
 1453 2066 9 
 1013 1163 7 
 1158 1004 4 
 1572 1212 10 
 1612 1542 8 
 1798 1866 2 
 1154 1017 6 
 418 2147 4 
 50 1588 1 
 1742 324 7 
 1868 1123 7 
 1581 760 8 
 414 1737 2 
 235 1788 5 
 1666 1845 10 
 1648 1592 1 
 1444 714 3 
 1341 47 1 
 220 1768 2 
 2401 184 6 
 2410 2339 9 
 1635 1887 7 
 1367 745 10 
 1617 61 9 
 2065 2296 9 
 2056 447 6 
 865 392 10 
 667 2040 7 
 1325 1734 1 
 2300 797 4 
 1427 1454 5 
 2231 1539 7 
 1057 878 9 
 631 878 7 
 68 1094 10 
 1558 30 3 
 1729 1769 6 
 2250 2476 4 
 1538 1695 1 
 1198 2234 10 
 1078 2290 8 
 273 433 8 
 613 486 6 
 558 2258 9 
 665 1645 6 
 567 2189 9 
 1769 1975 1 
 1875 2392 10 
 702 1912 10 
 1909 2026 8 
 1154 877 6 
 990 2156 2 
 316 1532 2 
 2392 77 3 
 841 311 4 
 1444 2351 2 
 934 94 4 
 2458 2211 2 
 1849 401 7 
 429 60 1 
 1227 696 7 
 689 960 7 
 1350 2392 3 
 995 805 2 
 2223 830 3 
 1807 181 7 
 598 1356 8 
 2123 662 10 
 830 487 1 
 1373 564 2 
 247 250 6 
 466 664 7 
 1966 2296 4 
 805 260 9 
 1563 206 3 
 1032 1659 8 
 1453 1520 1 
 1071 1396 2 
 2292 1927 3 
 1106 1208 7 
 406 1241 4 
 477 1648 9 
 547 525 5 
 112 2019 3 
 1890 71 9 
 185 2400 3 
 51 1946 9 
 2019 1055 5 
 2450 1621 1 
 116 1032 10 
 401 1518 3 
 140 488 10 
 1441 1747 7 
 815 1852 8 
 805 57 4 
 712 1706 2 
 1123 1088 1 
 1886 815 2 
 1638 2285 8 
 62 1212 8 
 531 495 7 
 864 525 2 
 1221 2455 9 
 507 1806 10 
 989 1382 10 
 1894 1198 3 
 1094 1531 10 
 1652 581 1 
 622 1092 3 
 2264 1871 6 
 1617 2373 8 
 2139 1882 3 
 116 1191 3 
 545 2066 3 
 2460 804 2 
 572 2136 10 
 977 2234 10 
 502 1957 10 
 1856 347 2 
 2493 1975 10 
 1623 2293 8 
 1584 1866 1 
 1175 2324 4 
 1829 2180 3 
 1303 1422 3 
 1400 839 2 
 2077 9 5 
 2085 739 2 
 1294 2351 10 
 561 2475 2 
 1473 655 2 
 374 1618 5 
 943 804 9 
 2065 2430 4 
 2390 400 7 
 1750 1994 7 
 1813 1148 10 
 2419 50 2 
 802 392 8 
 1846 1936 7 
 454 240 8 
 2450 1802 6 
 36 1788 1 
 593 520 3 
 1537 1782 8 
 1017 28 1 
 1532 493 8 
 375 206 1 
 1882 46 4 
 216 977 9 
 112 238 3 
 1224 406 5 
 188 2309 5 
 2176 1537 1 
 1619 352 9 
 1990 1979 8 
 1788 1471 4 
 1514 1807 2 
 157 1232 7 
 2256 962 1 
 804 885 9 
 1707 2176 3 
 2378 1466 6 
 594 538 7 
 1088 2216 1 
 2064 2371 1 
 2165 1489 4 
 1853 1563 1 
 972 1492 3 
 573 1396 7 
 66 1470 3 
 1101 2064 9 
 547 690 8 
 978 1244 7 
 800 1882 3 
 1978 2095 5 
 475 1365 9 
 1444 2048 9 
 167 2367 6 
 826 2234 10 
 447 937 2 
 230 1944 6 
 280 74 7 
 1946 1447 5 
 622 1313 5 
 2444 1116 2 
 1478 2362 2 
 610 1433 1 
 495 126 1 
 346 222 7 
 1400 568 1 
 136 2229 6 
 292 386 4 
 1504 532 4 
 1845 2157 7 
 230 2428 8 
 2362 2359 1 
 1785 28 2 
 2324 1366 2 
 1978 533 2 
 2374 2172 1 
 426 2046 5 
 1186 726 8 
 675 1157 1 
 1740 1325 3 
 483 1572 7 
 1638 1330 9 
 1408 561 4 
 85 2344 1 
 1044 690 3 
 1484 2217 6 
 1650 1912 8 
 1588 1420 6 
 1839 1993 8 
 455 261 1 
 739 1662 3 
 2326 1708 5 
 805 27 8 
 1303 2097 5 
 215 1637 3 
 2036 960 10 
 1437 1572 8 
 666 158 9 
 1072 1885 6 
 1986 487 6 
 376 188 3 
 2179 1912 3 
 1621 2415 8 
 2064 871 5 
 1215 2421 4 
 997 731 10 
 1542 2078 9 
 1044 1594 5 
 326 1284 3 
 1628 314 1 
 664 1964 6 
 51 1519 10 
 1314 1170 2 
 993 2430 4 
 2420 605 6 
 1768 1332 5 
 1637 998 3 
 1243 384 10 
 1277 1454 10 
 1066 1847 8 
 605 1804 10 
 555 1345 10 
 2228 1066 3 
 424 1566 4 
 818 873 4 
 693 1063 3 
 1707 1755 1 
 1787 1924 5 
 1802 1733 1 
 210 157 4 
 1294 945 5 
 2047 2290 8 
 1922 1636 10 
 1884 60 5 
 1794 627 9 
 1082 2205 8 
 1286 2223 5 
 2323 1004 1 
 1377 958 9 
 1057 569 6 
 196 859 2 
 666 1766 8 
 1032 838 8 
 745 300 4 
 1132 855 4 
 406 207 7 
 2433 433 7 
 680 1783 1 
 1558 2144 5 
 2204 1396 9 
 2019 1042 10 
 1227 275 2 
 1622 1993 5 
 540 227 7 
 327 762 1 
 2196 188 4 
 683 994 6 
 346 282 6 
 1935 238 5 
 655 2034 10 
 220 152 6 
 1348 1079 4 
 804 2498 2 
 2299 68 2 
 1706 2238 2 
 1976 1578 4 
 359 1364 9 
 796 1259 6 
 411 1174 5 
 1715 854 9 
 831 1425 6 
 130 629 7 
 400 54 5 
 2002 507 10 
 895 1938 9 
 1751 1396 10 
 584 1016 5 
 1092 773 9 
 1563 259 10 
 1176 525 5 
 712 265 7 
 580 1141 10 
 2234 1796 8 
 1454 1991 6 
 1899 958 9 
 1227 89 7 
 1694 865 9 
 1874 2238 10 
 2330 2021 2 
 62 523 10 
 1446 1063 2 
 57 586 2 
 760 2244 7 
 1574 1101 5 
 864 1357 10 
 2302 1734 8 
 1890 37 10 
 2331 313 6 
 2430 354 2 
 1514 38 1 
 2302 325 10 
 149 1065 9 
 121 1004 9 
 959 54 3 
 624 477 10 
 2007 1662 2 
 2097 1087 3 
 1618 199 7 
 487 26 7 
 726 2397 4 
 1103 2048 4 
 509 1990 9 
 1039 2463 6 
 2194 2420 3 
 1116 2044 1 
 350 1227 4 
 960 431 8 
 1829 1752 7 
 1047 763 10 
 371 136 8 
 2364 1964 10 
 723 1740 7 
 1773 683 10 
 1233 57 8 
 2368 1815 1 
 1748 1642 5 
 1846 1624 3 
 842 1131 1 
 501 1167 2 
 2320 1876 1 
 2340 294 2 
 1861 1488 2 
 2180 633 4 
 831 1334 7 
 1694 1653 5 
 1377 1061 4 
 1218 60 8 
 2136 2073 8 
 2324 1915 10 
 952 1645 2 
 404 1131 7 
 1163 242 2 
 328 2002 7 
 327 2382 6 
 1964 2006 8 
 2162 791 1 
 505 1849 6 
 291 2267 2 
 336 220 1 
 321 1783 6 
 1105 2458 4 
 391 1198 4 
 1332 1172 2 
 988 425 4 
 873 2255 2 
 816 1116 3 
 475 2489 2 
 1336 2475 8 
 1605 1471 2 
 1735 184 6 
 693 1655 7 
 809 1072 1 
 1656 287 4 
 2080 490 3 
 2296 822 6 
 1039 373 5 
 1675 1650 10 
 1052 447 5 
 529 1971 10 
 1749 1393 7 
 608 2205 4 
 665 390 1 
 407 1208 9 
 2264 2113 7 
 2142 1133 8 
 1681 545 3 
 1516 959 2 
 2136 782 1 
 1097 2031 7 
 1284 919 3 
 1768 1035 7 
 1326 2176 1 
 1112 1134 4 
 1984 1939 4 
 598 1389 6 
 263 2450 3 
 347 1331 8 
 291 938 1 
 454 1963 8 
 1902 1342 8 
 375 2016 1 
 464 627 5 
 183 325 6 
 1421 1935 7 
 1768 1240 4 
 28 549 8 
 1664 561 5 
 1154 1076 7 
 2096 2024 4 
 1185 2180 1 
 2264 521 7 
 218 2433 4 
 2462 1558 8 
 964 778 5 
 1811 1247 9 
 2005 147 2 
 527 2134 2 
 2208 61 8 
 1464 1766 6 
 363 1699 8 
 244 1773 2 
 1337 1856 9 
 98 1441 5 
 2422 838 10 
 263 1436 8 
 684 1842 3 
 128 991 2 
 1980 2176 10 
 291 42 5 
 207 609 8 
 250 1428 5 
 1830 321 10 
 1520 2336 6 
 1004 1140 8 
 590 2166 6 
 2173 374 1 
 319 1695 1 
 1094 255 8 
 2365 1559 5 
 51 2405 5 
 1264 712 4 
 2174 896 2 
 611 613 3 
 1284 2404 4 
 411 1006 8 
 307 316 9 
 1200 27 6 
 1165 1427 6 
 390 1840 3 
 1112 369 10 
 2426 2204 10 
 508 47 8 
 1734 1702 10 
 711 809 6 
 823 2415 10 
 276 1248 2 
 1017 403 10 
 422 1647 5 
 1013 1423 9 
 1455 434 5 
 1262 864 7 
 2150 275 9 
 1047 944 4 
 2404 2133 1 
 418 1394 1 
 1070 34 5 
 2381 1584 9 
 2241 2172 9 
 2289 1071 8 
 2469 62 7 
 1977 522 10 
 479 352 10 
 2129 229 6 
 356 1759 1 
 586 32 3 
 327 975 8 
 1941 1364 2 
 1032 312 10 
 580 234 8 
 1803 61 7 
 2048 1722 9 
 1999 1750 6 
 922 2474 10 
 922 2308 2 
 1333 1980 9 
 2362 1440 3 
 645 1969 2 
 2420 114 10 
 629 2214 7 
 1558 463 5 
 521 1934 10 
 1539 1209 5 
 488 2188 6 
 1619 1487 1 
 641 375 3 
 1342 1823 9 
 957 1079 1 
 961 216 6 
 1240 600 5 
 2226 1398 4 
 1171 1846 9 
 2064 1684 8 
 429 1290 8 
 1598 1529 2 
 2096 23 7 
 162 895 10 
 951 1642 8 
 898 839 7 
 1478 385 10 
 683 1491 6 
 1264 1557 8 
 860 1876 4 
 450 2293 8 
 238 1700 8 
 1063 649 2 
 1182 1185 5 
 567 49 4 
 1700 1217 4 
 9 881 8 
 1355 130 10 
 28 469 1 
 569 1602 2 
 1691 554 10 
 1995 549 6 
 1919 292 9 
 290 1131 10 
 1999 1502 5 
 1531 1819 7 
 1151 5 5 
 1770 628 10 
 1194 578 9 
 2111 37 9 
 1546 1037 7 
 535 2362 10 
 1567 1723 3 
 98 33 7 
 402 855 4 
 1803 76 7 
 729 945 6 
 229 950 10 
 1996 1182 8 
 2437 98 1 
 456 130 2 
 1889 2400 10 
 2360 220 4 
 285 2489 4 
 1602 1832 2 
 911 340 2 
 1448 2188 4 
 991 1125 3 
 1437 849 2 
 783 1341 5 
 1874 730 5 
 2042 919 10 
 1046 1047 10 
 2451 859 3 
 2169 2113 10 
 1542 1640 8 
 2253 723 8 
 1801 1976 5 
 1720 1752 1 
 1265 82 10 
 2313 2493 10 
 2096 267 7 
 2238 453 5 
 1226 1597 4 
 2044 1904 1 
 2303 96 3 
 485 376 8 
 1747 237 6 
 1868 1204 1 
 220 630 6 
 1460 352 4 
 2458 2328 6 
 1826 222 10 
 2342 1788 7 
 572 146 7 
 215 1475 5 
 1687 1254 6 
 1230 669 7 
 1072 2416 5 
 1817 1438 2 
 1747 1093 6 
 576 121 10 
 76 19 10 
 1806 1229 9 
 959 2386 5 
 793 802 7 
 97 336 3 
 1430 117 6 
 769 2002 4 
 1941 1582 5 
 482 477 6 
 373 109 6 
 1368 477 2 
 2338 1723 9 
 2282 401 7 
 1231 1206 5 
 2059 1834 5 
 2142 1431 10 
 115 2129 4 
 950 2500 6 
 405 1165 9 
 878 1219 10 
 261 1383 2 
 578 2356 7 
 1947 507 2 
 908 1065 7 
 2271 1984 5 
 2003 1227 8 
 2052 321 10 
 94 1634 10 
 2438 151 7 
 1208 852 1 
 2356 1424 7 
 2274 1912 10 
 120 250 5 
 2218 578 6 
 2017 534 8 
 1477 1426 6 
 787 693 5 
 1279 1794 5 
 2332 2469 1 
 1071 2317 9 
 1752 575 8 
 1318 1557 8 
 2405 1757 1 
 925 1947 8 
 2240 943 6 
 1418 1912 9 
 7 2090 4 
 586 746 9 
 1732 790 5 
 2219 640 9 
 1431 906 4 
 1014 2165 8 
 847 118 8 
 558 221 4 
 886 655 9 
 1635 1530 10 
 1893 910 8 
 2263 1364 4 
 2461 854 1 
 1307 77 10 
 668 1501 9 
 1369 651 3 
 1933 97 5 
 461 1890 9 
 1864 1430 4 
 18 2073 3 
 1151 105 3 
 1185 440 6 
 2240 705 5 
 1454 740 7 
 985 1336 3 
 1905 2323 3 
 1804 913 1 
 737 823 1 
 536 1279 2 
 925 75 4 
 1350 420 6 
 279 1449 3 
 1631 711 10 
 1270 2213 9 
 741 611 3 
 471 795 4 
 1941 225 1 
 1784 1740 1 
 695 2288 5 
 1013 1149 7 
 766 2169 8 
 1551 1006 4 
 2010 884 9 
 199 1709 3 
 760 125 7 
 1664 617 7 
 2047 1312 5 
 377 1564 2 
 1682 1884 8 
 2415 2100 6 
 1042 416 4 
 1827 1839 10 
 2356 83 8 
 533 2424 3 
 1248 2178 5 
 530 1811 6 
 1593 1436 4 
 1163 1306 4 
 1129 1559 9 
 1800 1687 4 
 2412 336 8 
 24 2382 3 
 1220 2035 10 
 2245 2331 4 
 2128 2021 9 
 1190 407 2 
 2176 794 4 
 1481 1014 3 
 665 2038 6 
 2043 2100 10 
 1387 913 3 
 63 2378 2 
 1183 2214 1 
 477 1778 7 
 539 1949 6 
 240 1913 5 
 1618 144 1 
 476 2119 9 
 1049 2451 1 
 900 1406 1 
 685 2387 7 
 113 2239 10 
 1516 968 10 
 1199 2288 1 
 1134 435 9 
 310 82 2 
 71 2126 1 
 2427 1049 5 
 912 1747 3 
 640 379 1 
 2054 908 5 
 1861 2143 6 
 1722 1060 7 
 796 484 6 
 1800 1073 3 
 1483 1185 9 
 271 42 2 
 1944 1719 1 
 286 922 10 
 1683 617 1 
 627 1507 4 
 2308 2109 1 
 558 1724 7 
 403 468 1 
 1144 1381 1 
 2384 542 10 
 1888 2189 1 
 172 1071 8 
 1268 377 4 
 21 1153 9 
 1696 2362 10 
 115 2403 9 
 2160 1853 5 
 913 100 6 
 857 1254 8 
 202 636 6 
 674 1035 5 
 1218 1391 6 
 56 1090 1 
 2040 936 10 
 2425 2322 8 
 1276 527 3 
 1208 110 1 
 523 867 1 
 2411 945 8 
 2423 2489 2 
 1881 912 3 
 487 1256 3 
 1602 2246 4 
 1899 1205 10 
 1199 11 10 
 138 2479 6 
 635 1248 4 
 562 1199 2 
 263 1136 8 
 1505 1163 2 
 234 1710 3 
 1056 488 9 
 1401 464 8 
 2241 2379 2 
 1755 444 4 
 624 1015 3 
 2447 464 1 
 463 2318 2 
 1583 1944 6 
 935 944 7 
 769 35 2 
 709 1270 1 
 370 1694 10 
 2338 1573 5 
 1938 1027 7 
 1128 2100 6 
 1774 857 4 
 454 87 3 
 1082 1127 10 
 1318 295 10 
 918 521 7 
 648 476 1 
 2268 908 1 
 2162 1528 6 
 2397 1649 9 
 576 357 6 
 1433 1451 4 
 2251 1303 3 
 1312 2083 4 
 2036 1771 7 
 110 1166 7 
 1873 1755 4 
 1417 2119 6 
 1831 562 6 
 1134 2070 7 
 1557 1296 8 
 2471 668 5 
 1677 359 7 
 509 1058 3 
 1588 2432 9 
 1751 2352 10 
 514 1584 1 
 2214 122 6 
 1455 2105 4 
 957 2261 2 
 2480 1212 7 
 2267 154 6 
 562 1610 5 
 2117 413 8 
 608 2345 9 
 1669 1610 7 
 2018 2054 7 
 1978 2076 4 
 1722 1780 7 
 45 918 4 
 2152 1489 3 
 1237 569 5 
 625 234 7 
 1738 1737 6 
 94 1201 5 
 485 1439 10 
 2049 260 3 
 916 1873 1 
 600 2249 1 
 344 740 8 
 940 453 3 
 1514 1897 10 
 1201 1982 10 
 937 2491 7 
 1132 587 8 
 788 418 3 
 1604 1684 7 
 121 169 5 
 202 1576 2 
 995 1928 3 
 1078 10 3 
 1554 75 1 
 1238 1602 5 
 692 1890 3 
 133 1337 9 
 1842 2347 4 
 250 616 10 
 757 1691 2 
 2108 2308 5 
 177 1518 6 
 214 779 2 
 1211 1748 1 
 482 1599 1 
 104 1377 8 
 957 1384 7 
 936 2277 6 
 906 1323 1 
 2068 912 7 
 36 219 5 
 1978 2298 3 
 1372 1751 4 
 946 718 10 
 2262 2097 4 
 2097 1162 9 
 1453 186 6 
 1403 1884 4 
 1587 965 8 
 1797 1768 9 
 748 797 9 
 1130 46 4 
 1220 303 5 
 768 1946 4 
 2040 1135 10 
 1475 1192 8 
 1835 1256 2 
 2371 953 9 
 2283 641 4 
 2343 957 5 
 1271 2108 9 
 393 1268 4 
 2295 2087 2 
 438 370 7 
 1079 623 1 
 1678 49 7 
 354 821 2 
 2012 1779 9 
 2195 535 4 
 1349 1733 4 
 1044 415 2 
 461 1359 6 
 223 593 2 
 629 1506 10 
 938 201 1 
 901 865 7 
 1566 2137 9 
 678 235 6 
 1082 1322 1 
 2314 182 2 
 855 2015 2 
 1401 396 8 
 871 1096 7 
 2352 887 8 
 360 1800 4 
 827 285 2 
 412 2290 7 
 256 2367 5 
 569 159 5 
 1271 2135 4 
 101 1220 9 
 1494 778 6 
 413 652 1 
 281 1935 7 
 924 583 7 
 1349 524 10 
 1593 2158 9 
 165 1078 1 
 1708 1102 6 
 1018 1681 7 
 2047 1150 3 
 1700 1142 2 
 994 670 3 
 1446 1252 10 
 2211 2457 2 
 1281 1842 2 
 743 1366 3 
 1844 1657 2 
 1179 823 5 
 1879 424 9 
 269 1570 1 
 676 1506 9 
 316 1059 7 
 12 2179 10 
 2353 482 6 
 562 1051 6 
 2294 346 7 
 2374 1758 6 
 493 2001 9 
 1238 1805 2 
 7 124 1 
 1161 575 7 
 1286 2074 8 
 2042 1050 7 
 1647 792 6 
 446 1415 6 
 904 961 7 
 2205 552 7 
 742 1478 3 
 260 90 5 
 1791 2313 3 
 122 1951 3 
 1683 2099 7 
 1991 153 5 
 171 1241 1 
 2254 2427 9 
 1612 243 9 
 1841 2240 7 
 2179 1838 3 
 377 1077 9 
 555 874 9 
 1831 1479 4 
 1505 570 9 
 1425 489 4 
 1597 241 4 
 356 1177 3 
 2117 1278 10 
 1503 1939 7 
 27 876 1 
 1303 516 9 
 1822 778 1 
 589 628 9 
 441 112 9 
 2279 1584 10 
 234 1837 10 
 1574 1465 7 
 1638 2316 6 
 1604 980 8 
 2337 117 6 
 103 167 8 
 191 1013 4 
 1081 450 7 
 2166 2029 3 
 2438 2101 1 
 2366 729 4 
 947 2015 7 
 1745 1383 9 
 1829 355 1 
 2103 2046 5 
 1346 1823 7 
 1395 2103 10 
 1714 2390 6 
 1406 2222 7 
 953 1317 10 
 1067 2164 8 
 2072 1294 7 
 171 1948 10 
 1462 2160 10 
 808 1336 4 
 2324 2028 10 
 343 265 2 
 1893 44 3 
 1081 1392 10 
 358 1367 9 
 1926 2359 6 
 95 413 5 
 1983 523 5 
 1437 879 5 
 722 913 8 
 1538 228 10 
 2363 36 6 
 221 1630 7 
 1728 2410 2 
 406 150 10 
 1915 170 10 
 2048 394 3 
 1794 1298 2 
 737 246 4 
 1581 1320 9 
 102 36 2 
 1057 1820 9 
 704 651 4 
 1477 2235 4 
 1834 249 7 
 1903 1318 4 
 201 642 6 
 2179 2120 10 
 1970 330 2 
 763 515 2 
 899 2113 9 
 1560 1065 3 
 2374 974 8 
 1483 2449 7 
 1790 737 1 
 1083 2242 7 
 1626 1326 4 
 1549 1337 3 
 2023 1928 8 
 996 1588 7 
 1015 753 2 
 953 697 5 
 1626 1711 3 
 1296 2084 4 
 1021 842 2 
 2443 2450 9 
 470 57 6 
 2263 1407 7 
 2289 837 10 
 2495 962 3 
 1435 1532 6 
 302 535 1 
 1634 284 8 
 232 1262 4 
 2203 2184 6 
 1086 1499 9 
 1953 580 8 
 968 1108 4 
 1417 2459 10 
 55 2028 7 
 1215 1095 8 
 1586 2033 4 
 230 1300 6 
 2377 1083 1 
 444 187 2 
 1001 1144 7 
 1371 733 1 
 862 1890 8 
 2107 2126 2 
 2138 951 6 
 1475 1997 7 
 1882 2481 3 
 1365 189 4 
 2442 2410 5 
 1081 1138 9 
 510 282 10 
 2400 1024 7 
 1772 2108 6 
 999 555 6 
 1917 469 7 
 1841 1925 1 
 2098 1779 2 
 2191 232 8 
 1887 2266 9 
 733 1965 7 
 1417 1048 4 
 1495 714 4 
 1463 2113 6 
 1838 2094 6 
 1600 754 4 
 2309 2185 8 
 2213 699 8 
 1468 711 5 
 634 2340 1 
 1540 1125 6 
 724 1393 5 
 595 455 8 
 707 1602 7 
 2164 828 6 
 768 135 10 
 1661 2095 2 
 1149 775 5 
 853 1318 8 
 2472 913 9 
 1564 248 8 
 2469 1575 9 
 1479 612 3 
 340 1945 1 
 1940 2144 6 
 886 1461 4 
 786 968 7 
 1027 322 2 
 1990 2075 9 
 1913 139 3 
 1732 387 4 
 2104 2458 9 
 1515 1345 10 
 1827 1836 9 
 1030 1563 7 
 426 1589 3 
 342 1739 8 
 719 23 7 
 123 1420 5 
 1147 159 1 
 366 201 6 
 1692 1656 4 
 2239 1304 7 
 819 1573 3 
 1554 571 4 
 211 962 3 
 671 593 2 
 1324 1067 7 
 2052 1000 5 
 2049 1045 9 
 2291 2072 8 
 1782 614 8 
 634 1712 2 
 1615 2500 10 
 2434 120 5 
 380 1759 6 
 2349 2377 5 
 1723 423 7 
 186 1524 2 
 95 2281 1 
 806 271 10 
 1044 1741 8 
 1935 245 9 
 5 504 5 
 2200 1277 5 
 2499 998 10 
 2202 2091 9 
 948 968 3 
 585 1576 9 
 1074 2044 9 
 926 1778 8 
 1472 642 1 
 1565 1530 4 
 1268 1258 2 
 1803 8 3 
 2418 769 6 
 1676 369 9 
 643 418 9 
 1137 1797 4 
 1649 903 10 
 1120 912 4 
 1348 52 6 
 612 1213 6 
 551 2046 2 
 1295 1215 3 
 1437 2483 3 
 2392 1114 5 
 328 1269 1 
 2072 1292 9 
 2110 1208 5 
 504 1863 4 
 1360 1845 4 
 595 1704 8 
 38 700 5 
 844 779 7 
 1135 902 4 
 1086 1930 4 
 2219 1859 2 
 297 292 7 
 179 1278 1 
 361 191 10 
 893 483 7 
 1718 585 6 
 1779 2452 3 
 1915 2454 2 
 2378 367 1 
 930 558 10 
 1560 1022 5 
 364 753 3 
 317 1170 6 
 2103 869 3 
 2032 1254 6 
 1715 1443 9 
 1908 2359 6 
 2316 518 9 
 461 781 9 
 1781 1128 5 
 1170 14 2 
 1848 862 4 
 506 1659 6 
 187 2154 1 
 1427 193 1 
 1249 1718 1 
 771 1296 9 
 2176 2393 8 
 2302 923 3 
 1704 73 6 
 2237 2245 7 
 2039 73 9 
 1231 1308 9 
 1045 761 4 
 1034 2481 1 
 1086 318 8 
 1562 2218 9 
 1272 68 8 
 1115 414 7 
 405 93 9 
 1041 2368 8 
 1256 811 8 
 1038 2245 1 
 1844 2122 2 
 1593 659 10 
 1697 1996 10 
 2171 1202 1 
 795 1442 8 
 1318 1959 1 
 1182 672 2 
 2251 2276 3 
 278 2474 6 
 796 646 4 
 251 2458 2 
 89 382 5 
 1257 1055 5 
 342 1062 9 
 1012 2059 8 
 314 560 6 
 774 188 8 
 417 1531 2 
 234 288 5 
 825 2450 8 
 71 2116 3 
 2047 2269 9 
 394 1329 9 
 1689 2293 6 
 592 671 2 
 2457 1273 8 
 231 1885 4 
 1258 679 10 
 1617 22 7 
 535 1225 5 
 892 1649 1 
 1303 439 10 
 2037 357 6 
 861 329 6 
 2033 204 10 
 801 1083 1 
 682 1574 2 
 2434 198 6 
 143 2156 3 
 1808 130 2 
 584 1397 8 
 1553 674 3 
 1560 789 3 
 293 999 10 
 764 641 7 
 243 1850 5 
 1714 1987 5 
 2057 685 7 
 396 2187 2 
 2372 174 8 
 868 545 9 
 1958 2234 1 
 1081 1005 6 
 817 2245 9 
 1119 630 1 
 238 145 10 
 2182 55 3 
 777 2052 7 
 17 1481 10 
 2499 1490 10 
 1812 842 4 
 1197 1869 5 
 1301 183 4 
 1025 2328 10 
 828 615 3 
 1898 521 7 
 1789 367 1 
 912 987 10 
 2265 1040 8 
 1786 488 1 
 941 1764 7 
 1823 1266 7 
 681 2228 9 
 1860 1083 9 
 1096 1736 7 
 381 489 8 
 828 967 10 
 957 224 7 
 717 1056 5 
 1467 1705 2 
 248 1113 10 
 1614 1293 9 
 2214 907 8 
 1730 1456 9 
 2006 84 10 
 2306 1859 3 
 1946 2436 1 
 389 1722 2 
 56 2477 5 
 1109 109 1 
 1918 692 8 
 598 108 3 
 1482 369 9 
 1920 1081 4 
 1547 2360 1 
 1137 2197 2 
 237 1302 6 
 2196 1152 4 
 2127 136 7 
 53 1696 5 
 252 998 3 
 1481 194 8 
 2081 379 10 
 1041 1184 8 
 152 1721 7 
 2047 949 7 
 893 176 9 
 296 837 9 
 2301 860 8 
 451 333 2 
 2429 1303 6 
 24 1513 6 
 1562 2355 1 
 784 1119 7 
 1981 390 8 
 590 1932 2 
 47 1196 2 
 2137 13 7 
 1469 2066 4 
 2414 242 6 
 581 378 6 
 824 1153 10 
 55 2478 5 
 1511 468 2 
 2446 940 7 
 1727 25 3 
 851 1268 5 
 2084 889 6 
 1429 1489 2 
 166 577 8 
 426 1029 1 
 638 885 9 
 398 1202 10 
 1118 1991 2 
 1295 1973 6 
 66 553 4 
 1671 1741 8 
 1552 1837 3 
 891 2012 5 
 349 2449 7 
 192 844 10 
 2174 1210 9 
 1026 1227 1 
 773 1921 10 
 356 2045 1 
 2390 494 2 
 1419 2418 9 
 2496 310 9 
 1207 676 4 
 2415 1242 10 
 940 1900 2 
 1017 1793 5 
 1956 2053 8 
 1075 2250 7 
 649 217 3 
 1901 193 2 
 2021 1498 9 
 883 1296 5 
 324 2287 7 
 6 789 8 
 91 885 1 
 1872 2342 9 
 445 1480 5 
 2410 1923 5 
 356 1100 10 
 1756 616 3 
 1011 1605 1 
 2377 597 3 
 258 530 9 
 51 1603 10 
 324 1568 1 
 1667 1756 6 
 1833 726 5 
 2305 1833 6 
 797 2079 9 
 436 557 2 
 2167 401 6 
 874 1412 7 
 419 2039 8 
 1213 1992 10 
 2472 543 6 
 1279 1698 2 
 70 1958 5 
 338 283 1 
 2011 2240 4 
 1983 1580 4 
 2334 1764 2 
 1151 299 6 
 1717 11 2 
 1416 1457 3 
 141 1435 3 
 1548 899 5 
 1188 1682 3 
 274 158 9 
 1162 1402 9 
 1929 77 8 
 1889 2445 8 
 1611 1546 7 
 1807 1643 8 
 1483 2468 10 
 1093 1760 9 
 2287 2361 2 
 1232 236 3 
 1145 961 5 
 1906 2226 10 
 1089 2083 5 
 1941 2192 3 
 1209 2398 3 
 419 80 6 
 473 659 2 
 2167 574 6 
 1064 461 1 
 463 1189 10 
 880 704 8 
 2011 2106 9 
 1592 2221 8 
 1589 341 3 
 678 1399 1 
 2413 634 4 
 1736 2132 8 
 1168 959 4 
 2189 2497 10 
 129 1934 4 
 1233 963 2 
 1700 1385 1 
 1638 1851 9 
 298 2129 7 
 1390 1740 5 
 2390 289 7 
 1238 863 2 
 1541 718 3 
 1769 1124 3 
 1576 2121 4 
 2477 1627 9 
 245 1555 7 
 1868 599 2 
 1476 1175 6 
 1977 2243 5 
 2204 727 5 
 579 74 2 
 1160 2356 8 
 482 2027 3 
 457 2080 3 
 106 2498 10 
 2115 154 8 
 2130 1916 6 
 749 1770 9 
 2109 927 1 
 687 1732 10 
 1334 905 8 
 1848 2161 4 
 1135 537 4 
 1795 1392 1 
 856 775 1 
 1883 2422 9 
 1207 496 6 
 1466 1743 7 
 637 1042 9 
 1195 1382 9 
 569 866 3 
 922 492 8 
 782 1878 2 
 717 1311 6 
 43 1225 5 
 1262 1668 10 
 293 1316 3 
 1490 2168 4 
 2237 708 3 
 2297 117 5 
 1858 1027 7 
 370 257 8 
 173 2101 10 
 860 1663 10 
 588 2415 6 
 1214 2102 8 
 2240 1855 10 
 984 1581 1 
 1723 548 3 
 709 1091 10 
 2062 196 7 
 976 507 9 
 643 15 5 
 349 814 3 
 2233 2414 9 
 2491 2060 10 
 1960 1941 10 
 408 121 10 
 765 1163 1 
 1251 819 1 
 249 1763 1 
 799 733 9 
 441 2063 4 
 738 1948 6 
 2220 690 3 
 1791 2212 9 
 1988 18 10 
 723 752 4 
 180 148 6 
 602 1575 3 
 2385 2029 10 
 2327 598 6 
 1930 840 1 
 1723 1 7 
 2225 1899 8 
 2207 2460 2 
 1142 2391 9 
 2440 2356 6 
 624 2484 6 
 332 340 10 
 767 1993 2 
 1590 1185 2 
 168 2128 3 
 481 2326 9 
 1529 1374 6 
 1253 1481 7 
 2153 1088 7 
 1311 929 8 
 1964 58 5 
 677 1253 6 
 29 2083 4 
 1054 1273 4 
 2329 1887 7 
 212 121 1 
 2383 2223 4 
 636 2325 2 
 119 251 7 
 722 1910 8 
 728 342 10 
 2282 1002 9 
 2406 69 1 
 97 1962 6 
 734 1005 8 
 1749 1632 8 
 267 1121 7 
 1287 743 3 
 1942 1438 1 
 1821 2079 10 
 1983 1688 2 
 98 606 7 
 1 836 2 
 512 592 7 
 1878 2286 6 
 219 2000 6 
 694 2349 4 
 307 1579 5 
 449 1788 4 
 270 478 6 
 96 698 1 
 67 2027 4 
 1376 561 3 
 510 309 3 
 758 891 3 
 1279 747 2 
 1025 2321 10 
 2248 45 7 
 2278 1537 4 
 1092 979 1 
 480 1632 1 
 1392 1104 3 
 2184 1686 1 
 806 744 4 
 1513 969 2 
 1998 1271 3 
 1604 1613 6 
 2095 845 2 
 752 497 1 
 680 1409 5 
 92 458 6 
 1405 2006 4 
 1918 647 4 
 687 565 8 
 681 2149 2 
 462 711 6 
 2448 316 9 
 162 931 7 
 1244 1509 1 
 1195 1023 10 
 1627 1327 6 
 1571 889 10 
 48 1621 5 
 1533 150 6 
 2215 2493 6 
 2040 2051 3 
 464 395 3 
 1880 1022 10 
 1566 2315 3 
 1325 1585 8 
 883 1937 4 
 1098 2331 8 
 1927 2467 5 
 740 1378 7 
 1679 415 8 
 2451 1693 7 
 184 755 8 
 906 2041 9 
 2294 917 8 
 1637 654 2 
 1043 1345 6 
 369 443 6 
 932 1908 9 
 305 1927 2 
 29 1536 10 
 1607 128 6 
 245 1363 8 
 1148 2389 10 
 956 1979 8 
 73 1816 10 
 1596 1785 6 
 644 2433 2 
 1250 1615 5 
 1157 2482 3 
 1757 833 9 
 768 973 2 
 345 468 4 
 421 864 6 
 2280 2486 10 
 1085 2302 1 
 2309 1019 2 
 2198 959 8 
 324 2112 10 
 36 1139 10 
 1952 2311 10 
 107 978 6 
 1159 1719 10 
 1387 111 3 
 620 1065 1 
 388 2036 1 
 626 1520 1 
 164 2449 6 
 2214 1288 6 
 1818 1138 6 
 1344 1374 5 
 1760 954 9 
 1031 1073 1 
 2092 2127 8 
 170 2025 1 
 2402 1640 4 
 1007 2027 1 
 500 386 6 
 2275 1582 9 
 874 1411 5 
 1561 1788 6 
 1126 1016 1 
 739 601 4 
 2451 1753 6 
 1527 1086 4 
 1744 2139 6 
 1227 1432 9 
 1506 1633 5 
 1911 100 9 
 2441 1088 1 
 2247 574 6 
 979 427 5 
 1 498 5 
 1354 684 4 
 205 419 4 
 1632 1274 1 
 654 888 9 
 449 2312 10 
 358 301 1 
 591 1007 9 
 305 1726 6 
 2 1730 3 
 744 1665 7 
 1187 62 7 
 1979 650 7 
 2467 266 10 
 1117 543 2 
 1849 467 5 
 1226 78 4 
 245 1285 3 
 74 254 6 
 1401 409 9 
 1987 132 3 
 383 527 7 
 435 1690 8 
 1601 531 2 
 859 986 4 
 880 1968 7 
 1967 2044 3 
 1396 190 3 
 532 452 10 
 1369 691 3 
 1649 2093 3 
 664 2009 1 
 1418 1008 4 
 1591 1569 6 
 2182 1943 9 
 664 1754 1 
 253 2207 8 
 209 1735 6 
 1718 2236 2 
 2330 410 8 
 103 1828 4 
 1899 2456 4 
 1865 1682 6 
 2249 915 7 
 2314 1716 10 
 673 1334 5 
 1730 233 5 
 308 189 3 
 1347 1116 9 
 1280 1682 3 
 993 40 4 
 1255 1124 4 
 1461 2335 9 
 1835 2369 7 
 2224 1279 7 
 592 2257 10 
 1258 137 7 
 1238 1223 1 
 722 1955 6 
 134 218 7 
 992 2367 5 
 1616 1301 9 
 1751 1169 7 
 1986 710 3 
 691 2399 4 
 453 2273 6 
 37 1843 2 
 498 1458 5 
 1814 1991 10 
 2118 1433 4 
 41 825 6 
 1024 1486 10 
 378 2050 2 
 1033 1265 1 
 2143 72 3 
 1193 898 2 
 26 720 8 
 2426 735 9 
 2297 99 4 
 2375 1901 8 
 2500 1388 5 
 2360 1358 2 
 1380 2209 1 
 1156 1384 7 
 59 74 3 
 503 1298 5 
 1261 522 1 
 242 195 2 
 1409 1028 10 
 519 2225 8 
 197 236 3 
 701 575 1 
 2456 1010 1 
 966 2332 2 
 2222 582 9 
 2103 848 7 
 1983 1762 5 
 1825 802 6 
 1329 810 7 
 1754 472 1 
 847 460 4 
 2104 1512 6 
 729 64 4 
 2357 1286 8 
 161 332 4 
 942 1373 7 
 1252 1496 4 
 2259 1308 3 
 2473 335 3 
 2081 428 3 
 2181 1017 8 
 2470 338 2 
 890 517 6 
 1645 1854 5 
 2082 1371 8 
 550 718 8 
 502 933 5 
 2173 639 10 
 1699 2376 5 
 1177 2131 5 
 1977 1892 3 
 1862 84 8 
 982 1582 9 
 331 2342 9 
 56 2492 10 
 1111 2143 10 
 961 703 2 
 131 1677 9 
 2054 262 1 
 1370 865 10 
 2442 2124 1 
 1397 2346 6 
 1353 2118 1 
 1378 785 9 
 1467 2175 8 
 1127 1522 2 
 491 2449 3 
 1156 528 1 
 595 1703 7 
 334 637 10 
 1197 320 6 
 1014 618 6 
 1201 835 9 
 1529 983 1 
 2077 2088 7 
 961 1203 7 
 752 1961 1 
 459 575 5 
 721 1888 2 
 1404 1303 10 
 2004 34 3 
 1617 1746 6 
 772 957 8 
 1757 2252 6 
 379 399 7 
 808 20 3 
 158 1263 3 
 326 526 1 
 2151 1136 6 
 2140 1832 1 
 2490 1004 5 
 897 428 9 
 389 1414 1 
 1497 2487 5 
 2417 1425 3 
 1124 653 6 
 1642 1485 5 
 1543 1708 5 
 713 681 5 
 843 2377 2 
 2150 2086 8 
 1361 1693 1 
 989 39 3 
 2396 2352 1 
 1037 337 4 
 1315 2228 2 
 1907 1570 8 
 208 1596 8 
 1764 499 10 
 516 2319 8 
 2011 1181 2 
 2013 544 1 
 2494 2420 7 
 1777 1051 1 
 2030 953 3 
 2085 2055 10 
 1654 2127 4 
 1824 2246 8 
 1254 156 10 
 1822 1234 4 
 1244 213 6 
 248 2341 3 
 689 829 10 
 268 217 1 
 2058 2192 6 
 832 734 3 
 1180 307 9 
 2370 1499 10 
 1036 1821 5 
 1723 658 2 
 65 2254 9 
 2260 1065 9 
 2067 1951 1 
 2425 2354 4 
 607 1200 4 
 2266 1099 5 
 1931 101 7 
 1899 1685 1 
 387 732 6 
 1068 1113 5 
 42 920 10 
 2283 1521 5 
 1378 834 10 
 1104 1228 1 
 2132 1629 9 
 939 779 6 
 31 2122 1 
 26 2125 8 
 2104 2466 10 
 1367 315 6 
 1870 594 2 
 971 168 8 
 2231 86 3 
 224 1053 10 
 81 2131 5 
 1943 351 8 
 416 437 10 
 2183 2413 2 
 247 2388 3 
 1822 160 4 
 1854 1776 5 
 886 142 9 
 1553 1352 3 
 16 1662 3 
 619 1852 2 
 1064 1639 9 
 1178 1801 3 
 1191 2333 9 
 2159 2298 10 
 760 1950 6 
 1129 928 10 
 2202 1577 1 
 1474 346 6 
 333 1544 10 
 423 1641 8 
 578 1792 3 
 1328 2138 5 
 751 2303 7 
 254 914 4 
 2101 1003 5 
 1534 413 4 
 1874 1556 7 
 1291 2309 4 
 816 513 7 
 1289 2114 4 
 1302 1236 9 
 2488 735 3 
 132 981 1 
 860 813 3 
 2395 422 7 
 1682 759 3 
 1663 1452 2 
 2420 1267 3 
 2188 163 3 
 556 557 3 
 2380 1911 2 
 353 586 7 
 1379 2403 4 
 686 1211 3 
 321 1122 7 
 1660 1979 9 
 1065 88 2 
 1966 1155 10 
 1922 1765 10 
 317 875 7 
 1044 541 9 
 604 86 10 
 1222 141 10 
 1974 1423 9 
 537 1914 7 
 448 1387 5 
 365 2393 7 
 2047 2146 6 
 1882 1895 5 
 565 1335 7 
 1741 2358 5 
 928 2431 3 
 2230 2481 3 
 384 921 9 
 684 2177 3 
 190 736 3 
 1404 306 6 
 291 656 7 
 632 2181 3 
 858 1109 2 
 1192 657 6 
 1672 1347 5 
 1279 323 8 
 1305 607 7 
 186 372 9 
 2256 1297 7 
 1340 569 5 
 2311 239 3 
 1644 258 2 
 1250 1954 5 
 1489 465 8 
 2073 706 10 
 2407 137 8 
 769 1625 3 
 1701 2048 4 
 4 1515 10 
 1500 1298 4 
 429 566 4 
 1020 1775 10 
 201 2310 6 
 1260 1353 6 
 272 1554 5 
 2412 1459 9 
 1951 2270 6 
 1239 718 8 
 1410 1556 10 
 1674 1539 9 
 252 1413 9 
 955 1741 7 
 1035 2089 4 
 1015 846 5 
 1270 2148 4 
 2348 989 1 
 547 1319 9 
 1489 716 5 
 1719 3 9 
 756 2393 1 
 1523 2340 4 
 1761 1655 3 
 2061 1757 5 
 2388 368 10 
 2439 1774 7 
 1129 226 10 
 2199 2302 3 
 1632 1246 1 
 1009 2496 9 
 203 1310 10 
 2394 876 5 
 2316 2485 7 
 2020 1822 4 
 1089 2190 7 
 1061 1508 6 
 216 2014 2 
 1193 1595 9 
 2046 2408 9 
 2109 1809 9 
 474 1341 2 
 1989 926 8 
 462 663 4 
 820 722 10 
 2204 2206 5 
 2037 1339 5 
 571 178 4 
 2223 1550 1 
 697 1608 2 
 85 200 7 
 2435 1599 10 
 2145 197 9 
 596 1838 4 
 1867 1152 5 
 860 511 5 
 2224 1646 2 
 909 1644 7 
 969 1143 5 
 1270 1275 2 
 1164 793 9 
 803 652 10 
 792 1713 3 
 2240 432 4 
 2001 1084 3 
 688 2471 7 
 2256 155 6 
 1375 556 2 
 725 638 2 
 298 1525 4 
 1321 2297 2 
 812 2342 4 
 966 2227 6 
 1216 428 9 
 682 715 10 
 1716 1493 7 
 1545 924 2 
 2453 1236 5 
 844 2350 3 
 175 1180 1 
 1676 1343 9 
 1283 1144 8 
 213 2071 6 
 872 1120 9 
 1342 1767 5 
 2478 1810 5 
 603 1352 7 
 397 2416 10 
 1110 2280 7 
 2109 2141 2 
 631 661 1 
 241 1972 9 
 2008 2044 1 
 46 1235 5 
 1133 2409 8 
 1309 2085 9 
 2170 216 2 
 1075 1338 9 
 1835 1620 10 
 1442 1146 7 
 304 33 7 
 2155 270 5 
 2201 1979 9 
 310 990 2 
 456 502 8 
 532 1840 2 
 1797 849 2 
 2186 209 5 
 49 2459 6 
 595 429 6 
 1382 2097 10 
 641 1229 7 
 2271 190 2 
 2254 1651 1 
 672 2221 8 
 1553 2029 1 
 1892 669 6 
 968 1841 5 
 482 546 2 
 532 91 2 
 2486 1200 10 
 686 1257 6 
 2455 1642 5 
 2494 775 3 
 2391 56 9 
 1315 1601 10 
 443 1668 7 
 1962 148 8 
 1755 800 5 
 2480 269 3 
 58 1394 9 
 1092 277 8 
 24 1214 1 
 1528 1485 1 
 870 685 10 
 1206 1038 6 
 1345 1937 10 
 1552 1500 6 
 1663 1984 3 
 1093 1150 7 
 2025 3 7 
 2477 866 4 
 2433 1916 8 
 1654 2266 9 
 1739 2144 4 
 269 346 3 
 731 468 10 
 121 2260 10 
 966 1607 10 
 719 2493 3 
 1713 963 1 
 2119 69 5 
 1341 446 5 
 1835 112 2 
 1940 321 1 
 1351 1126 7 
 894 538 10 
 1493 182 10 
 1642 1521 4 
 373 2493 9 
 454 98 3 
 364 1939 2 
 146 1890 10 
 809 2230 2 
 1401 1013 5 
 2243 562 3 
 2392 2166 5 
 2277 1575 7 
 1582 1697 4 
 2041 614 6 
 76 1766 3 
 1864 810 6 
 1551 2096 2 
 374 1196 1 
 2118 2294 1 
 1510 1467 1 
 789 1937 3 
 1755 397 4 
 438 223 5 
 1384 1141 10 
 1896 1046 10 
 1965 527 1 
 1820 1728 5 
 1142 1729 6 
 1332 610 3 
 2157 749 7 
 2346 765 6 
 1567 14 1 
 2003 1392 7 
 238 903 7 
 1235 465 9 
 1061 596 10 
 104 2335 1 
 1188 360 3 
 1097 2287 10 
 2492 693 5 
 339 1919 8 
 1216 2159 4 
 681 980 10 
 2122 1511 5 
 2030 2405 5 
 2296 1702 10 
 2144 2358 2 
 588 2447 9 
 655 1480 7 
 1739 2211 8 
 2023 584 1 
 1280 2454 1 
 3 697 9 
 1315 2491 4 
 1887 2237 9 
 2374 959 8 
 1603 2314 4 
 1728 422 10 
 579 439 1 
 1967 1673 10 
 683 1102 4 
 261 2417 7 
 1330 343 5 
 1122 365 10 
 1706 1412 7 
 970 1628 8 
 1169 989 8 
 469 318 1 
 2037 1586 7 
 1162 760 9 
 1064 1145 5 
 1361 976 7 
 19 372 5 
 530 1143 1 
 747 825 6 
 2189 2168 3 
 1876 1691 5 
 2475 588 2 
 1576 666 1 
 57 344 9 
 1357 1650 3 
 422 1293 8 
 2109 2289 1 
 1313 635 10 
 318 2 9 
 1621 675 4 
 1425 658 5 
 1209 1739 5 
 1275 675 1 
 612 599 3 
 496 2488 1 
 1143 1101 10 
 609 1463 4 
 2211 1940 9 
 2002 867 4 
 136 843 5 
 174 1341 3 
 2068 99 9 
 120 299 3 
 118 2206 2 
 2022 769 9 
 1166 1268 4 
 1728 301 4 
 2268 998 9 
 333 2104 7 
 687 2470 1 
 561 962 9 
 408 726 10 
 706 1016 9 
 1584 1899 6 
 1891 1383 8 
 1392 2213 3 
 1964 1097 8 
 2129 1108 1 
 1337 2374 8 
 1865 882 1 
 1751 1292 1 
 1973 1217 3 
 1026 497 7 
 1501 1777 10 
 1972 1455 4 
 2370 650 1 
 1504 1326 10 
 1594 531 8 
 1005 450 2 
 1232 1252 2 
 2275 2048 3 
 2125 2331 7 
 2000 2426 3 
 2115 2500 6 
 85 1100 4 
 929 1055 8 
 734 1938 9 
 1659 1949 5 
 947 872 4 
 1860 1527 6 
 548 202 5 
 588 1398 5 
 2344 1572 8 
 2206 2462 6 
 1564 1249 8 
 1653 2399 9 
 171 2101 3 
 1175 1003 4 
 2479 2420 4 
 692 1785 7 
 1471 1766 4 
 2372 239 7 
 1852 798 2 
 814 563 10 
 961 917 1 
 1021 1334 7 
 589 1781 1 
 546 784 7 
 81 176 5 
 1706 802 9 
 2114 1865 1 
 117 295 9 
 1768 2018 4 
 756 1324 8 
 521 2357 7 
 955 490 1 
 1126 79 6 
 1184 523 6 
 1444 2093 6 
 1541 444 8 
 1686 77 8 
 2498 2082 4 
 2311 1789 2 
 2076 930 1 
 763 567 5 
 1401 1774 7 
 2476 6 9 
 2121 2191 9 
 849 498 2 
 1591 1130 10 
 1603 1335 8 
 171 1566 10 
 1527 1562 10 
 1845 687 9 
 1390 2474 4 
 2186 2404 1 
 1248 1838 7 
 2125 2001 1 
 1166 964 8 
 2174 1007 5 
 282 188 6 
 1788 373 3 
 2173 2146 7 
 1322 265 7 
 1233 2422 5 
 2127 237 2 
 1249 1082 5 
 1575 1723 6 
 1794 1575 10 
 615 278 10 
 2440 1987 1 
 957 1707 7 
 2252 1380 6 
 436 2 5 
 517 850 1 
 1559 1475 4 
 543 1845 5 
 989 1998 2 
 1465 747 7 
 1897 1258 5 
 2037 1091 2 
 1075 1611 9 
 341 559 10 
 267 937 7 
 403 2418 5 
 404 1925 6 
 2259 1439 1 
 1133 1337 7 
 1901 1368 2 
 1433 1721 2 
 1550 2011 9 
 1066 28 10 
 1684 41 8 
 419 1402 9 
 1032 2221 6 
 2266 2204 8 
 2032 588 8 
 35 2129 6 
 1905 1512 9 
 308 1340 7 
 201 1446 8 
 631 686 4 
 1677 450 6 
 545 1845 7 
 297 454 10 
 758 178 9 
 2017 2187 6 
 1196 244 8 
 998 2485 4 
 1300 1507 6 
 31 1127 4 
 1638 1362 10 
 1896 1561 6 
 469 1124 2 
 2211 1079 8 
 60 233 8 
 160 1648 6 
 1941 1715 10 
 111 426 9 
 545 638 10 
 1962 1551 4 
 1273 478 8 
 413 1772 2 
 651 1386 10 
 1742 1985 6 
 677 2125 7 
 2253 1111 9 
 816 952 6 
 646 1259 8 
 1767 2335 8 
 1554 108 7 
 356 1936 6 
 767 1138 10 
 669 39 8 
 1144 1719 5 
 2132 1062 9 
 627 1965 9 
 1565 449 10 
 2190 1501 2 
 2154 365 3 
 2467 1394 9 
 548 1111 8 
 112 610 2 
 1205 792 9 
 39 1146 1 
 2186 2472 4 
 54 803 5 
 67 716 5 
 2476 502 4 
 423 1241 8 
 1721 1740 8 
 1956 1623 6 
 2322 2436 7 
 371 1652 8 
 2113 2217 5 
 1400 1809 9 
 64 1838 10 
 1254 515 1 
 1183 1300 4 
 975 1944 10 
 729 397 3 
 1890 2020 7 
 1336 2343 2 
 1129 2003 3 
 1628 1939 8 
 688 1819 3 
 966 767 9 
 874 703 6 
 1797 2176 4 
 2436 159 6 
 1851 1616 2 
 2438 2235 4 
 2169 1894 5 
 259 233 2 
 2024 2337 4 
 2320 1965 6 
 1478 1112 3 
 2381 1470 3 
 1940 593 7 
 117 1638 10 
 759 1655 9 
 2315 531 9 
 2069 2222 6 
 274 2122 3 
 2336 1964 1 
 1315 1531 4 
 1914 346 7 
 312 1798 5 
 2098 422 2 
 2449 1734 8 
 1505 853 1 
 1260 865 1 
 196 1061 2 
 1553 1139 10 
 1805 557 9 
 911 359 3 
 205 1938 3 
 2290 2003 9 
 733 1656 9 
 1341 1897 2 
 1483 2371 1 
 2127 1885 1 
 2028 2332 1 
 1789 2085 5 
 1977 759 3 
 584 1880 9 
 871 1754 3 
 1425 1878 5 
 611 2281 5 
 1135 233 10 
 1189 185 2 
 553 775 5 
 424 1881 5 
 153 1396 10 
 1160 1222 2 
 2474 1548 3 
 222 1682 6 
 2261 1997 2 
 1558 1735 1 
 2473 938 5 
 2230 1444 9 
 2044 1876 10 
 265 2301 1 
 780 1146 7 
 853 1350 3 
 796 821 7 
 1869 1690 1 
 341 1537 8 
 1942 673 10 
 973 1410 1 
 545 1379 10 
 48 806 2 
 661 598 6 
 547 1322 4 
 1576 1405 4 
 1155 282 8 
 593 1196 9 
 489 1410 10 
 1438 1995 1 
 223 411 10 
 241 2145 7 
 637 2394 2 
 477 1487 1 
 1746 937 6 
 2341 2427 4 
 2231 428 8 
 561 1581 9 
 216 71 5 
 2249 769 10 
 406 1369 8 
 180 216 7 
 2187 432 9 
 1304 823 3 
 1071 493 5 
 1375 775 8 
 507 1826 9 
 565 1925 5 
 1365 157 10 
 1824 2398 9 
 1715 2167 1 
 2205 1475 3 
 2021 581 7 
 1801 1728 8 
 1934 473 10 
 1562 1740 8 
 2474 336 4 
 153 1674 5 
 1730 1855 2 
 154 2265 3 
 337 1571 7 
 1558 1026 8 
 1429 1482 3 
 645 1536 10 
 1380 226 2 
 57 1760 8 
 1935 2458 7 
 1936 2080 6 
 935 2020 7 
 2172 1115 2 
 1428 1890 3 
 717 886 8 
 2218 912 7 
 584 1177 5 
 1174 368 9 
 1045 2465 9 
 1948 1914 6 
 96 1411 2 
 2240 752 10 
 465 586 7 
 40 2405 5 
 505 1551 10 
 1616 825 3 
 1346 1512 7 
 24 2201 9 
 196 1655 9 
 777 1771 3 
 1922 891 2 
 545 681 9 
 1536 1802 3 
 1063 1745 9 
 2234 2257 10 
 1846 1349 3 
 1454 544 10 
 2203 2055 6 
 1169 875 2 
 1370 1179 2 
 73 1689 3 
 886 1656 7 
 1463 430 5 
 2208 1439 1 
 1714 2117 2 
 818 113 7 
 729 1851 10 
 420 2011 8 
 867 1014 7 
 1341 1708 3 
 408 481 10 
 1511 357 4 
 992 994 6 
 269 641 5 
 2198 1438 2 
 2461 617 8 
 1518 116 8 
 1848 1357 9 
 430 2021 9 
 2031 1063 7 
 957 152 10 
 1066 956 3 
 516 71 6 
 2492 879 3 
 2307 670 4 
 1238 2284 1 
 776 1004 6 
 431 1087 8 
 1561 1639 3 
 288 1498 4 
 1875 991 1 
 829 1332 9 
 1980 823 1 
 1873 284 9 
 444 1330 2 
 1136 424 1 
 1958 1356 7 
 1844 730 9 
 739 624 9 
 238 1507 4 
 1393 204 2 
 2122 502 5 
 1329 351 9 
 1422 1319 7 
 1864 1378 8 
 731 485 10 
 207 1115 1 
 2474 166 5 
 1094 922 6 
 1210 2192 7 
 127 1241 5 
 1837 1567 10 
 1302 2129 8 
 1315 1319 9 
 1491 745 3 
 141 1262 7 
 866 384 3 
 1627 400 6 
 1929 1142 8 
 2432 1408 5 
 1321 2204 8 
 339 1289 7 
 216 1003 7 
 2420 763 5 
 1565 416 7 
 1972 935 9 
 1759 1547 5 
 1185 342 5 
 663 591 8 
 120 693 8 
 1908 1122 5 
 2397 198 7 
 2121 7 8 
 2390 1835 8 
 1403 1528 3 
 960 1769 3 
 1160 2151 6 
 1164 2312 3 
 1559 2073 10 
 1974 700 9 
 28 804 10 
 573 1616 5 
 270 43 9 
 400 258 3 
 126 2309 2 
 1312 1442 7 
 2474 2172 3 
 168 2183 10 
 1821 431 2 
 1207 2049 8 
 798 819 5 
 2220 916 4 
 1457 1116 5 
 445 84 10 
 259 783 7 
 1971 827 7 
 1068 1132 5 
 685 948 2 
 918 2116 10 
 2054 359 8 
 757 92 7 
 773 98 1 
 1232 2349 1 
 386 2006 4 
 280 316 7 
 1936 995 8 
 963 1503 3 
 2195 1618 5 
 1362 69 9 
 251 804 10 
 807 464 3 
 1264 1 9 
 2233 142 3 
 1289 1530 6 
 71 245 3 
 2394 907 6 
 2410 2123 5 
 829 52 10 
 1482 575 9 
 1614 388 5 
 706 461 5 
 456 1372 3 
 117 348 10 
 1690 191 4 
 2224 1661 8 
 1355 1623 8 
 1942 483 3 
 2210 850 10 
 406 647 9 
 1881 2271 5 
 982 2379 1 
 1174 675 6 
 233 165 3 
 2240 966 7 
 968 2348 4 
 1975 1307 2 
 907 1124 8 
 22 1870 7 
 2083 1291 8 
 49 1484 1 
 852 232 6 
 266 751 10 
 2393 1072 3 
 2416 2263 7 
 2382 2262 10 
 1916 2189 5 
 1509 633 4 
 1396 2126 6 
 862 2120 9 
 2269 2482 1 
 115 1619 9 
 154 1051 8 
 1572 1698 7 
 310 2080 6 
 827 297 2 
 2134 2075 5 
 134 1728 3 
 887 501 8 
 369 2129 1 
 2005 1740 3 
 2497 1126 8 
 1552 2313 4 
 657 1731 9 
 1330 777 3 
 1775 686 10 
 1521 127 10 
 1849 473 1 
 2486 920 10 
 220 134 9 
 1001 67 2 
 1992 2389 8 
 2233 1746 4 
 1744 1537 4 
 2212 2374 2 
 590 1819 8 
 644 785 5 
 166 243 5 
 762 409 7 
 879 674 4 
 1200 26 6 
 2281 2376 9 
 2256 1227 10 
 536 1227 9 
 1628 476 6 
 2413 1991 4 
 698 1064 4 
 2071 1043 3 
 999 742 4 
 657 755 7 
 1045 779 5 
 148 795 2 
 1118 1507 7 
 186 1588 8 
 1396 766 2 
 546 1546 5 
 1921 244 7 
 2118 1150 7 
 861 1205 8 
 84 480 7 
 2334 771 6 
 1855 1496 5 
 2012 770 6 
 897 155 10 
 1574 386 9 
 1207 1375 6 
 1153 1990 3 
 1984 349 4 
 1180 72 6 
 1142 1090 6 
 1750 1255 1 
 997 1923 6 
 768 911 9 
 1150 923 8 
 2178 607 2 
 1244 2204 9 
 2329 1959 7 
 952 1994 10 
 1141 1736 2 
 604 1250 4 
 1024 2062 4 
 1905 933 3 
 321 2452 7 
 2269 337 6 
 460 203 8 
 2278 148 8 
 720 2404 3 
 74 2319 4 
 1354 2088 4 
 1120 1214 6 
 892 704 8 
 651 1943 7 
 1309 2208 3 
 954 681 10 
 239 1306 8 
 1730 1152 6 
 716 2120 2 
 1256 2088 8 
 1744 526 8 
 490 169 4 
 1666 2356 7 
 1688 2295 8 
 1108 703 5 
 1585 2126 2 
 314 1516 8 
 452 171 2 
 166 530 9 
 1638 1684 1 
 1046 2322 3 
 776 2482 1 
 927 2090 9 
 2119 305 2 
 1767 247 1 
 1786 171 6 
 1199 773 8 
 1012 1206 1 
 360 1770 7 
 1161 1148 4 
 1656 866 3 
 66 982 9 
 564 1131 7 
 571 1761 7 
 215 698 5 
 1875 2483 4 
 2134 493 7 
 1094 485 1 
 2243 954 6 
 1799 1925 9 
 1713 1317 10 
 2021 1690 4 
 1454 2396 10 
 2417 1376 5 
 43 1028 6 
 557 784 3 
 2370 1786 5 
 305 2018 1 
 1020 1778 5 
 2216 1352 2 
 2028 1854 8 
 360 1899 10 
 367 1599 7 
 324 290 5 
 1355 2493 8 
 1981 2200 9 
 1007 797 1 
 1135 1815 9 
 348 918 4 
 907 327 9 
 1832 308 8 
 2041 2165 8 
 209 902 4 
 996 929 9 
 174 2424 2 
 229 1467 8 
 1421 618 4 
 1302 825 9 
 763 446 9 
 1581 667 2 
 370 473 7 
 1361 1725 8 
 502 1210 10 
 992 1338 2 
 1489 2217 3 
 1559 943 5 
 456 986 2 
 2039 1746 7 
 2208 1705 2 
 1970 2316 8 
 884 149 5 
 289 1961 8 
 1121 855 4 
 2443 1768 7 
 2241 897 3 
 2225 403 9 
 43 706 7 
 380 853 7 
 1033 2225 2 
 324 1128 5 
 1521 510 10 
 1220 545 5 
 863 750 3 
 1274 907 5 
 612 1610 3 
 1899 2234 6 
 1287 2206 9 
 1075 1371 6 
 1072 647 6 
 352 668 5 
 955 264 2 
 88 1220 3 
 1218 1355 7 
 1605 1686 1 
 1251 1893 2 
 743 2070 10 
 402 1886 2 
 1836 80 3 
 2165 896 8 
 714 2336 7 
 2075 2425 4 
 903 911 4 
 1701 1448 5 
 331 1211 2 
 2170 293 4 
 230 1805 7 
 298 916 7 
 489 1657 3 
 2315 1622 8 
 1899 1874 9 
 2314 1576 4 
 1850 1025 1 
 1136 2495 8 
 493 2148 6 
 700 1459 9 
 1302 1989 2 
 515 638 1 
 2447 2060 2 
 2405 1397 6 
 804 2459 5 
 1110 1710 3 
 270 382 6 
 585 992 6 
 643 1774 8 
 1185 2311 1 
 2047 436 8 
 603 2110 7 
 130 787 9 
 406 499 4 
 2473 1161 7 
 1461 2364 2 
 313 275 9 
 676 2247 2 
 1479 250 3 
 2178 2253 3 
 2044 995 2 
 1538 2078 8 
 599 2347 8 
 1418 1135 6 
 549 1092 1 
 2155 1741 9 
 1990 786 8 
 2056 1234 6 
 1395 2068 7 
 1560 866 3 
 1105 1461 9 
 2145 1233 3 
 2185 1089 3 
 1983 1871 3 
 686 266 3 
 2486 1635 6 
 1533 1256 1 
 1725 2072 3 
 1861 1021 9 
 2236 1674 7 
 1978 2130 5 
 1581 478 7 
 2346 1165 5 
 1794 2330 6 
 1468 508 8 
 1380 2134 3 
 706 1730 5 
 1593 1033 6 
 1683 2323 8 
 2250 851 4 
 1815 2414 9 
 2183 1331 4 
 1119 2353 5 
 1430 1548 9 
 962 108 9 
 1574 2157 7 
 2151 1926 6 
 231 868 4 
 370 179 6 
 134 2015 4 
 2365 1719 8 
 2092 1736 8 
 1389 1497 1 
 1863 725 2 
 2243 1496 4 
 818 1588 1 
 1444 211 1 
 134 1355 7 
 2243 921 3 
 664 528 1 
 1519 156 8 
 527 151 8 
 1214 1433 1 
 813 2354 2 
 1025 127 8 
 1154 1613 5 
 1180 2374 4 
 66 1476 5 
 2047 568 1 
 703 2075 6 
 2349 135 5 
 686 322 7 
 637 1899 6 
 620 104 5 
 916 2449 8 
 552 831 8 
 1566 541 9 
 920 1226 6 
 104 164 10 
 1485 1033 9 
 1327 820 3 
 2416 58 6 
 1407 347 4 
 129 2276 1 
 278 2199 4 
 1190 783 1 
 293 529 2 
 1709 601 3 
 392 2250 5 
 1419 1893 9 
 944 354 5 
 1478 1207 5 
 1036 1533 9 
 1214 2035 5 
 417 972 4 
 1137 1959 8 
 1118 1594 4 
 1997 764 10 
 1431 1911 7 
 1969 2292 4 
 568 835 4 
 265 118 2 
 176 1006 5 
 1943 2149 9 
 2295 1079 5 
 1947 662 8 
 1364 2056 6 
 1215 1327 8 
 1574 1035 4 
 637 903 4 
 374 2347 10 
 2303 141 6 
 948 1698 7 
 1460 2495 7 
 2400 1499 9 
 41 2485 2 
 1992 233 9 
 458 194 3 
 1988 849 2 
 1686 2367 3 
 1285 2430 7 
 1333 1148 9 
 1569 1309 5 
 730 2470 6 
 1211 545 8 
 2045 342 3 
 987 614 1 
 2487 1227 3 
 217 1758 3 
 885 1780 6 
 227 2050 1 
 948 1270 1 
 1742 283 1 
 1533 1073 1 
 1138 995 6 
 2305 199 8 
 2464 876 9 
 1320 1305 3 
 100 1048 10 
 375 277 9 
 1441 2423 1 
 1547 905 1 
 1530 1920 8 
 2249 353 2 
 1246 1523 6 
 2105 1914 4 
 1422 1423 8 
 2230 2328 1 
 766 864 3 
 1322 350 7 
 263 1647 9 
 1910 2076 7 
 1348 1373 7 
 1372 2268 1 
 589 1014 1 
 1631 2406 2 
 1740 531 3 
 366 791 2 
 910 1373 5 
 865 118 4 
 2442 1568 5 
 1281 1076 6 
 2 411 2 
 1501 2194 7 
 305 1035 1 
 5 880 7 
 1188 429 9 
 2446 2176 2 
 1985 1620 4 
 868 2135 3 
 816 1901 7 
 2130 1445 6 
 1572 1311 6 
 1975 615 7 
 1548 1747 7 
 367 1186 1 
 1217 1668 7 
 1935 2113 8 
 197 351 10 
 2394 1716 7 
 616 1897 8 
 2095 1826 3 
 2376 2218 5 
 276 1721 3 
 2343 864 6 
 762 2383 1 
 864 302 9 
 1632 941 9 
 2401 2386 5 
 2495 264 7 
 2361 1607 8 
 1310 1461 8 
 2327 1024 2 
 2087 1515 8 
 2175 836 2 
 1246 484 9 
 675 1439 4 
 380 1168 6 
 2223 1793 5 
 2321 2044 4 
 1392 1604 10 
 2109 676 9 
 1351 1197 5 
 1656 2390 9 
 2278 731 6 
 2372 2245 10 
 2460 252 10 
 1059 2343 1 
 2301 552 10 
 1628 141 7 
 518 544 7 
 977 843 5 
 144 2189 7 
 1091 369 1 
 1053 418 7 
 2336 1138 10 
 2290 629 8 
 1309 1376 3 
 209 2246 1 
 1463 1037 3 
 519 5 3 
 2345 937 8 
 2151 1856 6 
 435 519 9 
 612 2409 3 
 1054 712 4 
 182 1686 7 
 1102 577 9 
 2397 2491 4 
 2035 1827 2 
 2157 7 5 
 1877 937 1 
 1086 839 4 
 1992 41 9 
 1496 1646 10 
 588 850 8 
 16 1610 2 
 1696 2175 5 
 355 1190 1 
 2032 1272 5 
 763 1974 8 
 196 2128 6 
 2143 1085 1 
 325 872 10 
 2382 2231 4 
 478 2307 4 
 2237 1000 8 
 546 26 8 
 355 306 2 
 883 688 2 
 2200 1306 2 
 607 1501 10 
 2234 1533 3 
 1813 64 1 
 34 803 9 
 1029 1790 4 
 1953 2465 4 
 588 638 8 
 991 891 4 
 659 1165 5 
 630 1326 9 
 4 497 6 
 1596 76 1 
 77 1539 7 
 2182 2496 1 
 73 2134 8 
 535 2105 3 
 1347 223 4 
 2415 64 7 
 551 446 10 
 737 2056 9 
 1811 446 3 
 1979 2389 6 
 94 405 2 
 1669 1941 10 
 2023 2469 6 
 2174 1802 10 
 638 1866 2 
 1935 1341 6 
 1828 942 5 
 2403 1620 10 
 539 2170 4 
 1690 478 3 
 1726 1388 5 
 42 1444 3 
 420 436 8 
 2360 2376 5 
 1234 524 9 
 2049 1025 7 
 931 1006 3 
 91 267 2 
 1246 786 4 
 1682 1781 5 
 1468 1471 4 
 2106 2130 2 
 2258 947 5 
 521 2050 3 
 1826 896 9 
 2006 608 8 
 417 1649 7 
 2097 511 5 
 1085 926 6 
 1726 1129 1 
 1828 1874 2 
 1653 2131 1 
 2224 1909 4 
 2385 2274 9 
 1944 2200 1 
 1098 2192 7 
 35 403 5 
 2168 2040 3 
 956 776 4 
 2213 744 3 
 263 1968 5 
 70 1457 8 
 1538 1014 6 
 1642 938 8 
 1711 1497 8 
 1083 1479 7 
 794 1469 10 
 1680 1074 4 
 723 1453 1 
 2452 1576 9 
 1696 1263 8 
 1066 2032 10 
 248 1507 8 
 1099 1346 6 
 794 2003 3 
 1338 1622 2 
 585 581 1 
 691 412 7 
 560 192 3 
 1787 2098 9 
 1141 2129 9 
 122 637 8 
 577 1336 3 
 1425 578 9 
 813 388 9 
 102 515 3 
 480 1765 10 
 2432 495 5 
 584 59 1 
 1023 2412 3 
 2266 697 6 
 860 858 7 
 864 1948 2 
 241 303 6 
 625 2064 9 
 56 1659 4 
 1417 1131 8 
 620 855 7 
 1871 2350 9 
 1168 2456 1 
 1901 1971 8 
 754 1802 6 
 2270 1617 8 
 1192 1814 1 
 935 798 2 
 1895 1595 3 
 313 2103 9 
 9 619 7 
 1096 1834 7 
 978 1979 1 
 1185 707 4 
 370 172 5 
 2185 308 5 
 2051 2344 10 
 2275 1417 2 
 2425 684 10 
 1344 2454 5 
 1013 473 1 
 314 1148 4 
 390 1043 8 
 1515 1808 4 
 1416 2174 9 
 932 1756 10 
 963 1984 5 
 1071 1322 5 
 1945 2199 8 
 2253 46 1 
 695 2367 3 
 2450 59 7 
 1997 1932 9 
 2107 694 6 
 373 300 2 
 1270 1885 3 
 2380 972 7 
 1752 1628 7 
 2362 1291 6 
 1943 1327 4 
 535 1409 7 
 797 1022 10 
 1842 1339 6 
 1058 83 2 
 1231 2430 8 
 54 2260 4 
 2404 1911 5 
 2459 1013 7 
 401 500 10 
 1241 2172 10 
 958 1895 8 
 1870 1678 5 
 1662 345 4 
 591 1453 4 
 1570 896 2 
 2395 1301 1 
 1143 31 4 
 1539 1362 5 
 879 1249 10 
 628 580 1 
 1669 2307 6 
 1997 825 5 
 2316 1161 1 
 1346 720 9 
 1513 1206 5 
 14 179 8 
 774 322 2 
 1230 1170 3 
 1341 2080 10 
 1603 538 7 
 2308 1983 6 
 248 385 8 
 292 960 1 
 918 1201 2 
 896 141 10 
 1697 661 8 
 1667 1274 2 
 1249 511 7 
 290 1297 4 
 1465 2424 7 
 445 374 5 
 1605 1023 7 
 2312 1776 8 
 1418 878 8 
 2458 2415 10 
 68 1871 7 
 493 2257 7 
 478 2113 10 
 1236 2281 3 
 1861 559 4 
 1285 2053 5 
 1532 87 4 
 2390 1482 4 
 729 45 2 
 1339 1607 2 
 1556 1570 7 
 2316 2212 8 
 1190 877 7 
 566 578 7 
 1752 1911 9 
 9 507 2 
 1533 2155 1 
 1660 1897 2 
 1955 2028 3 
 985 1398 10 
 1561 476 7 
 2449 1380 8 
 1149 259 5 
 598 2476 1 
 1731 445 1 
 373 661 8 
 580 1151 6 
 1348 1685 6 
 1365 368 6 
 1342 1839 5 
 1280 1253 10 
 265 1422 7 
 1467 356 9 
 1132 2273 1 
 2305 1642 8 
 1900 2454 5 
 1151 1683 10 
 1817 2471 8 
 2411 610 4 
 301 345 2 
 836 1585 10 
 1804 2407 6 
 1166 2486 10 
 1218 1360 2 
 577 1539 7 
 1626 1095 8 
 72 147 7 
 1928 885 1 
 2212 417 6 
 2365 782 7 
 1550 2058 9 
 2372 1569 9 
 1462 1905 6 
 523 1473 3 
 2153 164 3 
 1394 1554 10 
 1233 2021 6 
 1233 172 5 
 1612 540 9 
 447 557 8 
 1329 358 9 
 2354 2076 1 
 1385 309 10 
 541 733 8 
 2083 1952 5 
 1918 1037 5 
 2214 133 9 
 1619 1974 4 
 369 1227 8 
 2364 307 4 
 1647 214 5 
 950 1640 5 
 2088 2120 2 
 1455 1604 4 
 396 372 8 
 1622 115 10 
 2424 418 3 
 1445 1232 10 
 1765 195 6 
 568 1527 10 
 1532 194 4 
 2038 170 6 
 1093 2 5 
 1151 1111 6 
 2237 2429 3 
 1618 143 5 
 2241 1605 2 
 308 1464 1 
 2083 520 6 
 2497 34 9 
 2129 1340 2 
 730 1093 9 
 1990 1007 7 
 2451 136 8 
 1166 1049 6 
 2047 1251 8 
 1234 1487 5 
 1839 16 3 
 380 339 4 
 427 1778 1 
 2469 706 7 
 1352 1778 5 
 476 106 5 
 1152 1228 2 
 779 1486 2 
 424 288 8 
 1405 625 10 
 402 737 2 
 552 210 9 
 1654 1927 9 
 152 2455 2 
 1245 1562 3 
 1994 625 10 
 541 1426 8 
 852 200 5 
 1755 1864 2 
 174 2190 5 
 1293 287 1 
 1007 830 7 
 1217 2438 6 
 1409 667 8 
 2136 1947 1 
 988 223 9 
 856 1523 9 
 917 1205 6 
 1494 387 2 
 1247 2133 8 
 2221 520 10 
 1346 1305 7 
 1255 973 6 
 2297 1286 9 
 1970 2275 5 
 1946 684 8 
 1881 1324 1 
 663 198 6 
 309 518 7 
 1253 1828 1 
 883 560 8 
 789 1456 6 
 2316 1595 2 
 1613 2408 4 
 652 324 2 
 1518 2183 8 
 1205 758 7 
 1737 1003 8 
 1288 1806 6 
 1389 1998 3 
 930 102 4 
 2283 2021 2 
 1105 1482 10 
 1934 1408 1 
 2280 765 9 
 727 2059 9 
 2229 2327 1 
 1562 1153 7 
 215 2430 3 
 650 2155 1 
 1154 361 10 
 944 1524 1 
 723 2024 5 
 169 1546 7 
 2441 409 2 
 2208 1130 6 
 1859 1605 7 
 1136 469 10 
 712 55 8 
 1744 1895 2 
 1148 345 5 
 2303 541 8 
 179 252 2 
 2285 1059 10 
 1956 2039 4 
 1366 1059 7 
 341 1784 8 
 1154 1746 3 
 369 2046 7 
 1692 1688 7 
 2281 1028 6 
 2084 1533 1 
 1104 2090 4 
 1604 1589 9 
 900 2125 5 
 1297 1257 9 
 2002 1517 3 
 415 869 5 
 714 2275 6 
 156 2107 5 
 1525 2032 10 
 2098 220 9 
 566 2079 9 
 1598 1098 6 
 1138 2176 1 
 1622 454 2 
 2362 2011 7 
 481 1632 4 
 2303 2234 2 
 781 966 10 
 101 330 2 
 338 616 10 
 2375 1294 10 
 964 2000 7 
 2443 1902 4 
 2156 134 8 
 746 1856 1 
 1459 951 6 
 1955 1778 6 
 221 1351 2 
 248 1732 9 
 1372 67 4 
 1869 841 8 
 1104 124 9 
 48 454 6 
 1768 716 8 
 1444 203 3 
 1639 1903 7 
 2228 220 4 
 1568 348 9 
 1609 1814 4 
 2123 2150 6 
 968 1046 6 
 955 1681 8 
 1095 766 4 
 717 2243 10 
 843 13 2 
 279 2230 8 
 169 2097 8 
 2426 1719 4 
 541 858 3 
 2343 701 4 
 2498 1472 6 
 1532 536 3 
 738 470 7 
 1183 576 1 
 1175 997 10 
 2283 2263 3 
 1470 285 6 
 1719 202 2 
 997 165 10 
 927 756 3 
 1014 2412 5 
 800 1551 7 
 1733 111 1 
 1829 1770 6 
 1820 1378 6 
 820 1351 8 
 2421 193 6 
 2313 2461 3 
 528 970 1 
 232 111 2 
 1209 875 1 
 678 1357 7 
 871 2117 6 
 2112 1916 2 
 188 939 3 
 1949 2427 5 
 425 1981 10 
 517 1922 3 
 2401 1064 1 
 101 1059 7 
 2147 2081 1 
 574 581 7 
 309 2333 7 
 764 11 9 
 901 2371 10 
 1653 307 4 
 266 947 9 
 1650 344 9 
 1597 445 10 
 1399 1274 2 
 488 38 8 
 1195 1745 5 
 1262 1057 3 
 604 2098 2 
 826 707 9 
 20 1507 1 
 1963 1804 1 
 935 776 5 
 1465 2096 4 
 1023 2021 4 
 578 1527 7 
 2320 265 9 
 1681 895 5 
 1012 2413 6 
 1503 2087 6 
 1833 1842 10 
 486 863 1 
 2389 448 10 
 56 584 4 
 1133 45 10 
 1156 1332 10 
 311 1594 1 
 1000 1888 4 
 2208 152 3 
 458 2192 5 
 973 1882 2 
 2272 342 5 
 1468 1242 10 
 2232 1304 7 
 2332 1625 4 
 357 216 10 
 2171 535 4 
 1404 691 2 
 2358 1324 10 
 2498 976 8 
 1332 1675 9 
 156 1566 10 
 465 1243 10 
 1697 93 9 
 886 1904 3 
 839 1372 9 
 1880 590 7 
 161 1149 3 
 2000 2131 1 
 2076 1418 9 
 14 887 7 
 476 1959 7 
 1409 1165 5 
 1284 1563 6 
 1852 2180 4 
 1084 838 9 
 1592 2498 9 
 668 746 5 
 99 431 5 
 1323 1880 10 
 1835 883 8 
 677 601 1 
 818 1264 6 
 1524 629 9 
 1080 868 7 
 110 65 5 
 2344 2259 6 
 906 1703 4 
 1670 209 7 
 1742 45 7 
 1827 8 10 
 762 2463 5 
 1124 2325 4 
 2006 1366 10 
 2234 31 5 
 976 2491 6 
 1745 1198 2 
 2034 1390 9 
 551 2031 4 
 22 1757 6 
 2135 1900 3 
 904 1348 3 
 1214 988 7 
 933 806 7 
 1995 539 9 
 2296 1611 4 
 2057 1246 9 
 1809 2400 5 
 442 1688 6 
 1391 1496 7 
 1306 2487 5 
 736 2246 9 
 1451 2413 10 
 2047 1753 10 
 2004 1019 1 
 450 1692 3 
 535 552 5 
 1433 1357 7 
 1815 1572 10 
 1809 490 3 
 1430 1746 2 
 390 239 4 
 1644 1661 7 
 1542 1948 7 
 2012 952 2 
 2094 2398 7 
 2025 2343 3 
 691 585 7 
 1069 950 2 
 1895 583 7 
 1077 1602 10 
 310 1738 2 
 31 1502 4 
 2051 2340 9 
 2206 2148 8 
 134 2158 5 
 1577 2391 4 
 2136 280 3 
 1955 258 5 
 1467 2482 3 
 2374 593 8 
 1461 1495 4 
 233 1684 2 
 63 1856 2 
 1897 792 6 
 2451 1283 10 
 1558 1090 5 
 1055 497 6 
 2020 1107 4 
 1100 792 7 
 114 992 3 
 1409 1901 2 
 1322 2060 8 
 1319 180 9 
 2456 1649 9 
 1464 476 1 
 1562 1121 5 
 1967 930 5 
 1879 514 4 
 1663 855 3 
 1518 93 1 
 400 469 4 
 903 992 1 
 1864 1363 5 
 2203 791 8 
 76 887 1 
 1869 1408 6 
 2201 950 1 
 1429 1054 4 
 1701 121 6 
 2488 1273 7 
 103 2124 3 
 644 1123 3 
 975 1871 2 
 1254 2113 9 
 1403 1127 10 
 1052 286 4 
 1120 66 6 
 623 2054 5 
 1286 486 8 
 1707 1238 2 
 1276 2224 7 
 843 1319 10 
 1927 1334 7 
 1694 573 1 
 173 645 5 
 1969 400 7 
 213 2422 5 
 701 1904 1 
 2362 2293 1 
 2111 923 8 
 83 1544 9 
 1014 1807 9 
 2106 1113 1 
 556 2203 4 
 2122 1321 4 
 2252 2100 8 
 2318 804 7 
 290 1325 4 
 209 991 5 
 855 1245 4 
 778 1851 8 
 1539 316 6 
 1282 1110 1 
 1561 2202 4 
 671 903 5 
 312 482 9 
 2187 1646 7 
 2205 523 8 
 730 100 9 
 1262 584 5 
 2373 1929 7 
 2412 1963 8 
 1970 2207 4 
 455 30 10 
 791 109 10 
 1958 358 3 
 2155 205 6 
 156 126 8 
 302 348 8 
 1117 1452 4 
 966 2420 4 
 1622 1466 10 
 1421 1285 6 
 595 1469 8 
 133 1163 1 
 1321 846 2 
 135 1129 10 
 2065 780 3 
 1684 902 5 
 2339 425 7 
 494 435 4 
 867 631 6 
 946 65 5 
 647 59 1 
 164 1512 2 
 1043 80 8 
 32 1904 10 
 796 2360 3 
 198 48 9 
 137 1501 2 
 2025 2445 7 
 1264 1832 2 
 265 2156 4 
 2081 2014 8 
 2267 2140 5 
 514 1118 3 
 1681 1820 1 
 619 890 4 
 1192 1970 2 
 1225 2216 8 
 2189 988 3 
 2226 296 3 
 2108 822 3 
 588 314 7 
 323 1987 4 
 2460 2457 1 
 191 2457 5 
 928 1355 8 
 683 2443 10 
 1332 1707 8 
 85 366 5 
 2354 1190 10 
 1702 261 10 
 1816 1499 7 
 2268 2266 5 
 980 663 5 
 1921 2362 8 
 748 871 2 
 2302 50 1 
 1802 2205 6 
 2080 1159 4 
 2388 1438 2 
 990 2245 6 
 1959 1213 10 
 1168 674 10 
 592 1706 1 
 2229 615 9 
 1078 2482 8 
 317 1687 2 
 1751 2388 3 
 396 1154 8 
 2345 281 5 
 2251 2363 3 
 214 1868 9 
 852 14 7 
 543 963 10 
 1472 976 3 
 718 2302 1 
 2138 1699 10 
 2250 1604 10 
 2483 2231 5 
 385 1771 6 
 46 1817 4 
 2479 587 8 
 1048 761 8 
 2465 1539 9 
 1267 1210 5 
 1060 1294 4 
 510 468 6 
 1276 311 5 
 1411 650 4 
 1277 2182 6 
 315 390 1 
 726 2478 6 
 1055 811 6 
 1547 618 9 
 1192 1666 2 
 2378 294 7 
 457 960 6 
 224 845 5 
 2459 1434 4 
 422 1774 4 
 1316 961 8 
 1624 1378 4 
 1103 2035 6 
 1646 256 7 
 1504 1389 6 
 1840 1071 10 
 1436 2396 3 
 2320 1700 1 
 1584 1706 1 
 5 1953 7 
 516 843 6 
 1355 846 8 
 1974 2078 3 
 2119 631 3 
 318 1039 5 
 510 1210 8 
 195 584 1 
 1253 2288 8 
 299 2352 1 
 2437 755 7 
 825 1366 3 
 1543 2273 10 
 1182 392 9 
 307 1755 2 
 343 2277 8 
 1426 1535 7 
 87 1371 7 
 2374 1798 2 
 2323 1470 9 
 2198 1715 8 
 1641 2154 10 
 2054 214 3 
 1970 1792 10 
 354 383 5 
 2279 1488 3 
 1645 180 9 
 547 30 4 
 985 90 5 
 1484 368 9 
 701 1366 3 
 1533 2223 7 
 465 1196 8 
 2439 2461 7 
 154 1222 3 
 2098 636 1 
 1042 1496 9 
 1580 1511 4 
 2041 224 7 
 91 1491 4 
 10 496 9 
 539 2325 4 
 591 388 1 
 1796 877 4 
 2213 1671 3 
 1189 1968 3 
 1534 290 2 
 1455 2331 1 
 533 77 9 
 1595 352 2 
 277 1810 10 
 1355 842 8 
 1701 1888 6 
 1630 199 9 
 743 2281 4 
 1174 1266 6 
 2006 40 3 
 1252 1650 10 
 1646 1700 7 
 1469 974 6 
 374 674 10 
 1388 1403 5 
 2103 1746 10 
 1561 313 3 
 1679 1926 6 
 1608 425 7 
 1770 532 5 
 1060 787 4 
 1100 2157 7 
 143 1921 5 
 2454 624 9 
 125 2265 7 
 1871 279 1 
 193 1700 10 
 560 2173 9 
 1037 1490 9 
 474 1468 3 
 1983 1742 3 
 2106 2265 7 
 1295 1510 8 
 192 1438 8 
 390 642 8 
 633 271 2 
 1301 1297 3 
 1812 1986 9 
 1112 1067 4 
 1511 1704 9 
 1657 70 9 
 487 1667 10 
 2317 2036 9 
 1713 2144 10 
 1524 1917 9 
 392 1393 7 
 1692 1081 7 
 2104 577 2 
 2038 311 1 
 1695 322 1 
 1700 2450 2 
 1393 640 8 
 688 996 9 
 1591 1072 7 
 2218 2355 4 
 1308 1461 1 
 733 1599 5 
 2224 177 3 
 614 1627 5 
 2108 15 1 
 305 687 9 
 1268 1131 3 
 1240 1591 6 
 1769 2124 1 
 933 567 3 
 1971 1249 9 
 627 272 7 
 1243 232 1 
 1344 1909 5 
 534 1532 9 
 600 1302 10 
 1508 1224 4 
 1968 1128 9 
 155 1529 9 
 816 1035 6 
 2432 267 3 
 397 2366 3 
 1411 721 7 
 1961 2478 1 
 2339 801 6 
 883 858 4 
 2298 338 3 
 434 724 5 
 1348 13 10 
 1413 1432 7 
 758 1910 7 
 2329 2276 3 
 1121 79 7 
 545 2499 4 
 1323 236 10 
 1077 2071 8 
 994 2164 10 
 405 1634 10 
 2348 1260 10 
 2021 2325 10 
 2257 2043 1 
 509 411 4 
 1041 1360 1 
 1095 189 3 
 2383 89 3 
 1985 2116 7 
 985 1576 1 
 1578 900 10 
 167 1556 9 
 2166 2080 2 
 89 375 7 
 721 2321 10 
 1373 139 1 
 785 1737 9 
 660 2324 3 
 11 1360 8 
 2410 1329 6 
 361 1493 10 
 751 2313 2 
 2400 1885 10 
 1362 2073 3 
 367 714 9 
 905 1808 10 
 434 51 9 
 117 2498 10 
 2092 2054 10 
 62 5 7 
 2156 1914 6 
 2090 1832 4 
 2096 118 3 
 1719 150 10 
 619 1633 10 
 2432 2244 6 
 1671 1612 5 
 52 29 9 
 1962 1049 1 
 1856 1789 4 
 1597 435 7 
 209 2342 2 
 363 1222 9 
 789 1944 5 
 803 1098 5 
 117 1138 8 
 65 2408 4 
 1620 2252 6 
 892 1399 6 
 1483 1628 9 
 2113 625 6 
 2005 657 8 
 1424 1324 6 
 2045 994 5 
 982 1884 4 
 2139 2015 6 
 136 344 8 
 2166 2176 8 
 1277 499 6 
 1419 400 3 
 1315 2033 3 
 11 2189 2 
 1962 200 8 
 2077 46 2 
 1427 442 3 
 2459 1624 1 
 370 1285 7 
 1114 1660 2 
 61 985 3 
 1011 1525 10 
 631 2393 2 
 854 22 2 
 1131 868 8 
 1633 930 6 
 1696 918 1 
 1085 2326 5 
 700 1008 5 
 1106 2300 10 
 1730 1820 8 
 2376 1856 6 
 1340 657 7 
 2480 1186 4 
 1664 1513 1 
 695 832 7 
 579 2266 1 
 1656 476 1 
 1888 731 7 
 2264 2110 2 
 679 1836 8 
 2387 2034 9 
 974 444 7 
 1185 2214 2 
 849 292 3 
 206 1975 9 
 226 1003 8 
 1707 723 6 
 1972 260 5 
 2428 1671 3 
 1449 1089 8 
 114 1456 10 
 331 235 1 
 165 148 3 
 1696 1716 5 
 646 2383 9 
 1996 2009 10 
 1144 1548 2 
 2064 2355 10 
 163 2090 3 
 1004 1739 10 
 2008 1920 7 
 2076 2416 10 
 1632 2032 10 
 1491 1690 7 
 1529 2325 9 
 1355 1565 7 
 444 1775 6 
 1809 1853 5 
 1313 1045 6 
 780 2123 8 
 923 483 9 
 1911 1544 5 
 661 1393 3 
 813 2266 2 
 686 804 7 
 2112 508 5 
 695 2014 7 
 234 1933 2 
 131 470 7 
 1486 1854 10 
 1357 1363 9 
 1638 2111 8 
 2456 1398 5 
 1204 1678 3 
 900 1163 6 
 990 904 9 
 80 513 3 
 2097 1337 1 
 1807 786 4 
 240 1057 5 
 1951 448 10 
 537 1092 7 
 1156 2325 10 
 2435 828 7 
 912 1471 8 
 185 927 3 
 2188 585 1 
 1293 1847 7 
 801 949 9 
 1023 615 4 
 267 453 5 
 3 454 4 
 1446 868 2 
 1952 683 9 
 1974 2172 8 
 792 474 10 
 2337 263 9 
 1165 237 8 
 351 573 2 
 1118 1275 8 
 1308 620 10 
 479 2366 9 
 317 1065 1 
 571 1646 6 
 797 1572 6 
 569 1027 7 
 2142 1147 6 
 1251 66 8 
 1416 2214 7 
 43 2214 5 
 2216 431 5 
 55 646 4 
 78 891 7 
 2440 1327 7 
 1834 471 2 
 944 542 9 
 2084 2004 3 
 893 1873 3 
 2490 2453 5 
 617 928 3 
 1794 880 10 
 550 1525 1 
 2080 2088 2 
 1920 207 5 
 668 832 5 
 1036 543 2 
 505 1659 3 
 375 1279 8 
 2168 1799 6 
 879 2283 4 
 1430 347 8 
 491 1256 6 
 2473 1479 8 
 195 465 3 
 1075 934 8 
 2460 2453 6 
 1042 1960 10 
 624 2258 2 
 2265 247 4 
 1873 1241 8 
 1969 2047 5 
 11 1073 3 
 973 314 8 
 400 799 5 
 1688 2264 1 
 96 1574 9 
 2087 1462 5 
 2239 115 10 
 1249 833 1 
 1281 1875 8 
 1106 874 4 
 82 614 3 
 2016 2034 7 
 1168 1527 3 
 1906 73 2 
 1346 236 7 
 1611 990 7 
 1089 405 2 
 1542 1002 10 
 1481 175 8 
 1241 1231 7 
 1877 1891 3 
 896 440 8 
 2443 2453 9 
 2185 1314 7 
 15 1964 3 
 331 204 9 
 2290 1244 10 
 1151 2366 6 
 544 2037 1 
 1013 1359 3 
 273 1993 6 
 1578 396 3 
 2281 2301 10 
 2302 1207 1 
 2446 708 3 
 210 1431 9 
 1849 1060 3 
 1303 231 10 
 2495 13 3 
 2185 13 7 
 2190 340 8 
 904 2064 5 
 619 944 10 
 1909 1041 6 
 1677 117 10 
 1792 1271 10 
 2084 419 4 
 1986 182 4 
 968 642 7 
 2042 1248 6 
 1193 27 4 
 1013 583 4 
 2272 2266 3 
 1003 1503 3 
 880 1827 9 
 437 62 9 
 1762 1886 7 
 1341 267 4 
 495 1434 1 
 152 187 2 
 1703 1218 9 
 1923 1216 2 
 2345 1385 2 
 892 1021 10 
 1934 820 10 
 299 248 6 
 1598 548 10 
 2067 48 6 
 2010 658 6 
 1044 1396 9 
 2320 590 5 
 1881 641 5 
 1031 889 2 
 2387 1102 1 
 377 1943 10 
 2242 1771 5 
 1009 12 7 
 1483 1706 10 
 62 703 3 
 1018 1639 1 
 2362 1026 2 
 2318 1915 4 
 1702 2173 2 
 144 1280 9 
 1195 904 3 
 1630 1542 8 
 720 1891 5 
 843 259 6 
 932 465 7 
 416 1532 10 
 1114 143 5 
 2333 1045 8 
 425 919 2 
 261 889 8 
 2032 840 1 
 480 2076 5 
 707 2360 10 
 1807 1412 2 
 1669 956 5 
 2329 429 5 
 654 261 9 
 140 2267 10 
 2500 1205 1 
 624 1785 2 
 2093 2470 1 
 2006 1315 10 
 236 2129 6 
 283 1765 2 
 376 2375 6 
 2234 2399 1 
 571 29 4 
 2085 112 1 
 1363 1725 1 
 1359 2111 10 
 2469 528 4 
 252 1445 5 
 1107 1747 7 
 1876 2389 3 
 1937 1014 3 
 2390 212 7 
 2334 606 9 
 809 1588 4 
 914 1964 6 
 1645 2266 7 
 776 661 10 
 1458 706 3 
 2482 2379 3 
 758 612 8 
 2027 1434 10 
 435 1021 1 
 1288 511 1 
 1818 529 3 
 2201 1965 10 
 1535 1526 3 
 95 454 7 
 1667 1630 3 
 1262 1902 7 
 367 2457 4 
 302 1285 9 
 1171 1512 10 
 455 1620 8 
 1128 2115 10 
 2108 139 7 
 1187 2492 6 
 696 1994 9 
 787 1679 7 
 2119 1196 3 
 608 2301 9 
 1402 660 8 
 920 1833 9 
 1461 2353 5 
 766 1879 3 
 139 1778 2 
 1485 2138 7 
 2002 1984 3 
 1287 1708 4 
 2402 1076 9 
 68 2085 6 
 1323 1745 6 
 238 553 7 
 1689 1997 8 
 1699 787 7 
 29 1231 7 
 654 510 4 
 292 1585 4 
 900 1068 10 
 2386 57 10 
 464 859 5 
 162 374 2 
 316 167 6 
 2372 2478 7 
 1974 1583 2 
 1122 2280 6 
 909 2031 9 
 1817 1768 5 
 1225 1896 4 
 116 1566 3 
 2440 2394 7 
 61 91 9 
 1786 1167 4 
 805 1726 2 
 624 1421 1 
 424 1423 5 
 1751 986 1 
 2355 357 5 
 771 2241 1 
 401 559 5 
 1000 1947 3 
 892 1196 6 
 1717 1276 8 
 23 1416 1 
 2096 1648 5 
 1718 812 1 
 1800 902 5 
 1767 2070 4 
 744 922 4 
 1450 984 6 
 1994 1004 8 
 1179 2360 5 
 973 750 6 
 2200 1382 10 
 2405 1722 2 
 881 850 4 
 957 114 9 
 1208 455 3 
 314 2310 8 
 34 713 6 
 2108 233 2 
 2468 2231 8 
 2097 1693 7 
 330 1068 6 
 747 1065 2 
 1048 1859 1 
 2408 2421 4 
 1762 2297 1 
 1686 1872 5 
 2203 1418 1 
 2391 328 4 
 609 2358 1 
 2042 2308 3 
 698 298 3 
 573 24 4 
 2367 985 1 
 1563 1901 9 
 2380 1003 4 
 40 661 3 
 264 426 1 
 2221 2481 7 
 33 1222 6 
 1287 335 2 
 2452 1477 6 
 1536 1015 10 
 534 122 3 
 242 580 1 
 2325 1651 3 
 2028 638 6 
 814 2317 10 
 2418 592 6 
 1428 1294 10 
 1675 1750 6 
 407 2121 3 
 1827 1443 9 
 163 2060 8 
 2376 1922 3 
 1845 1243 6 
 874 2443 9 
 667 2436 8 
 5 2054 4 
 1419 1968 9 
 1383 13 1 
 1140 2150 5 
 2371 1253 6 
 574 1830 1 
 2315 641 3 
 2021 2443 9 
 1634 976 9 
 2367 811 5 
 2361 1629 2 
 1978 1661 5 
 1327 2447 4 
 1971 1532 7 
 1843 778 10 
 1356 569 10 
 318 2348 1 
 450 1816 2 
 730 2212 5 
 657 47 10 
 1895 276 4 
 1148 2198 7 
 985 2403 4 
 255 2192 9 
 2442 49 4 
 1293 180 7 
 973 1752 2 
 796 1718 1 
 2462 874 8 
 2150 2088 3 
 1693 237 5 
 389 1158 5 
 1347 1522 8 
 459 622 6 
 2398 2197 4 
 1027 2366 9 
 2012 1617 4 
 1576 1906 5 
 118 490 2 
 1710 324 4 
 2095 2081 4 
 2138 35 6 
 1024 839 7 
 1101 1616 7 
 2239 107 9 
 2301 1604 6 
 1461 1272 8 
 76 247 10 
 331 1212 5 
 1152 1489 6 
 1673 1215 2 
 1161 166 2 
 2404 770 4 
 1912 240 3 
 2331 970 9 
 2200 2169 6 
 1666 1080 2 
 235 832 5 
 776 2315 1 
 489 1570 9 
 2124 1676 7 
 205 708 6 
 1246 1139 6 
 893 1738 9 
 2226 1762 1 
 626 1233 5 
 383 952 6 
 625 
 2317 2400 2478 1130 1195 366 79 2362 509 1138 895 2096 1491 1752 2308 
 1879 2329 1403 432 1678 332 418 1542 1343 1820 2152 1713 345 1358 1114 
 1480 2206 769 63 631 931 1032 613 563 1514 1849 1321 1973 195 314 
 1787 2228 763 307 923 1989 587 2379 1915 1221 2120 2047 184 1460 1638 
 329 671 1693 2229 2121 1346 1316 1352 1741 120 1302 2208 2277 1176 1758 
 1180 709 537 2384 413 1750 524 697 978 365 2135 1597 2280 2003 1661 
 607 456 2008 1147 702 1445 1031 2186 2134 790 1188 1850 850 897 1220 
 1007 447 2067 1125 1356 847 2230 1569 773 1439 1283 2415 1504 1483 2465 
 310 2182 1912 1956 2388 1833 499 1609 156 1359 877 2373 436 1935 2392 
 514 1937 492 182 1927 573 2126 1696 1576 1086 41 1394 610 123 567 
 842 1673 1068 2122 1910 144 822 1289 1847 1720 2389 1964 1921 1996 2419 
 1450 1298 938 464 2090 1076 814 232 1444 789 1449 1507 2070 1858 1105 
 89 189 292 2428 1769 535 1812 2191 1608 18 113 1420 2485 154 772 
 600 1341 244 2031 1562 578 699 2201 2255 137 1467 1943 1224 1773 1451 
 478 2468 1102 2272 342 1015 1251 1223 491 2205 1636 1307 1940 1266 68 
 1505 1785 586 1004 1521 2267 231 624 823 1190 2320 602 936 179 2355 
 556 1231 2286 1950 591 623 974 505 883 1631 1133 705 1705 258 77 
 45 1883 579 2292 1948 988 372 698 1560 2467 1062 1184 2342 1818 928 
 1887 1136 2234 1671 2321 2137 1457 2318 1606 1396 86 854 249 1024 401 
 512 2352 303 952 2466 420 794 1648 507 32 1 1438 266 1301 1515 
 832 690 1829 1765 966 508 233 1192 2217 1303 525 2223 1793 84 2080 
 1960 2247 1274 1707 139 552 662 1128 2262 222 1540 277 517 1526 2079 
 1740 1177 1501 1863 193 408 1419 367 2190 2341 2215 1782 2145 1414 566 
 995 457 1591 1926 997 2197 95 377 2336 2236 2271 1248 1675 1573 848 
 1203 1247 1273 804 618 1714 855 2232 2073 2129 688 1555 902 981 1134 
 467 590 1627 597 226 1735 174 99 288 963 2156 1689 1628 425 1739 
 24 1249 130 849 2209 1607 40 2151 523 348 2056 753 364 2173 1153 
 1088 1625 1727 2127 1115 939 210 359 1071 446 2494 260 1888 1167 2434 
 2368 2187 1270 2469 2444 470 2200 2150 777 546 87 438 489 340 98 
 376 181 118 1244 1458 1868 511 657 1245 320 487 795 108 521 2309 
 2165 913 1375 886 427 1347 999 762 735 321 1732 1622 1957 614 336 
 301 824 712 1216 318 2287 486 443 1097 155 1861 1329 253 1372 1615 
 894 764 2441 52 1238 1706 2044 538 1365 1194 382 204 2143 2333 1306 
 2305 1175 19 1839 2451 720 2397 1416 885 513 887 2464 1647 560 569 
 495 1860 2406 2059 1968 1463 1746 1662 1312 1613 43 924 957 1884 2470 
 1500 2491 1259 2313 1210 1172 627 1577 1020 1980 360 593 206 1512 1983 
 287 740 1594 1402 1385 1759 1410 213 528 833 1219 1234 2169 319 2106 
 687 1856 411 555 2454 770 2225 925 1028 1010 2038 153 2010 1775 1174 
 20 984 2100 1435 415 135 1473 903 1297 1443 940 48 469 766 1993 
 405 1843 2082 1208 1838 1447 1187 595 693 412 1391 1546 717 1669 800 
 961 2442 1201 660 1685 2224 1786 199 506 379 2420 2063 756 1218 2238 
 893 1697 1598 1036 2131 1369 2422 737 394 1634 
