 2500 3125 
 886 2158 6 
 2158 463 1 
 2012 463 10 
 2158 1489 1 
 1489 590 1 
 1543 463 8 
 1489 512 3 
 1130 886 7 
 1130 759 2 
 759 657 6 
 2158 1451 9 
 312 1543 9 
 1451 432 1 
 1489 1910 9 
 1057 2012 3 
 2158 161 3 
 1910 1176 3 
 1330 463 9 
 62 2158 9 
 1176 2453 1 
 1380 2012 1 
 675 657 10 
 315 2158 8 
 1537 512 7 
 1057 541 1 
 2453 1152 10 
 1678 1451 9 
 1451 26 2 
 886 706 9 
 759 430 8 
 430 734 1 
 214 1543 3 
 1533 1489 7 
 2158 730 5 
 2158 556 5 
 543 556 2 
 2012 2069 5 
 590 2406 3 
 695 2406 2 
 2406 627 5 
 578 1130 8 
 432 1523 1 
 2453 1249 1 
 1003 590 7 
 463 1236 5 
 149 2406 4 
 2010 1537 9 
 556 1235 5 
 871 2010 4 
 1537 522 3 
 627 1824 3 
 1533 289 1 
 430 1495 3 
 1886 1910 1 
 1910 449 8 
 2010 2449 8 
 543 937 1 
 1235 691 8 
 1152 2266 6 
 636 543 7 
 1964 1003 6 
 1523 2202 10 
 1705 2158 2 
 2449 77 8 
 657 851 5 
 1868 2069 3 
 149 1335 3 
 1537 2436 6 
 1239 556 2 
 886 1408 5 
 691 2243 8 
 1249 1188 7 
 432 1777 5 
 449 2068 1 
 129 2069 9 
 2158 1093 10 
 141 2068 10 
 75 289 9 
 1305 1003 9 
 421 590 1 
 2171 312 10 
 1289 75 1 
 1305 1487 7 
 463 458 6 
 432 1461 3 
 1236 2189 3 
 1176 2476 10 
 458 2134 4 
 1756 1305 1 
 1423 1964 1 
 77 1163 1 
 1489 1847 4 
 937 634 6 
 2318 627 4 
 1862 871 4 
 1017 1533 8 
 854 2476 4 
 395 149 1 
 1158 289 2 
 1239 1280 10 
 968 161 9 
 1537 131 5 
 691 595 1 
 706 416 2 
 2068 1547 5 
 660 2010 3 
 1489 1228 4 
 1451 547 2 
 1407 590 1 
 1115 1451 4 
 1886 990 3 
 2257 2453 2 
 1489 1521 10 
 1539 660 1 
 1705 899 7 
 508 1407 4 
 436 1537 9 
 590 2317 2 
 1076 62 1 
 295 2266 4 
 1289 2170 5 
 886 682 7 
 1705 2400 8 
 1320 2158 1 
 2318 1677 9 
 2407 315 1 
 773 1289 6 
 1918 1537 8 
 2476 587 9 
 196 1335 7 
 1677 2149 1 
 1543 727 2 
 1276 899 7 
 1289 331 8 
 2317 570 6 
 587 53 8 
 214 1117 3 
 2317 341 9 
 772 657 1 
 2010 2051 3 
 2069 768 6 
 1890 1380 8 
 1523 402 9 
 315 952 2 
 759 1839 5 
 159 1380 8 
 436 375 4 
 1305 795 4 
 35 2068 9 
 2318 1268 6 
 2021 1678 10 
 570 2444 1 
 1523 2249 9 
 773 440 7 
 759 3 9 
 1572 1407 7 
 53 1087 7 
 1073 1093 10 
 458 673 2 
 1188 1442 4 
 286 1537 9 
 2370 1176 8 
 557 2021 3 
 1003 1726 1 
 1305 215 7 
 795 1094 4 
 315 1171 2 
 196 1534 2 
 1407 2294 1 
 1451 1348 10 
 645 1537 10 
 990 1782 5 
 675 1938 4 
 1335 1885 8 
 1139 2069 8 
 846 1847 5 
 809 1539 2 
 1188 1427 4 
 1314 1839 10 
 1844 1442 10 
 1276 1501 1 
 286 653 8 
 1918 744 10 
 634 2175 2 
 1858 682 8 
 346 1885 3 
 2313 1885 9 
 1248 543 6 
 1858 1190 5 
 2170 2221 3 
 3 1164 2 
 1547 680 5 
 1305 1059 4 
 1490 214 7 
 1489 1135 7 
 2251 289 8 
 1407 1661 5 
 1843 286 3 
 242 1171 2 
 1174 2294 4 
 412 440 5 
 1320 1356 3 
 1093 658 7 
 2012 1341 8 
 1380 1869 6 
 770 1423 10 
 416 11 2 
 1533 2019 2 
 1501 936 8 
 1240 795 9 
 2212 1380 9 
 520 541 1 
 2312 1547 1 
 799 2012 3 
 2318 1334 9 
 1222 1869 5 
 1378 129 1 
 1844 192 5 
 1255 196 10 
 1758 1726 7 
 962 346 4 
 1708 1164 1 
 1768 937 8 
 1646 691 9 
 570 330 3 
 2051 2402 6 
 965 1341 2 
 1789 682 8 
 1334 1961 3 
 1240 1584 10 
 809 45 5 
 1198 799 10 
 1533 1792 6 
 2416 1380 9 
 2420 1490 3 
 137 2416 9 
 1341 1108 6 
 1768 460 4 
 231 1726 10 
 1542 416 6 
 304 660 7 
 1869 1342 1 
 526 1190 6 
 1797 2012 2 
 98 1334 5 
 146 2406 5 
 610 289 10 
 1003 268 10 
 192 332 10 
 981 1885 2 
 1298 809 10 
 1862 1285 4 
 448 1298 3 
 2127 1523 7 
 650 137 9 
 1844 741 6 
 328 2068 5 
 1320 1932 7 
 2122 402 9 
 904 416 1 
 2205 2436 5 
 695 2380 4 
 2000 968 9 
 1868 2146 9 
 2488 440 10 
 741 758 10 
 1708 253 1 
 2075 2171 6 
 809 1360 6 
 1918 1602 1 
 1219 2266 5 
 1534 1432 4 
 1076 764 1 
 2269 1868 1 
 1674 744 1 
 562 440 5 
 232 2249 6 
 432 2440 10 
 795 302 8 
 2300 1964 2 
 691 170 7 
 312 2287 3 
 586 1380 6 
 107 1171 2 
 11 1133 9 
 1674 1625 2 
 1356 1297 8 
 3 2206 3 
 1120 1427 5 
 934 557 9 
 131 1906 4 
 558 149 5 
 1544 1130 10 
 1491 2051 4 
 1793 341 7 
 1461 626 10 
 83 512 5 
 667 1843 5 
 1627 744 6 
 1633 1824 6 
 6 1789 6 
 1496 332 8 
 1793 223 6 
 2463 695 6 
 636 499 1 
 772 870 3 
 286 638 10 
 1868 2280 1 
 1087 368 7 
 1219 1141 7 
 456 1501 10 
 2153 1164 3 
 1198 2200 4 
 1270 1533 10 
 1130 1872 9 
 77 338 7 
 1293 302 4 
 1271 77 2 
 336 1423 9 
 971 2243 1 
 2285 338 10 
 1777 796 1 
 1330 930 1 
 846 1960 7 
 1106 1248 9 
 1105 660 1 
 538 1158 4 
 2385 886 10 
 653 1941 1 
 2344 626 5 
 295 1295 3 
 714 1533 9 
 2430 1789 6 
 511 1793 2 
 2116 962 3 
 2010 1449 10 
 817 2463 9 
 375 953 3 
 1404 1792 2 
 1378 1382 7 
 1790 886 3 
 1681 556 9 
 977 295 9 
 1115 1587 7 
 2222 2068 8 
 2356 1289 4 
 1578 1423 4 
 954 1782 3 
 1668 2356 2 
 1224 626 10 
 1198 1111 1 
 295 1150 2 
 1105 394 7 
 1474 196 6 
 1569 846 1 
 747 1198 5 
 1682 1276 5 
 2051 2113 9 
 350 1133 5 
 1388 1348 8 
 2313 2225 5 
 2186 1885 1 
 432 961 9 
 499 1733 10 
 1277 1236 9 
 1756 976 8 
 2069 2494 2 
 511 1901 4 
 2170 1203 2 
 1733 2354 1 
 570 1454 9 
 1067 2300 2 
 6 1044 7 
 1117 2338 9 
 1249 1848 4 
 167 368 6 
 342 146 10 
 787 673 1 
 332 1194 1 
 868 1249 3 
 2177 520 5 
 2453 1641 7 
 2397 440 8 
 785 1960 8 
 515 223 1 
 654 1733 8 
 2477 1491 8 
 1587 623 5 
 1941 1969 4 
 2489 368 9 
 817 2307 7 
 1055 1277 2 
 1334 789 10 
 1924 730 4 
 1987 460 5 
 2266 236 4 
 911 675 6 
 1356 2393 9 
 1714 2380 2 
 2012 298 2 
 207 796 3 
 1017 790 1 
 989 253 5 
 1067 649 9 
 1633 837 6 
 1423 516 2 
 412 1244 9 
 304 2054 4 
 778 2300 7 
 2290 817 6 
 774 977 8 
 666 1106 8 
 322 817 9 
 1758 2260 10 
 196 260 6 
 1335 819 4 
 520 112 8 
 303 2189 5 
 225 1334 3 
 1045 2463 9 
 1498 778 9 
 1356 1227 10 
 526 794 1 
 232 2376 2 
 1395 1869 8 
 520 439 10 
 2069 1729 3 
 730 798 7 
 933 1625 10 
 744 1001 4 
 2290 1909 3 
 2177 1596 10 
 1452 1789 3 
 2385 1429 6 
 1840 1454 1 
 1788 1334 7 
 1296 2243 3 
 820 1219 9 
 2051 725 8 
 1135 2352 3 
 583 2177 1 
 1091 1044 6 
 2238 1382 4 
 1947 346 10 
 2319 1194 7 
 1501 659 9 
 1339 1768 3 
 884 77 7 
 1184 1432 2 
 1895 1961 1 
 804 449 4 
 1123 2393 4 
 1184 1459 5 
 1301 1320 7 
 1788 1813 8 
 1863 242 5 
 2006 375 1 
 616 1076 2 
 2284 2313 10 
 2306 1295 2 
 1784 161 1 
 714 1580 10 
 1861 1932 1 
 2321 330 6 
 768 1257 4 
 767 1348 7 
 741 576 4 
 1218 1248 8 
 2010 237 5 
 1389 1784 7 
 298 357 7 
 1591 1797 10 
 2000 44 5 
 1850 1452 9 
 1226 149 7 
 2071 2370 3 
 2163 653 8 
 170 1173 10 
 1188 31 9 
 2284 782 9 
 1263 1091 7 
 392 395 1 
 852 1087 8 
 1432 65 5 
 463 442 4 
 1240 2389 8 
 895 899 1 
 2281 2127 9 
 1681 1995 8 
 1235 1644 5 
 304 361 8 
 1297 1511 1 
 2285 918 4 
 941 394 4 
 2153 566 7 
 1338 595 6 
 2453 1814 3 
 214 1573 7 
 217 659 3 
 1388 2378 3 
 41 1496 1 
 808 1133 8 
 2033 899 2 
 725 1581 9 
 1678 840 7 
 2194 1987 10 
 341 1611 2 
 1087 1975 8 
 858 1918 2 
 1995 2229 8 
 2345 1644 5 
 368 2304 1 
 941 1531 9 
 315 2082 4 
 2143 854 4 
 1123 187 5 
 1421 129 4 
 1277 1856 6 
 1539 405 10 
 1591 43 2 
 796 99 3 
 2176 744 2 
 2009 2281 6 
 1433 1850 3 
 481 2407 5 
 298 1846 1 
 1255 2335 8 
 2163 502 3 
 1938 1349 6 
 1543 71 4 
 432 2047 7 
 1419 895 7 
 287 1184 1 
 395 814 8 
 515 775 8 
 2158 163 4 
 249 77 1 
 636 354 8 
 1814 2364 4 
 162 1219 4 
 2073 499 10 
 123 432 1 
 2313 224 2 
 1026 341 9 
 2073 1038 4 
 923 1840 7 
 1793 2343 6 
 1455 249 6 
 2273 691 4 
 1022 161 9 
 394 1535 10 
 876 456 6 
 933 2117 1 
 2121 1777 8 
 1244 1440 9 
 2006 1362 5 
 1890 2479 2 
 1184 897 1 
 2052 65 9 
 2326 727 2 
 1963 2009 4 
 2304 943 7 
 1462 217 7 
 1665 851 9 
 1789 997 6 
 1474 116 1 
 1801 634 5 
 1226 519 8 
 540 1228 1 
 1295 1718 4 
 1172 2488 1 
 1350 1059 6 
 927 237 6 
 31 2411 6 
 2085 2380 4 
 464 1895 1 
 568 1423 3 
 1171 1679 7 
 1198 1291 4 
 1679 50 10 
 2156 83 3 
 1778 2146 6 
 1646 216 2 
 773 166 1 
 915 1277 6 
 297 977 5 
 376 680 8 
 2175 1721 7 
 991 796 10 
 2263 1682 1 
 825 2158 1 
 2177 329 4 
 1361 1964 3 
 123 320 9 
 2489 1050 10 
 2296 540 2 
 2281 325 6 
 463 2470 2 
 337 774 9 
 2448 1449 10 
 937 2029 7 
 2290 1649 4 
 1592 796 5 
 107 1889 6 
 1862 92 1 
 2290 740 5 
 460 577 9 
 790 2383 1 
 1614 976 6 
 1843 1144 7 
 965 316 4 
 136 851 3 
 1404 2332 3 
 2188 2463 3 
 965 2112 6 
 706 1397 3 
 885 1885 3 
 2470 154 1 
 1906 533 9 
 808 121 4 
 494 502 5 
 62 2078 1 
 263 2313 7 
 772 373 5 
 1448 1793 10 
 2143 1181 1 
 2210 1388 8 
 1630 918 6 
 1255 652 3 
 1928 610 3 
 1434 706 8 
 1953 1362 2 
 141 1343 9 
 384 1120 3 
 456 176 5 
 2322 1889 7 
 1739 2019 2 
 928 1890 1 
 362 77 6 
 2380 1471 10 
 315 2211 10 
 1528 2290 10 
 2136 1718 10 
 846 1148 8 
 626 2461 10 
 1564 819 1 
 264 2033 3 
 164 2134 8 
 1172 1399 3 
 649 140 6 
 304 1588 7 
 1779 1729 10 
 872 460 4 
 1881 2461 4 
 421 2327 10 
 873 2134 5 
 154 1156 2 
 2397 529 2 
 4 1729 5 
 1124 166 1 
 928 420 10 
 409 1521 6 
 1904 1474 2 
 1244 194 7 
 791 31 2 
 116 2022 4 
 2451 1544 9 
 968 1900 3 
 1261 1228 8 
 542 2385 7 
 1297 410 2 
 1218 248 2 
 1690 2406 4 
 1087 1948 9 
 95 1050 6 
 1700 1824 5 
 916 627 2 
 1157 98 7 
 500 557 3 
 393 1531 9 
 1442 632 7 
 1914 512 3 
 1451 1279 9 
 1528 296 5 
 1375 2117 9 
 2465 2010 9 
 547 1937 10 
 225 461 4 
 1108 1473 2 
 1248 1849 9 
 1304 2206 2 
 1451 2428 3 
 825 30 9 
 851 407 1 
 118 249 9 
 1293 240 7 
 45 1803 2 
 1355 1758 10 
 2436 818 10 
 1625 1457 7 
 1073 921 7 
 2136 1134 2 
 1918 2426 3 
 953 552 1 
 161 294 6 
 915 2226 7 
 1285 1825 4 
 1004 1533 2 
 1188 1835 4 
 2314 586 9 
 2420 340 2 
 1419 2132 5 
 2165 1801 6 
 2019 492 9 
 1357 1361 4 
 547 1373 6 
 1146 492 10 
 301 818 2 
 1350 999 5 
 2063 449 3 
 1257 1570 7 
 1330 642 1 
 1176 97 10 
 111 884 5 
 2286 1792 6 
 400 354 7 
 1535 651 2 
 966 2389 6 
 1285 2011 10 
 806 511 1 
 774 479 9 
 105 2470 7 
 2074 1914 9 
 1678 850 7 
 1158 1090 10 
 2450 1003 10 
 432 905 6 
 1856 861 10 
 2320 562 6 
 610 2377 10 
 499 134 4 
 1320 2094 2 
 461 2155 7 
 121 1560 9 
 1788 1876 2 
 213 1547 4 
 144 1357 10 
 2208 1849 8 
 2182 350 10 
 2125 1889 7 
 790 2107 7 
 1343 1367 10 
 1105 1933 8 
 2228 1778 4 
 1148 1695 7 
 2450 1337 2 
 775 109 9 
 1429 1748 1 
 685 2285 6 
 1537 1776 1 
 1864 840 2 
 468 516 2 
 2182 2289 1 
 2157 1714 1 
 2468 1987 8 
 2257 521 3 
 2226 1299 5 
 1690 277 3 
 289 1509 6 
 121 1121 9 
 1175 556 2 
 1316 638 6 
 1457 1810 6 
 1280 1551 10 
 897 1552 10 
 999 1326 3 
 2458 1248 9 
 2393 842 6 
 1948 1919 1 
 1598 872 6 
 2274 303 2 
 1932 2491 2 
 1277 1128 3 
 1111 1018 7 
 2059 876 9 
 689 638 2 
 687 2406 3 
 576 2213 4 
 927 1363 9 
 2416 1763 5 
 2300 403 1 
 1777 1917 1 
 2083 1678 2 
 1885 2048 9 
 460 352 9 
 971 2129 7 
 2388 840 2 
 1228 2148 2 
 758 664 3 
 1661 2396 7 
 315 1387 3 
 265 952 4 
 301 950 6 
 2264 330 1 
 1953 656 9 
 2054 1200 5 
 2158 839 3 
 840 1168 5 
 1633 317 4 
 813 1362 2 
 420 1553 3 
 482 1564 3 
 991 1654 6 
 1475 1451 7 
 1506 140 1 
 1233 340 5 
 1764 1163 8 
 2295 1360 2 
 174 1397 3 
 2469 316 4 
 1979 2370 4 
 293 6 6 
 1914 2459 6 
 2012 2036 1 
 882 1501 2 
 1457 1012 1 
 1705 1976 7 
 124 409 1 
 1029 529 1 
 260 1464 3 
 1373 1265 10 
 1945 1844 10 
 1180 1339 10 
 1923 1427 2 
 2303 35 10 
 2287 2025 8 
 734 2442 6 
 1569 1283 1 
 139 1858 1 
 970 2165 4 
 2341 2306 6 
 758 2062 4 
 939 2459 7 
 1228 2298 1 
 813 2038 3 
 1455 661 6 
 274 774 3 
 176 1855 9 
 729 570 7 
 1580 2496 3 
 871 501 5 
 601 1248 6 
 1926 2122 6 
 2266 360 8 
 769 2312 6 
 2120 1462 9 
 1961 1638 4 
 1750 962 10 
 2208 1852 8 
 947 2222 2 
 612 393 1 
 2173 1433 5 
 230 2397 10 
 300 1449 3 
 103 2136 1 
 2407 454 8 
 1001 1799 9 
 1655 2307 2 
 1124 1781 8 
 1708 1913 3 
 590 2045 3 
 2189 7 6 
 1047 1316 9 
 512 2093 1 
 2016 1423 7 
 1852 370 3 
 2029 2410 2 
 1782 21 6 
 978 1356 7 
 1771 1255 9 
 409 985 1 
 1733 1372 6 
 394 1783 8 
 1174 549 7 
 277 1273 5 
 368 534 7 
 36 2317 5 
 2286 212 3 
 1556 2494 1 
 419 782 5 
 966 948 10 
 1680 759 7 
 522 584 2 
 749 1408 4 
 2072 2221 6 
 1010 1814 8 
 1277 2060 4 
 727 1049 10 
 818 684 8 
 1821 1661 10 
 2406 1024 4 
 481 353 6 
 1501 881 1 
 1749 167 7 
 1089 2068 9 
 1840 2413 8 
 2364 1345 2 
 1333 2022 8 
 1677 931 1 
 1343 165 6 
 383 936 4 
 194 615 6 
 2198 1263 6 
 820 1859 2 
 2453 1313 9 
 2225 641 10 
 2469 2276 5 
 1868 1983 8 
 437 1611 10 
 730 377 7 
 1057 731 4 
 7 1098 6 
 130 541 8 
 449 445 2 
 2446 854 6 
 1847 2103 10 
 1372 1707 6 
 1514 2479 6 
 402 1807 10 
 220 35 5 
 1168 2486 6 
 1859 2247 3 
 154 1351 5 
 161 665 7 
 415 1270 8 
 40 1361 9 
 2488 180 9 
 1293 1972 7 
 128 684 6 
 902 1117 9 
 961 1658 1 
 905 2267 5 
 141 2331 9 
 2388 1508 9 
 2302 2022 8 
 2205 1986 6 
 1243 225 4 
 1105 1815 1 
 1726 1306 9 
 340 1759 1 
 625 825 1 
 995 1764 3 
 110 1158 8 
 1811 769 8 
 2176 25 7 
 744 1358 6 
 555 2312 5 
 1790 1993 5 
 1900 27 5 
 109 1081 5 
 889 2312 6 
 1679 12 4 
 1350 1418 4 
 1426 328 8 
 1222 1686 7 
 1142 1121 5 
 1721 1958 7 
 1485 430 9 
 2003 1491 7 
 2424 876 6 
 1674 1903 3 
 814 1902 4 
 2463 1013 1 
 1456 740 8 
 203 1933 5 
 1289 887 8 
 1733 2100 2 
 1859 1710 5 
 544 2281 3 
 1343 2169 2 
 856 1972 4 
 950 1145 9 
 1922 336 7 
 4 655 2 
 892 1152 8 
 1859 2084 4 
 395 988 4 
 1547 2480 2 
 1526 839 10 
 1261 686 7 
 1108 429 4 
 2399 1013 2 
 2377 493 3 
 2455 405 10 
 673 2329 9 
 1592 1719 1 
 1873 858 3 
 1550 1279 9 
 2440 1826 8 
 675 355 4 
 1246 1050 5 
 2126 1017 5 
 695 378 8 
 2148 597 7 
 196 903 4 
 1572 564 10 
 1051 25 4 
 2234 410 8 
 1507 1142 2 
 578 227 1 
 1669 1115 4 
 1306 1267 9 
 1974 1655 9 
 1124 608 4 
 2202 1505 8 
 2359 1506 1 
 137 2128 10 
 2328 667 10 
 2231 2455 4 
 1246 1385 9 
 1492 277 7 
 695 313 2 
 1395 1715 8 
 1154 782 5 
 1103 897 4 
 642 241 2 
 83 788 3 
 576 2086 6 
 1733 254 1 
 1614 2034 5 
 2159 1498 1 
 943 457 7 
 738 610 7 
 638 23 7 
 1887 1587 3 
 951 1534 4 
 295 618 7 
 2328 893 10 
 503 2107 4 
 2446 246 1 
 445 188 6 
 440 1628 9 
 1047 748 4 
 1705 418 9 
 708 962 9 
 835 687 7 
 2303 64 4 
 1604 370 7 
 809 156 10 
 943 1671 3 
 2015 2413 4 
 1001 1264 1 
 244 1901 2 
 2185 268 3 
 1628 1129 2 
 374 1283 6 
 2378 1247 10 
 1655 1734 8 
 2253 772 6 
 1885 1950 6 
 1017 559 6 
 1495 365 1 
 2442 427 8 
 1632 1678 2 
 2085 414 10 
 1805 2155 5 
 1568 564 10 
 1673 2354 1 
 2269 2429 3 
 1498 1911 2 
 1678 793 5 
 1609 2103 10 
 258 1285 9 
 853 1144 9 
 1758 1804 8 
 420 1242 10 
 2077 586 1 
 1938 388 2 
 721 1628 2 
 1826 1524 10 
 2406 1353 5 
 468 2467 4 
 1906 838 1 
 157 464 6 
 807 2321 8 
 1159 316 7 
 1734 1392 10 
 689 1981 6 
 21 1205 6 
 1157 2248 8 
 2349 1418 8 
 1306 574 7 
 785 1303 8 
 1227 1396 1 
 635 695 1 
 915 914 4 
 1578 2151 2 
 1000 2068 3 
 2193 2009 8 
 1356 59 1 
 1408 1116 2 
 1239 926 3 
 2069 963 2 
 1787 2060 6 
 710 2257 1 
 1814 925 9 
 1648 687 9 
 1422 1157 8 
 46 207 3 
 492 2498 4 
 1916 1224 6 
 1314 1795 4 
 940 1974 6 
 1472 166 8 
 378 993 2 
 233 1560 5 
 1 2198 10 
 377 1211 5 
 678 109 8 
 2218 814 7 
 580 871 4 
 1646 177 9 
 1688 2218 6 
 516 47 5 
 429 1272 3 
 1096 1350 2 
 356 529 6 
 2351 2212 10 
 365 1414 1 
 1715 1626 10 
 1955 1909 2 
 1998 1150 8 
 1673 2168 3 
 284 1840 5 
 378 422 3 
 2304 390 2 
 1790 68 9 
 2251 1020 7 
 211 432 7 
 877 887 2 
 807 561 9 
 548 2253 4 
 48 2129 4 
 1836 1918 10 
 110 1170 2 
 2363 188 7 
 390 792 2 
 817 2250 8 
 2098 97 5 
 1028 558 3 
 2134 1482 6 
 633 512 7 
 2412 1326 9 
 597 1794 3 
 1278 207 9 
 1383 782 3 
 2483 653 2 
 259 384 6 
 281 439 6 
 1441 558 5 
 1265 1766 8 
 495 2107 2 
 1894 2335 5 
 1592 1074 4 
 1641 1406 4 
 1732 64 3 
 168 187 6 
 2312 1371 3 
 1106 733 3 
 1877 1750 4 
 1327 1418 2 
 1023 1847 2 
 772 880 7 
 2246 1609 9 
 1128 1420 7 
 1918 1952 10 
 1347 2402 9 
 540 527 8 
 896 2406 8 
 368 2105 9 
 2394 2359 9 
 1370 1277 3 
 2408 1910 1 
 2060 1962 7 
 2121 1754 7 
 564 1336 6 
 2108 263 9 
 1433 694 6 
 1492 1751 3 
 2002 213 10 
 1830 1813 8 
 48 1650 8 
 2263 155 3 
 1971 2189 1 
 265 39 5 
 2318 272 4 
 1194 2005 7 
 495 2309 3 
 1577 608 4 
 166 2493 5 
 1518 302 9 
 940 756 3 
 2032 1270 3 
 177 2023 6 
 37 1434 6 
 847 1012 6 
 2349 980 10 
 1390 1928 9 
 1169 2249 3 
 370 1951 8 
 1085 2296 4 
 1801 151 5 
 636 1731 5 
 436 423 4 
 1486 2052 9 
 1548 1244 1 
 1870 837 5 
 2007 1387 3 
 2119 313 10 
 726 785 5 
 1953 1762 2 
 72 837 7 
 393 2224 8 
 949 1116 2 
 150 1856 6 
 1283 716 3 
 1440 2245 3 
 835 2484 6 
 305 128 5 
 2203 877 8 
 1777 55 2 
 2314 1153 7 
 1587 1206 8 
 459 1306 4 
 1650 1332 6 
 1830 406 9 
 833 1233 9 
 1497 608 10 
 2375 1023 1 
 1462 1078 6 
 2272 2022 3 
 429 2088 3 
 1818 1801 5 
 877 58 9 
 1534 285 3 
 1763 2109 7 
 1234 2206 3 
 2280 860 2 
 1131 2461 2 
 1159 2096 3 
 560 2260 5 
 1040 1523 10 
 2183 928 9 
 2067 1556 9 
 1 1982 5 
 381 1239 3 
 380 1357 5 
 951 2106 10 
 1724 231 3 
 361 1867 7 
 203 1740 8 
 1799 205 10 
 1913 1102 7 
 1849 160 7 
 165 1612 1 
 1989 2332 6 
 1743 2479 4 
 913 216 5 
 163 1823 4 
 221 1 10 
 1447 615 4 
 445 347 6 
 741 1344 10 
 841 12 8 
 1841 2302 4 
 1689 1823 1 
 2465 760 8 
 1952 1082 4 
 16 342 6 
 61 136 5 
 617 799 4 
 2460 2476 3 
 376 805 6 
 2133 1090 4 
 436 1822 1 
 1475 603 6 
 1456 199 10 
 2280 1186 10 
 1320 60 7 
 2399 1712 6 
 632 801 7 
 148 1550 4 
 1042 2426 7 
 1946 540 4 
 1647 508 5 
 239 1135 1 
 2100 234 6 
 1372 983 9 
 1117 2362 10 
 2393 823 8 
 14 2450 3 
 274 1215 3 
 787 545 9 
 297 1737 1 
 195 302 5 
 263 2130 8 
 1692 2071 1 
 1696 808 2 
 407 1880 7 
 162 204 5 
 2340 1491 4 
 191 260 4 
 581 46 8 
 1821 250 7 
 1938 525 7 
 693 789 1 
 2289 172 9 
 2444 1191 5 
 1195 1124 9 
 2279 110 8 
 750 1768 6 
 1006 1373 10 
 1043 850 6 
 674 661 9 
 778 117 3 
 698 795 3 
 1105 2391 8 
 164 1760 2 
 1430 795 10 
 1457 602 4 
 1747 578 6 
 1923 1965 10 
 76 2406 2 
 788 1066 9 
 207 1838 7 
 1536 1012 5 
 1122 1658 10 
 1081 1230 9 
 2261 2344 8 
 2449 1888 8 
 282 1141 9 
 1846 135 1 
 1138 1486 3 
 960 678 1 
 1272 524 3 
 1138 273 1 
 351 390 6 
 730 2057 8 
 1874 164 5 
 211 1251 9 
 1321 714 2 
 903 2433 3 
 133 576 1 
 1565 1906 8 
 713 1505 3 
 345 1811 1 
 848 564 6 
 1355 1884 6 
 954 1204 5 
 2470 441 2 
 986 1584 10 
 1039 2352 3 
 1206 2315 8 
 492 1069 7 
 1378 1940 5 
 1430 1046 3 
 1318 1748 10 
 510 414 10 
 1110 618 8 
 2148 15 4 
 630 1191 10 
 1664 819 8 
 264 591 7 
 649 490 1 
 632 270 1 
 961 826 2 
 1892 248 9 
 2358 187 3 
 748 1104 10 
 1042 1308 2 
 826 1541 3 
 454 720 5 
 1962 1685 8 
 1058 1153 10 
 2038 1736 2 
 1079 576 6 
 1004 1092 9 
 2429 676 7 
 123 1837 10 
 2154 2290 4 
 2303 1643 2 
 1288 1689 2 
 1522 2436 4 
 1570 598 7 
 2219 2094 10 
 1784 2076 6 
 1491 1443 1 
 1770 40 8 
 1096 1197 3 
 851 1007 8 
 272 2452 5 
 344 2428 8 
 152 380 3 
 334 2126 10 
 128 824 3 
 559 2080 10 
 693 1488 3 
 1788 219 10 
 1415 2489 8 
 856 324 2 
 2336 691 4 
 186 1674 3 
 292 1987 2 
 1845 2159 4 
 348 1923 10 
 1979 310 3 
 1464 1549 3 
 474 495 5 
 295 2423 8 
 607 432 3 
 525 1853 8 
 438 1404 8 
 628 2084 10 
 338 2350 4 
 2131 2105 9 
 2494 1080 7 
 2388 704 1 
 1053 774 1 
 1944 819 3 
 2126 2297 9 
 1511 891 7 
 270 22 2 
 593 1976 2 
 1294 2459 1 
 1150 2046 1 
 1749 2065 8 
 1656 423 9 
 1571 1680 6 
 1489 1618 1 
 171 823 6 
 1797 2401 4 
 1504 2170 3 
 1880 722 1 
 1070 376 5 
 2257 1519 1 
 735 414 2 
 1360 1527 7 
 2137 2007 7 
 199 1559 2 
 753 2007 9 
 2101 1422 7 
 1265 1463 6 
 69 1485 6 
 594 1092 10 
 1575 360 5 
 539 463 1 
 2106 1829 6 
 879 1361 7 
 1295 1711 10 
 2057 1014 7 
 1350 291 5 
 830 2003 8 
 2154 2473 9 
 1189 2022 5 
 39 426 3 
 1155 2406 6 
 1051 478 6 
 737 1283 7 
 431 1181 7 
 912 965 7 
 828 547 8 
 2190 1492 9 
 441 2348 2 
 467 1632 5 
 335 427 9 
 1744 2010 2 
 551 1327 9 
 592 1553 6 
 385 1932 1 
 1367 2369 9 
 2248 1666 4 
 2189 226 5 
 1374 1571 2 
 1543 1393 7 
 1733 946 7 
 1782 1086 5 
 2102 493 5 
 2070 2016 1 
 419 670 2 
 469 2238 6 
 1520 2465 1 
 1866 1421 4 
 2488 2174 6 
 271 1890 5 
 2341 2124 9 
 2099 2336 8 
 1685 2305 2 
 2312 1446 2 
 1201 871 2 
 1819 753 4 
 1631 685 5 
 978 2392 5 
 863 1049 4 
 369 971 3 
 1099 1362 10 
 282 1160 1 
 2197 544 6 
 1452 279 2 
 1166 1570 8 
 279 531 4 
 1484 1007 4 
 1075 1549 1 
 22 1676 1 
 1566 1344 4 
 637 377 8 
 1877 1772 2 
 715 2016 10 
 2115 594 4 
 808 417 7 
 229 2036 4 
 2108 1629 7 
 2365 1731 6 
 1192 1026 5 
 1463 1009 4 
 555 862 2 
 669 543 7 
 1904 836 3 
 482 1831 9 
 1739 2347 3 
 2201 1847 3 
 1031 1913 9 
 102 1236 5 
 34 62 2 
 1352 2131 9 
 898 1569 6 
 530 598 7 
 731 29 8 
 989 553 5 
 1090 2035 7 
 1620 2002 2 
 2441 722 5 
 364 694 9 
 2361 217 7 
 1915 2246 10 
 32 274 9 
 2355 1228 2 
 1221 1144 1 
 2101 2040 10 
 2272 994 6 
 1342 269 2 
 1979 640 3 
 1716 1877 2 
 955 2085 3 
 94 598 7 
 1883 2046 6 
 423 690 9 
 401 1010 8 
 96 1342 8 
 108 1520 1 
 919 1276 5 
 411 1910 1 
 98 688 10 
 1093 1365 1 
 866 375 10 
 481 1637 9 
 2276 572 5 
 1932 2462 7 
 1850 697 5 
 1072 1654 1 
 1676 1652 3 
 671 1681 9 
 2438 2498 2 
 99 1725 10 
 2184 76 5 
 1701 521 8 
 1510 1789 7 
 2418 1345 8 
 928 1878 1 
 553 1476 7 
 1219 435 6 
 781 1887 7 
 1488 845 2 
 819 1405 1 
 2370 2475 9 
 1091 183 2 
 1998 2387 1 
 1127 2302 9 
 572 1745 4 
 2429 1891 4 
 1319 1625 7 
 811 2315 9 
 358 804 4 
 1647 1774 9 
 2438 2241 8 
 173 1588 8 
 1619 1707 10 
 1585 68 7 
 157 80 8 
 2442 620 7 
 42 2148 9 
 2374 899 1 
 415 1879 4 
 1499 2019 5 
 1256 1361 3 
 96 1439 4 
 1763 1275 7 
 345 765 6 
 184 584 5 
 2342 1750 2 
 1296 751 9 
 1220 2170 2 
 1903 2223 7 
 307 281 4 
 2342 1027 7 
 206 1903 4 
 944 950 6 
 2330 1 6 
 1915 648 8 
 2395 293 10 
 1557 792 9 
 326 2219 1 
 596 212 8 
 1329 529 8 
 1303 1907 9 
 155 318 10 
 2200 1871 9 
 1529 362 3 
 2306 777 10 
 2471 2019 7 
 2432 741 10 
 1438 667 9 
 148 761 2 
 1119 160 2 
 2360 36 4 
 1757 1234 8 
 1644 1416 7 
 611 2102 8 
 1832 977 4 
 1825 563 10 
 1320 1412 3 
 1528 89 9 
 124 2421 5 
 1988 2273 1 
 1025 1256 2 
 2471 2152 3 
 1838 314 9 
 526 803 2 
 1615 1877 3 
 1603 220 8 
 421 1254 3 
 2018 1522 2 
 1504 874 8 
 1474 967 10 
 2259 976 7 
 892 613 10 
 1612 888 6 
 1145 982 10 
 2151 2381 6 
 1422 832 3 
 1401 1135 7 
 1525 2446 4 
 1140 673 1 
 691 827 7 
 940 1949 7 
 756 776 7 
 680 1162 10 
 2258 1972 4 
 1955 924 10 
 2414 653 10 
 2335 462 4 
 1568 1595 7 
 629 1133 1 
 2139 2083 2 
 826 319 2 
 541 2123 2 
 829 808 6 
 1016 1446 10 
 91 2340 4 
 475 373 4 
 1263 1183 7 
 1217 1291 9 
 1526 399 2 
 1186 1616 3 
 1484 1574 2 
 164 900 1 
 419 1052 5 
 979 1848 5 
 1662 1441 10 
 1229 1760 4 
 2325 1393 9 
 1979 447 2 
 2434 1454 7 
 683 2010 1 
 299 2475 5 
 127 1351 6 
 941 1379 9 
 1335 1809 10 
 1414 964 9 
 676 491 4 
 1983 742 10 
 2282 336 6 
 1852 1223 5 
 736 1099 1 
 1887 1126 6 
 1838 569 10 
 510 1925 7 
 2266 784 9 
 989 1610 7 
 2372 1904 4 
 216 1636 4 
 514 899 2 
 2023 1599 10 
 34 288 1 
 2013 1094 10 
 457 1177 4 
 867 1197 3 
 66 1975 9 
 2262 2280 5 
 1054 2073 9 
 1325 353 8 
 279 327 10 
 528 884 7 
 2 2251 3 
 1996 2202 4 
 1258 234 1 
 744 2334 5 
 5 2069 4 
 1761 1341 5 
 2257 1642 4 
 1613 2080 8 
 792 2110 6 
 1512 710 8 
 490 2443 7 
 2449 2004 5 
 2362 200 2 
 1151 2234 10 
 654 672 6 
 1619 1882 9 
 764 1597 4 
 1268 143 9 
 2124 465 10 
 596 182 7 
 1431 1938 1 
 1311 1571 9 
 545 114 5 
 2203 2456 4 
 129 197 3 
 1137 103 6 
 779 1902 1 
 1409 112 9 
 1852 2180 2 
 708 1315 9 
 1539 1834 9 
 1997 1661 9 
 57 374 5 
 424 1451 8 
 2468 1312 8 
 1044 132 2 
 659 766 4 
 2421 2081 1 
 887 907 10 
 417 831 4 
 2316 1784 9 
 1165 417 10 
 1983 476 2 
 1063 1188 3 
 1113 1156 6 
 1517 1837 9 
 2331 85 10 
 1527 1927 1 
 824 2232 6 
 446 1119 10 
 2003 2445 4 
 92 1954 10 
 538 2162 9 
 2216 730 2 
 555 1453 7 
 2223 2079 3 
 1941 575 6 
 309 2376 1 
 2084 366 2 
 354 1967 8 
 1897 1476 3 
 2132 2239 7 
 1133 1032 4 
 366 717 8 
 896 1921 9 
 628 88 2 
 378 1617 2 
 107 1723 8 
 2281 2061 9 
 1857 1073 9 
 2373 130 3 
 1492 1469 4 
 830 178 5 
 1586 955 7 
 1601 2450 1 
 1624 2414 1 
 768 1828 8 
 569 1483 3 
 646 2119 2 
 2232 2090 7 
 37 372 1 
 1232 1164 3 
 1655 2242 8 
 2302 251 7 
 207 2235 2 
 147 454 2 
 726 668 8 
 2339 1440 4 
 1806 1933 4 
 762 683 10 
 487 241 7 
 1501 428 9 
 797 777 7 
 907 1791 5 
 1368 285 4 
 371 1276 8 
 2116 1605 9 
 1381 474 3 
 1309 430 8 
 389 620 8 
 262 1414 10 
 1313 1687 2 
 775 2422 4 
 969 949 6 
 1862 79 8 
 766 1583 8 
 2374 1269 6 
 2275 117 9 
 1569 54 8 
 1684 2083 1 
 486 808 7 
 2103 1994 3 
 2154 28 10 
 1231 685 1 
 1992 961 9 
 1832 1802 8 
 2480 1934 2 
 1681 90 10 
 94 2066 3 
 1277 1237 10 
 1728 1155 3 
 2111 2221 6 
 1321 677 8 
 1100 1904 9 
 1389 1600 10 
 1073 483 5 
 261 794 5 
 972 421 6 
 740 1196 2 
 667 93 1 
 1116 2044 4 
 795 579 6 
 2165 1391 10 
 1326 1698 3 
 1557 1709 2 
 182 763 8 
 2229 2024 4 
 377 1260 3 
 1280 256 4 
 626 599 1 
 1454 910 1 
 2406 890 10 
 2382 1692 8 
 1990 2226 9 
 1002 988 10 
 6 343 2 
 401 1400 10 
 578 821 5 
 2167 1764 9 
 249 843 6 
 1379 2454 4 
 413 1154 9 
 1393 2030 10 
 1801 1607 3 
 1146 222 4 
 1645 1619 7 
 1080 906 2 
 1216 611 5 
 2104 808 8 
 1465 2468 3 
 92 920 4 
 11 1284 5 
 1848 189 8 
 737 932 1 
 1207 1813 3 
 2355 1959 4 
 1920 1734 3 
 1112 446 4 
 1169 1030 3 
 1411 1044 1 
 1418 74 3 
 2008 1552 4 
 2444 1369 7 
 1820 968 9 
 879 1753 9 
 642 2027 9 
 2221 2089 5 
 1322 526 9 
 1298 573 8 
 2207 2496 10 
 2078 2482 6 
 1134 1513 8 
 1011 818 3 
 822 735 8 
 1452 2497 10 
 1131 614 6 
 1132 1856 1 
 281 2405 2 
 1837 1653 6 
 92 1984 4 
 1693 826 6 
 588 695 4 
 1207 987 5 
 1841 1582 5 
 2161 1710 6 
 1147 747 9 
 2144 2035 10 
 1507 2236 10 
 2133 909 2 
 1046 2215 10 
 22 2293 10 
 1366 2382 3 
 2129 1973 5 
 1834 2140 4 
 209 341 2 
 1167 1254 1 
 1033 534 7 
 785 1675 2 
 1865 2185 4 
 11 2439 4 
 349 2387 4 
 1209 1407 3 
 1410 1472 7 
 1265 945 8 
 1957 593 2 
 554 1174 5 
 1918 2091 7 
 489 1716 3 
 2116 974 7 
 1550 2283 5 
 487 1697 4 
 2095 2377 3 
 589 1751 1 
 1687 1386 9 
 511 2041 9 
 2056 410 10 
 537 1442 1 
 67 2432 3 
 1070 497 10 
 1617 397 9 
 1725 473 7 
 363 2013 10 
 1036 2238 10 
 2271 2146 3 
 305 19 3 
 471 1688 4 
 2471 2435 2 
 2245 1071 5 
 696 1276 4 
 1557 101 3 
 126 1162 6 
 1791 622 8 
 1331 1108 10 
 917 551 9 
 1031 2204 5 
 1346 1073 8 
 2431 1789 2 
 1450 1697 9 
 2007 2055 1 
 249 604 4 
 2176 771 1 
 1953 145 7 
 2113 1479 9 
 1141 275 2 
 27 455 5 
 2421 1143 6 
 291 1773 7 
 2252 871 10 
 488 15 6 
 1562 2422 2 
 1222 1980 3 
 1485 104 3 
 1646 267 2 
 2487 337 5 
 2478 310 9 
 2373 125 7 
 2204 1340 1 
 146 1161 4 
 1163 517 1 
 282 8 8 
 848 1286 10 
 1880 73 2 
 1262 561 7 
 1253 2208 10 
 683 2270 6 
 1396 20 5 
 1729 535 1 
 652 1905 10 
 1752 1643 10 
 451 454 7 
 825 692 8 
 1840 1503 10 
 490 1667 9 
 1631 218 2 
 1764 278 7 
 2289 1590 5 
 1676 644 5 
 572 1435 4 
 2224 359 6 
 2309 2192 8 
 1051 605 2 
 160 367 10 
 2313 718 2 
 190 1794 6 
 1380 1199 8 
 732 788 6 
 143 1187 4 
 1854 1503 1 
 1238 725 8 
 2188 1062 4 
 1702 1058 6 
 1604 865 4 
 2317 1727 4 
 541 864 3 
 507 380 5 
 745 1451 3 
 902 2500 1 
 1099 201 9 
 2147 797 5 
 1785 375 7 
 1296 1245 5 
 2402 1202 3 
 2239 505 9 
 609 1236 7 
 1912 1863 4 
 1817 2006 10 
 753 1622 7 
 1136 2225 5 
 90 755 9 
 2457 352 9 
 1494 2157 9 
 157 707 10 
 1978 90 7 
 1493 1040 1 
 300 1515 10 
 2031 159 8 
 382 1029 9 
 575 433 4 
 2463 1359 3 
 1792 2485 8 
 872 1193 4 
 1651 465 2 
 1722 77 10 
 811 2142 9 
 721 1444 6 
 1398 751 8 
 2049 1824 1 
 2053 1662 4 
 2138 426 7 
 922 431 5 
 835 2050 2 
 1747 711 2 
 1382 1742 3 
 714 1467 2 
 1417 2393 2 
 1182 1138 9 
 299 2415 1 
 1039 235 1 
 1618 1875 1 
 2337 487 8 
 119 1086 6 
 634 158 1 
 1741 1011 6 
 998 376 10 
 2008 1328 5 
 228 608 5 
 2137 2419 3 
 1941 1317 2 
 2075 1931 9 
 70 503 9 
 569 1310 2 
 1510 2495 2 
 2350 82 2 
 450 675 8 
 9 411 8 
 434 1562 6 
 4 1323 7 
 1670 1689 3 
 1354 2471 7 
 1563 2063 3 
 643 1055 6 
 1322 2028 9 
 498 1231 2 
 1469 1589 8 
 1504 33 6 
 1890 1720 4 
 2087 2441 2 
 1064 2153 2 
 1576 337 7 
 1588 1659 4 
 943 257 10 
 675 1413 8 
 1348 2135 3 
 61 984 4 
 466 2225 2 
 994 78 1 
 1008 1435 4 
 1341 1769 2 
 1213 916 3 
 2030 1083 8 
 2361 1377 4 
 1036 1738 9 
 1499 2166 8 
 1225 1191 4 
 1437 1244 10 
 518 133 4 
 2427 2226 5 
 1851 1958 2 
 2060 2233 3 
 154 1780 2 
 1996 1545 6 
 2012 2425 3 
 750 1639 7 
 1376 2158 7 
 759 142 3 
 833 1470 10 
 2326 425 1 
 929 1052 3 
 2219 739 3 
 1772 786 10 
 1356 2255 3 
 581 1796 8 
 509 2190 4 
 545 1561 8 
 1767 177 6 
 1968 248 1 
 2311 1379 10 
 337 2160 2 
 1019 1925 6 
 58 2481 4 
 1266 2326 7 
 1594 1000 9 
 816 1539 10 
 1365 2097 9 
 1037 1924 3 
 1071 1706 8 
 1237 1683 7 
 1765 286 1 
 1554 1611 7 
 538 2353 6 
 506 1485 7 
 2145 755 1 
 452 2185 5 
 1253 386 8 
 1481 1757 6 
 1208 1688 6 
 1107 2400 9 
 2043 487 8 
 2282 81 2 
 63 2139 6 
 771 752 4 
 1899 2054 6 
 268 2064 1 
 2193 115 3 
 2236 1436 3 
 1287 1262 10 
 1770 1893 4 
 252 344 8 
 709 36 6 
 13 1668 9 
 2416 2118 6 
 799 703 1 
 1036 404 8 
 561 10 3 
 185 1737 7 
 179 185 7 
 1109 1853 9 
 152 1282 7 
 2488 2164 10 
 1122 1691 2 
 1991 2421 5 
 1552 1956 9 
 120 1666 8 
 1149 382 2 
 1657 974 3 
 2001 1223 3 
 800 962 10 
 310 18 4 
 1706 1842 7 
 153 691 1 
 1034 2407 3 
 2299 739 2 
 2187 1374 10 
 649 1041 10 
 2294 2214 7 
 2386 680 7 
 919 1478 5 
 926 1966 9 
 252 1812 4 
 1061 1628 5 
 241 122 10 
 1538 1637 4 
 1885 453 1 
 1641 1660 1 
 761 513 9 
 1387 1015 2 
 2085 1458 5 
 484 2038 6 
 1656 138 8 
 113 779 6 
 846 379 6 
 1418 2409 5 
 1986 1468 3 
 174 942 6 
 1775 153 7 
 869 664 8 
 1896 1357 4 
 810 839 2 
 624 1305 6 
 1281 1594 8 
 1608 173 7 
 1423 1827 2 
 1179 1163 8 
 792 975 7 
 2284 631 5 
 2092 378 10 
 1278 619 3 
 719 617 4 
 2268 822 2 
 1540 150 5 
 1728 812 5 
 1118 338 3 
 679 2107 9 
 308 1765 6 
 723 2377 9 
 783 1998 1 
 627 2217 7 
 1860 1427 3 
 1384 1124 5 
 702 1071 4 
 2379 1267 5 
 1936 401 6 
 660 2371 1 
 699 1040 6 
 1206 1324 6 
 1322 1095 7 
 2255 1672 3 
 571 2197 5 
 367 1060 10 
 743 861 9 
 24 1147 6 
 1066 1088 5 
 536 2025 1 
 276 360 8 
 815 305 3 
 1958 485 9 
 410 1300 4 
 548 1307 1 
 1235 396 2 
 2398 2342 6 
 1854 1394 8 
 1841 1097 6 
 1694 479 8 
 2323 631 9 
 2384 1323 1 
 1241 752 4 
 1285 2265 3 
 517 1908 7 
 973 2216 6 
 35 283 5 
 992 1885 5 
 2254 2440 2 
 87 1164 3 
 1991 2039 1 
 1550 1786 6 
 1970 462 4 
 2492 514 1 
 1253 243 1 
 1499 398 1 
 1548 532 4 
 2064 2403 6 
 355 2288 4 
 175 446 8 
 701 11 6 
 2333 1392 7 
 2490 2183 1 
 1807 1056 9 
 2367 327 9 
 2133 639 8 
 375 100 1 
 2151 2277 5 
 1382 323 3 
 2357 551 9 
 1477 644 7 
 333 764 9 
 1935 2421 2 
 2099 1703 5 
 1597 1005 2 
 17 941 10 
 1065 167 8 
 1068 2303 2 
 662 1649 5 
 2437 720 3 
 1730 1771 4 
 1101 1607 1 
 2352 2026 2 
 2025 1445 7 
 202 2424 8 
 1798 1905 6 
 560 1567 9 
 648 2179 3 
 141 2368 1 
 2020 2025 8 
 477 2482 1 
 51 2337 2 
 52 2201 9 
 1711 2172 6 
 1579 526 8 
 1274 1476 3 
 1775 208 2 
 857 2485 8 
 2388 2199 7 
 1531 2237 8 
 2007 1185 6 
 669 875 10 
 2017 1882 7 
 408 66 2 
 1230 86 3 
 2077 1516 4 
 1623 310 10 
 1214 1700 4 
 1975 2324 4 
 878 1406 8 
 198 1258 3 
 2195 2458 2 
 295 1035 10 
 307 2464 8 
 2144 2181 10 
 701 802 1 
 511 1939 9 
 271 181 8 
 1552 280 8 
 600 288 1 
 391 518 10 
 56 342 8 
 2244 159 2 
 1985 426 3 
 712 2248 10 
 444 1900 8 
 1663 464 10 
 1651 894 5 
 2141 1813 1 
 818 780 2 
 2209 2249 6 
 2389 958 7 
 2463 1048 1 
 472 1877 9 
 1929 1383 3 
 1913 290 10 
 1114 28 8 
 1640 2307 1 
 2239 443 8 
 1882 1942 10 
 647 124 9 
 106 1769 8 
 1028 996 4 
 1854 606 5 
 452 1898 5 
 2085 724 9 
 883 1898 4 
 2292 1379 10 
 594 2447 3 
 84 527 2 
 1988 957 2 
 2366 1815 3 
 1288 1480 3 
 1816 680 10 
 280 2230 6 
 700 1749 10 
 49 1838 6 
 2240 1052 3 
 2418 247 8 
 1746 1152 2 
 991 2472 6 
 387 945 5 
 621 1770 1 
 829 2308 8 
 2017 1302 10 
 1402 2116 6 
 1943 394 6 
 640 1466 1 
 908 1531 3 
 38 1298 5 
 2392 1210 2 
 567 2442 9 
 1460 1938 4 
 1735 1107 3 
 690 2346 1 
 1290 2228 3 
 2178 976 10 
 52 339 1 
 1969 255 5 
 700 959 6 
 2310 1099 5 
 274 1833 10 
 2404 2386 10 
 1259 2035 4 
 683 834 4 
 1403 1392 1 
 938 2449 5 
 417 844 5 
 855 898 6 
 211 585 9 
 1215 2291 1 
 156 582 2 
 2241 2037 7 
 1243 2196 9 
 2218 1425 2 
 2483 266 2 
 1674 1699 6 
 2306 2227 5 
 1430 849 7 
 2235 1530 10 
 1590 705 5 
 2445 935 8 
 245 646 6 
 698 523 2 
 859 2384 4 
 546 671 2 
 2256 1439 9 
 816 1125 10 
 496 1070 4 
 681 176 3 
 2395 2390 1 
 1461 1084 8 
 550 765 4 
 1635 2342 2 
 162 1621 5 
 1507 1977 3 
 691 1212 2 
 906 311 10 
 1593 1868 2 
 1930 1674 6 
 341 1364 1 
 1428 886 5 
 500 746 7 
 2200 1252 9 
 1077 1452 2 
 1103 1755 8 
 2466 1692 2 
 663 1103 1 
 1800 293 7 
 470 1919 1 
 1360 2014 9 
 1710 1555 9 
 1999 684 5 
 2301 1952 1 
 1558 857 6 
 1500 1334 1 
 1705 169 7 
 2268 480 7 
 1263 504 7 
 1495 1021 5 
 1808 258 10 
 1840 1424 9 
 313 2114 6 
 1178 1629 9 
 1190 1634 6 
 193 1037 9 
 1532 281 3 
 1717 477 6 
 722 1606 6 
 2058 382 2 
 763 1502 9 
 1546 1932 10 
 754 2038 7 
 1381 728 7 
 1192 2499 7 
 1292 1484 2 
 2405 2042 6 
 238 1494 10 
 2474 320 2 
 210 5 2 
 826 306 8 
 1713 2093 5 
 109 901 6 
 188 2220 3 
 485 2278 3 
 2191 841 7 
 1332 1250 2 
 623 1704 1 
 757 425 5 
 2150 178 9 
 2417 2401 1 
 321 2496 6 
 956 513 6 
 204 565 10 
 2322 1859 6 
 527 748 5 
 110 124 3 
 867 40 5 
 2467 2411 4 
 1831 2423 10 
 443 1881 4 
 535 487 6 
 710 1602 9 
 809 1899 5 
 2337 1199 1 
 2308 138 10 
 1360 1353 1 
 1872 650 10 
 372 722 4 
 635 1248 4 
 747 582 1 
 1750 1449 6 
 1453 71 3 
 1199 375 7 
 958 751 7 
 2246 1935 2 
 1136 1785 8 
 1409 1505 5 
 495 234 7 
 626 1056 2 
 2098 1457 7 
 1901 1184 6 
 464 1824 9 
 2379 344 10 
 33 2452 4 
 1755 444 4 
 624 1015 3 
 2447 464 1 
 463 2318 2 
 1583 1944 6 
 935 944 7 
 2232 807 4 
 35 473 3 
 1270 202 2 
 1694 2261 2 
 2009 2338 7 
 1217 2343 1 
 1787 635 8 
 1027 1530 6 
 1420 1328 5 
 1128 2100 6 
 1766 2359 8 
 857 935 2 
 87 541 1 
 2412 1082 5 
 2310 820 6 
 1318 295 10 
 2102 97 4 
 521 1653 3 
 476 123 8 
 249 2270 8 
 1873 1998 10 
 1730 2268 4 
 16 2162 7 
 1486 2397 7 
 2250 576 2 
 1407 238 7 
 1433 1451 4 
 2251 1303 3 
 60 740 3 
 2024 1312 9 
 848 2036 8 
 1576 586 3 
 1053 2499 3 
 2207 110 5 
 1748 2411 1 
 159 1858 4 
 932 1465 10 
 1539 1430 8 
 590 2413 5 
 709 490 9 
 2381 1873 8 
 862 1417 9 
 1261 1831 3 
 1351 1134 9 
 1747 1557 6 
 1966 2471 3 
 1179 698 4 
 1677 359 7 
 509 1058 3 
 1588 2432 9 
 2372 455 3 
 1484 1236 4 
 1751 2352 10 
 514 1584 1 
 2264 433 9 
 122 1266 6 
 2105 796 4 
 2261 276 3 
 1750 218 9 
 2480 1212 7 
 2267 154 6 
 562 1610 5 
 2117 413 8 
 166 539 3 
 2345 2145 7 
 1610 1606 6 
 2085 2018 9 
 1579 1978 9 
 946 32 4 
 1638 1293 8 
 491 1121 1 
 1808 2033 8 
 994 219 9 
 1722 1780 7 
 45 918 4 
 1134 1853 9 
 1489 713 5 
 972 1237 3 
 1060 625 1 
 1649 1738 7 
 1265 837 10 
 533 1610 1 
 1201 1062 2 
 1439 2355 10 
 438 2049 2 
 653 916 8 
 215 600 9 
 84 1176 3 
 344 740 8 
 940 453 3 
 1310 1304 7 
 1897 2416 5 
 1982 2482 10 
 1565 2477 3 
 2119 1970 4 
 2491 1553 5 
 587 1880 4 
 418 638 9 
 1060 1503 9 
 1604 1684 7 
 121 169 5 
 202 1576 2 
 2206 1328 6 
 1632 1226 2 
 2109 464 3 
 161 995 8 
 643 1283 1 
 1545 236 5 
 10 530 8 
 2191 1554 1 
 75 1238 7 
 1004 168 2 
 692 1890 3 
 609 1586 7 
 1360 133 6 
 2001 157 9 
 1842 2347 4 
 1931 2394 1 
 616 2315 4 
 1691 337 9 
 2308 1040 9 
 1001 177 7 
 1345 214 4 
 497 1706 2 
 1211 1748 1 
 1108 78 2 
 1599 56 5 
 910 104 6 
 1888 957 6 
 1546 936 10 
 1453 906 6 
 171 586 1 
 2068 912 7 
 36 219 5 
 1978 2298 3 
 1372 1751 4 
 1918 1878 4 
 718 2374 5 
 380 2262 9 
 784 672 8 
 2097 1162 9 
 2268 2164 6 
 186 1393 6 
 1884 911 7 
 965 1822 8 
 1768 2169 7 
 161 347 8 
 2270 1010 2 
 624 748 4 
 2223 1130 1 
 816 1220 2 
 1120 808 2 
 768 1946 4 
 2040 1135 10 
 1825 1159 6 
 1192 1859 4 
 1008 1059 9 
 197 1380 8 
 1256 476 10 
 953 2142 4 
 682 2283 3 
 962 2343 4 
 1202 1293 3 
 1271 2108 9 
 393 1268 4 
 1563 458 10 
 2087 365 2 
 370 1579 5 
 2438 1079 3 
 138 1678 1 
 1650 354 4 
 252 2012 8 
 2145 500 6 
 2195 535 4 
 1349 1733 4 
 1044 415 2 
 1444 1502 9 
 1898 461 6 
 1275 2193 8 
 1784 864 10 
 347 964 1 
 223 593 2 
 629 1506 10 
 938 201 1 
 660 199 4 
 865 1669 7 
 2137 2027 3 
 235 1450 5 
 1322 235 5 
 86 2314 1 
 380 855 9 
 468 1401 2 
 1946 871 5 
 1612 1269 3 
 386 1700 10 
 887 1940 2 
 1800 826 6 
 1036 827 2 
 322 412 10 
 1675 1957 7 
 256 2367 5 
 1846 196 10 
 1759 937 8 
 314 1232 8 
 2071 569 1 
 1237 1271 9 
 878 1089 1 
 2139 37 7 
 512 101 5 
 2178 619 3 
 1494 778 6 
 1915 678 1 
 266 415 7 
 405 995 2 
 652 65 2 
 1935 1710 4 
 583 1579 6 
 524 2297 2 
 1341 1593 9 
 2064 1119 9 
 721 2224 1 
 1078 184 10 
 680 344 2 
 1297 2297 3 
 1415 1708 5 
 1436 1018 7 
 1521 2047 5 
 590 1700 5 
 309 393 9 
 994 670 3 
 884 1447 5 
 1390 2221 2 
 2033 1225 9 
 776 1446 6 
 2330 2211 10 
 464 1045 7 
 1604 216 7 
 1847 1281 8 
 494 743 6 
 549 1844 7 
 421 2041 6 
 1513 1007 5 
 823 1106 8 
 424 2046 7 
 746 269 7 
 209 676 7 
 2017 2239 8 
 1233 2455 2 
 1059 1612 1 
 2179 2360 10 
 482 1446 3 
 1051 1273 10 
 998 810 7 
 2294 346 7 
 309 2183 10 
 995 2374 8 
 1310 2036 7 
 493 2001 9 
 680 2036 5 
 1805 277 1 
 124 187 8 
 426 1161 3 
 1745 1286 9 
 1806 426 1 
 1763 987 9 
 1050 1524 7 
 792 1368 2 
 1415 1451 4 
 961 1579 9 
 552 1710 7 
 1071 1542 3 
 742 1478 3 
 152 852 2 
 90 1220 8 
 876 1838 8 
 1677 522 8 
 2313 518 1 
 1951 510 8 
 95 1683 9 
 1696 151 2 
 2041 1945 8 
 2340 308 6 
 1991 153 5 
 171 1241 1 
 1668 2103 10 
 2427 2139 2 
 585 1612 1 
 2090 1841 9 
 1572 545 1 
 2179 1838 3 
 1936 1016 7 
 734 377 5 
 2126 555 4 
 2181 1831 6 
 949 334 4 
 830 2299 3 
 2289 167 1 
 1505 570 9 
 1425 489 4 
 1597 241 4 
 905 358 10 
 2313 1623 10 
 84 1360 2 
 1177 598 9 
 1278 2457 7 
 2023 1503 8 
 1604 27 4 
 34 1635 4 
 838 100 7 
 1961 1303 3 
 2146 1822 4 
 121 589 3 
 2191 2378 2 
 441 112 9 
 1139 2138 10 
 1584 2370 1 
 1837 2326 7 
 1465 1574 3 
 406 1638 10 
 1379 167 1 
 1604 980 8 
 1060 333 10 
 117 1340 4 
 1454 265 10 
 1492 235 10 
 87 103 1 
 1853 1969 10 
 191 1013 4 
 1081 450 7 
 1580 382 4 
 984 2166 9 
 570 2438 9 
 185 2366 3 
 867 947 9 
 1741 413 1 
 1745 1383 9 
 1829 355 1 
 2103 2046 5 
 1346 1823 7 
 1395 2103 10 
 1359 2053 6 
 1953 1714 10 
 1409 1406 9 
 1720 953 6 
 2403 1067 9 
 1776 1310 2 
 2072 1294 7 
 1627 67 1 
 1959 1887 2 
 896 780 7 
 861 1650 4 
 1765 2247 5 
 21 171 8 
 2291 1838 7 
 1892 178 6 
 2163 695 5 
 1462 2160 10 
 808 1336 4 
 2324 2028 10 
 2451 273 2 
 265 353 8 
 44 647 5 
 1392 2352 5 
 1850 1189 8 
 358 1367 9 
 43 174 9 
 2321 1926 10 
 1251 615 10 
 679 233 2 
 1656 2158 2 
 185 1666 1 
 413 1236 8 
 523 1210 1 
 109 1675 7 
 145 1674 1 
 897 1437 4 
 1096 391 10 
 784 195 3 
 913 1823 7 
 228 2288 4 
 482 740 9 
 2386 1710 10 
 36 1387 1 
 1630 1644 7 
 2410 460 2 
 150 2496 8 
 170 2328 2 
 2107 2048 2 
 726 1794 6 
 425 1874 6 
 371 2390 9 
 1788 737 1 
 922 2043 3 
 1581 1320 9 
 1998 437 9 
 153 102 1 
 496 713 2 
 1057 1820 9 
 704 651 4 
 2431 825 2 
 2427 1477 9 
 989 1834 1 
 1643 2449 2 
 868 48 9 
 179 1935 4 
 1903 1318 4 
 1617 118 10 
 799 201 3 
 1255 976 2 
 2179 2120 10 
 933 1302 8 
 2228 1970 2 
 361 34 4 
 2436 1607 4 
 515 254 10 
 1754 899 9 
 2092 1560 5 
 662 2374 4 
 1819 1483 10 
 1661 1651 7 
 1951 515 8 
 737 106 3 
 1227 1170 7 
 1083 2242 7 
 1626 1326 4 
 1232 1128 6 
 1415 1549 6 
 549 2023 8 
 1777 1260 4 
 776 1141 4 
 1588 1739 2 
 2016 1015 4 
 295 612 8 
 953 697 5 
 182 1657 7 
 1711 546 6 
 2084 896 5 
 644 415 10 
 1021 842 2 
 1676 1633 1 
 1735 1391 3 
 2443 2450 9 
 2296 965 5 
 616 911 6 
 470 57 6 
 514 218 10 
 2080 1998 9 
 2263 1407 7 
 1399 1816 10 
 837 2468 6 
 1211 2495 4 
 574 1301 1 
 1435 1532 6 
 302 535 1 
 880 2004 7 
 284 1861 1 
 1262 793 5 
 1677 2203 9 
 1422 1086 6 
 2034 1766 10 
 1953 580 8 
 968 1108 4 
 1417 2459 10 
 826 1946 1 
 2028 1645 5 
 1095 1827 7 
 2033 983 6 
 1266 230 6 
 1260 2377 5 
 247 825 9 
 361 1534 4 
 514 444 1 
 321 1001 5 
 1661 1141 7 
 1371 733 1 
 1685 93 4 
 1890 1962 2 
 667 1281 8 
 2097 2226 9 
 2126 368 9 
 951 1383 6 
 1997 1602 4 
 2082 2096 10 
 1882 2481 3 
 2401 841 6 
 189 847 9 
 1038 2442 10 
 1069 275 8 
 1081 1138 9 
 875 858 10 
 431 1469 8 
 510 282 10 
 2208 958 10 
 1024 1641 3 
 1991 1772 9 
 1406 999 3 
 1307 827 5 
 1917 469 7 
 1841 1925 1 
 2098 1779 2 
 471 1132 9 
 232 1942 8 
 2266 2029 3 
 1965 1568 6 
 1048 993 6 
 714 946 6 
 2113 1446 8 
 2094 1448 8 
 1576 783 3 
 1600 754 4 
 1112 1282 3 
 1183 2309 9 
 1952 2324 5 
 2213 699 8 
 215 613 7 
 1486 1773 4 
 1916 724 9 
 1970 1995 8 
 555 1444 8 
 292 1468 3 
 1028 634 10 
 59 1988 4 
 1540 1125 6 
 1186 276 3 
 1393 1178 6 
 1656 595 2 
 1777 256 8 
 707 1602 7 
 2164 828 6 
 1240 124 4 
 135 2353 8 
 1547 436 4 
 837 276 2 
 445 1661 9 
 261 1979 4 
 566 902 5 
 775 1057 4 
 1318 1770 7 
 2021 1841 5 
 350 1081 10 
 913 2247 7 
 248 1812 9 
 1125 2469 7 
 2219 172 6 
 1479 612 3 
 340 1945 1 
 1940 2144 6 
 886 1461 4 
 1451 780 3 
 428 1293 3 
 786 968 7 
 2217 741 5 
 322 272 8 
 2075 2105 8 
 139 697 7 
 387 771 7 
 146 2104 10 
 2073 1515 6 
 2415 383 1 
 297 2236 1 
 1408 1827 8 
 2161 1030 7 
 1615 1557 8 
 426 1589 3 
 1085 1712 5 
 514 345 2 
 471 122 2 
 1739 1844 3 
 23 1737 1 
 1420 1136 5 
 159 249 2 
 201 1418 7 
 1656 866 9 
 1304 1602 4 
 1573 629 7 
 571 976 7 
 793 52 7 
 1657 327 1 
 962 723 3 
 593 338 6 
 1067 1505 9 
 1000 1006 9 
 2400 1673 6 
 2049 1045 9 
 2291 2072 8 
 78 1011 10 
 1098 1478 6 
 1782 614 8 
 2400 1039 4 
 625 
 633 634 1712 416 2144 1993 1615 2500 2314 1562 2014 2434 120 1018 380 
 1759 1271 2349 2377 1045 1723 423 1603 186 1524 303 95 2281 157 87 
 1594 171 490 561 2443 2082 939 806 271 2252 1012 550 946 2323 1044 
 1741 1824 1935 245 2248 5 504 1071 2200 1277 1047 859 1647 622 101 
 62 2499 998 2455 1792 1685 2202 2091 2235 404 2451 1941 2463 1465 1132 
 211 312 743 139 948 968 551 585 1576 2094 521 1074 2044 2025 926 
 1778 2388 1126 1472 642 112 1565 1530 850 1268 1258 363 1803 8 574 
 1250 458 1750 172 1953 1399 499 1692 60 877 1666 2418 769 1494 436 
 713 2180 507 2226 975 2261 128 1676 369 2017 347 643 418 2151 1137 
 1797 996 1649 903 2317 1120 912 943 1348 52 1266 823 1252 612 1213 
 1260 2114 902 2175 1746 1128 1560 2046 460 1793 639 1295 1215 667 1437 
 2483 632 2392 1114 1062 2024 1949 2355 2276 328 1269 179 2072 1292 2077 
 804 1506 821 277 2092 921 2110 1208 1021 1863 1360 1845 849 1908 1689 
 595 1704 1849 884 1729 1854 145 38 700 1073 844 779 1559 1135 753 
 1086 1930 824 498 1429 1702 1505 2219 1859 320 2055 1193 297 292 1684 
 1657 1722 1278 4 361 191 2457 893 483 1583 1718 1397 1799 2081 1825 
 2186 664 2307 1006 1779 2452 554 2031 2228 334 619 1915 2454 362 2378 
 367 222 930 558 1022 1094 2040 1830 364 605 317 1170 1402 2103 869 
 654 2032 1254 1285 524 479 487 2364 1853 1847 1715 1443 2058 1407 2401 
 2359 1287 77 737 2316 518 2048 953 2178 461 781 2165 1781 1389 446 
 14 322 786 2474 1848 862 783 2303 2205 506 1659 1312 1426 1477 671 
 2208 415 1000 187 2154 72 1427 193 13 1873 2107 2290 578 1249 169 
 1913 771 1296 2122 1929 1547 2176 2393 1839 563 2302 923 1281 2234 73 
 1433 2237 2245 1645 2039 1231 1308 2246 500 2233 761 795 1034 2481 51 
 318 1987 2348 2218 2239 354 1983 1061 1272 68 1757 1115 414 1743 405 
 93 138 2461 118 1041 2368 1976 1256 811 2045 1038 237 1841 50 1106 
 12 1844 443 159 800 1593 659 2472 1514 2139 1697 1996 1936 2171 1202 
 201 394 488 1928 1219 1442 1992 28 1318 1959 33 2363 85 196 2059 
 680 1162 1182 672 269 2251 556 278 1349 796 646 818 251 2458 295 
 598 853 89 382 1104 1051 1257 1055 1005 689 580 342 1485 1755 314 
 560 1450 774 188 1942 330 371 417 1531 454 1288 234 288 150 988 
 1192 1826 825 2450 1891 71 2116 571 2242 1158 2047 2269 2087 1015 1985 
 1835 1939 1329 435 1317 74 2293 1342 592 387 1306 1123 1687 1199 842 
 628 986 1491 420 319 2324 768 1273 1890 231 1885 955 679 2253 1617 
 22 1535 1059 1441 316 1177 146 1479 1467 1705 2168 97 2085 226 758 
 1457 1771 535 1225 1043 892 142 1752 1303 439 2366 2037 357 1451 861 
 329 1274 2268 885 2033 204 275 1994 801 1083 41 682 1574 365 854 
 1866 1504 630 198 1453 2054 945 1436 2304 143 2156 577 1808 130 421 
 45 1304 584 2462 816 1553 674 511 789 738 293 999 2432 764 641 
 1513 243 1850 1714 1049 2098 2162 2057 685 1226 964 396 2187 447 2372 
 174 1356 868 545 2043 1958 1081 1454 817 2195 1119 232 2113 238 2389 
 2182 55 522 777 2052 1398 1573 1802 773 17 
