 2500 3125 
 859 246 7 
 859 986 4 
 2495 859 7 
 2495 1757 2 
 801 246 7 
 986 2289 8 
 801 1534 5 
 2061 1757 5 
 196 2289 10 
 2495 1181 8 
 801 1902 8 
 986 2253 1 
 23 2495 2 
 2495 2197 7 
 86 2495 6 
 1419 246 1 
 246 717 3 
 1710 1181 4 
 2197 1295 10 
 429 2197 3 
 195 1419 8 
 23 98 9 
 1135 1295 9 
 2197 1788 3 
 246 2496 5 
 1181 2458 6 
 1194 98 1 
 1419 183 4 
 246 1647 1 
 246 399 2 
 246 1277 9 
 98 203 2 
 2126 2495 7 
 1974 1295 4 
 1172 1135 3 
 2126 288 8 
 2126 1662 6 
 1753 2197 5 
 1172 1628 1 
 735 1534 3 
 2061 1676 6 
 420 735 5 
 2386 2496 7 
 1015 1194 9 
 2295 1647 5 
 1757 1887 8 
 86 128 4 
 128 1874 6 
 519 429 9 
 476 420 2 
 1974 1078 8 
 924 23 4 
 1381 195 6 
 1295 714 7 
 204 1277 9 
 1676 1255 10 
 1158 429 2 
 1419 2347 2 
 1974 1344 6 
 174 2253 3 
 627 1255 4 
 1753 809 3 
 290 2289 9 
 1940 986 4 
 1534 2274 10 
 1974 993 8 
 1757 550 3 
 2386 176 4 
 183 2086 5 
 476 901 3 
 2086 1560 9 
 1770 2347 9 
 420 138 3 
 1929 1710 3 
 2126 1072 7 
 1929 531 8 
 627 1922 8 
 1804 1757 7 
 138 416 6 
 1072 1997 9 
 2386 1977 3 
 82 204 3 
 1753 1845 5 
 66 1560 4 
 1284 2386 8 
 196 851 6 
 2117 1997 2 
 2274 1128 5 
 937 714 2 
 1277 2438 5 
 1580 1662 6 
 288 407 10 
 1072 1497 1 
 1647 1455 4 
 459 1135 7 
 1974 2379 10 
 246 43 5 
 1940 2198 10 
 851 88 3 
 1922 2204 3 
 627 1152 9 
 2253 1331 2 
 1015 2122 10 
 100 627 2 
 138 361 9 
 1203 196 2 
 2348 416 7 
 1929 2399 10 
 407 2314 8 
 23 2368 9 
 1874 60 6 
 2348 833 2 
 810 1977 3 
 416 1607 10 
 1277 629 10 
 1128 1843 7 
 455 1887 9 
 2062 1770 10 
 459 147 5 
 519 1920 5 
 43 1427 4 
 901 2266 10 
 290 2413 10 
 1974 401 5 
 1164 1753 6 
 1603 1662 5 
 998 1997 10 
 1351 2458 3 
 1255 638 4 
 2335 88 3 
 203 2268 6 
 1288 1676 9 
 459 1155 1 
 1270 174 9 
 2289 2299 9 
 1887 1365 7 
 478 2268 10 
 1415 1845 9 
 1055 1662 3 
 929 1128 8 
 79 2413 3 
 209 82 3 
 2231 2399 8 
 62 2386 1 
 2062 1352 6 
 2086 52 4 
 399 911 9 
 35 455 4 
 1735 62 4 
 1662 367 5 
 1728 2368 4 
 2170 429 4 
 1078 131 3 
 1787 2204 6 
 2161 1128 7 
 2289 7 6 
 1550 82 7 
 519 2165 1 
 2438 1477 6 
 2348 1699 7 
 2024 1419 10 
 2371 1415 1 
 638 440 9 
 675 98 6 
 1367 459 4 
 627 1969 10 
 209 1543 9 
 459 708 9 
 648 1128 5 
 459 1151 1 
 1352 1597 3 
 1928 23 4 
 2268 186 5 
 1993 1367 4 
 1036 531 2 
 1304 1284 9 
 654 1922 10 
 1015 2255 1 
 86 1771 7 
 1676 1777 1 
 1033 361 8 
 1920 599 4 
 996 810 2 
 1980 1365 2 
 1843 965 6 
 1379 131 6 
 1381 1048 2 
 1220 1295 8 
 1379 1062 7 
 427 965 1 
 1843 1409 2 
 2266 891 9 
 1676 1437 1 
 2352 62 2 
 965 681 10 
 1220 613 1 
 378 2266 6 
 147 1327 8 
 2274 1226 6 
 2394 2438 7 
 2190 1327 7 
 959 209 9 
 2011 2266 8 
 125 52 3 
 63 195 10 
 2274 1921 1 
 1172 1957 2 
 959 1458 9 
 184 1787 9 
 708 2451 7 
 2496 296 8 
 985 2268 10 
 714 2091 10 
 196 907 8 
 346 420 9 
 1647 604 4 
 806 2161 5 
 209 1021 7 
 1704 204 7 
 455 2104 8 
 2173 1409 1 
 1534 492 7 
 1331 514 7 
 2197 2410 6 
 1757 201 2 
 749 735 4 
 432 2399 10 
 937 1268 1 
 2305 7 6 
 401 20 10 
 1376 2268 2 
 1344 2456 7 
 2356 1078 5 
 609 1874 4 
 1560 562 3 
 1749 749 5 
 1757 1584 5 
 1055 625 6 
 1732 2231 9 
 1843 2168 6 
 1135 615 9 
 1550 321 6 
 1078 2241 2 
 1584 1042 5 
 1048 542 3 
 1419 1514 3 
 1284 1679 1 
 2086 1879 1 
 555 1534 2 
 416 30 2 
 871 63 5 
 121 1777 2 
 809 1432 1 
 82 1094 6 
 432 1154 7 
 2032 2086 5 
 684 1980 7 
 1964 1458 7 
 1535 186 5 
 1812 1327 1 
 745 993 7 
 60 610 7 
 322 43 5 
 1679 1103 2 
 63 677 5 
 1681 1753 6 
 1928 992 7 
 806 1302 8 
 1628 781 8 
 1455 384 2 
 1659 1284 2 
 871 680 2 
 1432 2111 5 
 1627 911 9 
 1696 401 4 
 766 1072 8 
 891 845 6 
 542 1271 5 
 626 43 1 
 2321 1344 2 
 1288 504 4 
 1119 766 9 
 490 1969 3 
 2255 1567 4 
 871 1142 2 
 2241 832 1 
 1913 429 4 
 2288 52 1 
 2259 1921 3 
 1063 1379 10 
 1863 176 5 
 1048 1184 6 
 490 994 9 
 2170 53 2 
 1063 234 2 
 2026 907 8 
 1128 2218 5 
 1745 234 9 
 291 98 3 
 288 438 6 
 754 1351 5 
 651 88 3 
 478 1860 10 
 1887 342 6 
 1696 676 4 
 1018 1288 9 
 2104 1850 6 
 832 1453 10 
 1094 162 4 
 875 176 6 
 252 1543 3 
 2259 1585 10 
 2198 915 9 
 224 627 6 
 2451 55 6 
 1921 1239 3 
 1805 676 5 
 1453 878 2 
 2296 131 9 
 2162 2386 10 
 1969 1452 5 
 379 1154 6 
 30 360 2 
 1964 1176 4 
 162 1075 10 
 1980 568 6 
 2068 2289 5 
 2138 2305 6 
 7 188 4 
 1170 2399 10 
 224 1970 8 
 252 1708 3 
 551 1152 7 
 1053 100 4 
 1312 1845 2 
 131 865 4 
 1176 194 4 
 147 685 8 
 1049 708 8 
 1220 646 4 
 1850 2144 10 
 1021 1278 6 
 2366 174 10 
 262 1567 6 
 2268 1559 9 
 260 1977 4 
 1749 267 5 
 52 1233 8 
 599 494 4 
 1075 1563 2 
 2309 2314 4 
 2243 52 6 
 929 2331 6 
 401 951 3 
 965 932 10 
 1812 240 9 
 204 44 6 
 557 801 9 
 1415 818 1 
 577 1970 6 
 859 1809 5 
 1777 1391 2 
 401 1100 10 
 1116 401 1 
 2080 262 1 
 1049 670 6 
 420 1397 2 
 871 2435 9 
 2062 1978 4 
 2294 1771 7 
 459 2478 8 
 260 293 2 
 1280 2086 6 
 1358 1753 6 
 630 951 3 
 1535 578 2 
 240 1885 9 
 2355 1922 3 
 1732 842 3 
 531 1942 9 
 1464 1142 7 
 1625 1676 2 
 851 389 9 
 1030 2204 2 
 1027 138 10 
 896 188 10 
 1774 1055 10 
 525 630 3 
 2232 1376 3 
 1444 1327 2 
 459 1549 3 
 679 2111 10 
 1365 1519 1 
 2121 2371 2 
 95 1770 10 
 1874 2182 2 
 907 632 7 
 2062 108 2 
 1042 695 9 
 2122 1645 1 
 1872 2478 4 
 264 2198 5 
 2218 57 6 
 17 427 9 
 1623 1607 6 
 1226 1800 1 
 242 504 7 
 1762 55 1 
 2047 1887 8 
 951 895 10 
 1922 2108 10 
 30 1265 9 
 1456 389 4 
 833 1691 6 
 1259 138 4 
 510 2047 4 
 871 151 5 
 1362 1288 7 
 1568 514 10 
 378 2082 2 
 2091 598 8 
 911 308 3 
 1585 2001 2 
 1647 1640 9 
 2339 568 2 
 1673 1055 8 
 1839 1749 7 
 626 1521 6 
 60 1137 4 
 2299 216 9 
 845 1767 10 
 2461 2086 10 
 125 2010 5 
 66 146 7 
 2082 1744 9 
 1718 2047 9 
 2162 2311 2 
 1255 2140 2 
 2175 1381 1 
 2390 1550 9 
 2390 2328 6 
 1032 1980 8 
 1857 1735 10 
 1367 1286 10 
 1270 347 4 
 1375 1920 8 
 105 2352 2 
 360 4 9 
 1979 2082 2 
 990 378 2 
 2186 209 5 
 1286 595 2 
 1184 482 3 
 262 532 1 
 1200 2296 3 
 1728 1962 1 
 800 1220 10 
 870 685 10 
 3 1718 10 
 2266 2193 7 
 2144 931 2 
 346 529 3 
 468 2335 1 
 2260 2299 4 
 1607 2401 3 
 82 2119 1 
 385 1940 2 
 232 1351 5 
 1681 894 3 
 1642 1521 4 
 498 146 8 
 2337 809 9 
 1864 810 6 
 1196 86 9 
 2294 230 7 
 1467 162 4 
 1728 1004 5 
 1332 610 3 
 2157 749 7 
 1416 1567 1 
 2435 104 10 
 360 624 5 
 900 681 4 
 2465 2122 7 
 2296 1702 10 
 2144 2358 2 
 1280 2454 1 
 3 697 9 
 2237 2026 10 
 959 1858 7 
 1728 422 10 
 875 261 10 
 970 1628 8 
 318 174 9 
 1586 1627 5 
 2168 664 8 
 57 344 9 
 1293 1858 9 
 2289 18 6 
 318 2 9 
 1621 675 4 
 1739 1116 6 
 675 64 3 
 599 686 2 
 1463 842 9 
 1940 2043 9 
 867 990 1 
 174 1341 3 
 2068 99 9 
 1728 301 4 
 2011 333 9 
 1899 1381 8 
 1292 35 8 
 1777 2291 8 
 1455 920 10 
 595 2125 10 
 1332 85 5 
 785 929 5 
 1659 1949 5 
 761 1860 7 
 1249 1800 7 
 2399 2224 1 
 832 2479 10 
 937 692 8 
 1021 1334 7 
 81 176 5 
 2018 891 4 
 1324 1922 3 
 955 490 1 
 1126 79 6 
 1184 523 6 
 1444 2093 6 
 1762 1686 1 
 1922 2498 9 
 808 2311 8 
 378 2076 4 
 1401 1774 7 
 2212 2121 9 
 2232 849 2 
 476 1591 5 
 2396 1603 6 
 2317 1845 3 
 2186 2404 1 
 1719 2125 9 
 1788 373 3 
 2173 2146 7 
 1741 1233 10 
 1015 2127 1 
 1082 1126 7 
 2383 615 2 
 1380 1268 2 
 2 1034 3 
 850 66 7 
 543 1845 5 
 1075 1611 9 
 2460 267 4 
 1739 403 10 
 2259 1439 1 
 488 1550 9 
 2043 1066 1 
 2171 1032 9 
 1340 2266 9 
 1936 2032 3 
 2129 1397 8 
 631 686 4 
 1362 545 8 
 454 2413 4 
 1478 1196 1 
 1919 998 10 
 993 1638 6 
 2461 1896 7 
 1409 1941 7 
 2452 1962 7 
 478 1883 2 
 651 1386 10 
 1442 677 9 
 1667 2253 5 
 1554 108 7 
 356 1936 6 
 2454 669 1 
 2132 1062 9 
 627 1965 9 
 2353 2190 7 
 365 654 10 
 2165 39 5 
 168 2186 10 
 959 54 4 
 716 1194 10 
 1956 1623 6 
 1809 2112 1 
 1300 986 4 
 543 1890 9 
 709 1628 8 
 703 1278 8 
 2438 2235 4 
 1172 259 1 
 461 2024 10 
 1478 1112 3 
 117 1638 10 
 531 2051 9 
 274 2122 3 
 2336 1964 1 
 895 1914 2 
 2098 422 2 
 1260 865 1 
 196 1061 2 
 2421 1805 3 
 2158 911 2 
 1341 1897 2 
 1483 2371 1 
 1019 1977 4 
 1880 2086 4 
 1754 685 6 
 1096 1135 1 
 185 379 3 
 1997 286 7 
 1735 180 10 
 938 1196 9 
 1444 2164 9 
 1876 2352 2 
 1690 60 2 
 1942 673 10 
 1379 2414 1 
 806 400 3 
 1155 282 8 
 593 1196 9 
 2314 1438 8 
 2394 311 2 
 1487 174 7 
 937 1346 10 
 2231 428 8 
 2139 216 1 
 2187 432 9 
 1304 823 3 
 1109 1375 4 
 1007 1365 1 
 2383 1824 10 
 1801 1728 8 
 1380 226 2 
 57 1760 8 
 1935 2458 7 
 1890 639 3 
 2218 912 7 
 1045 2465 9 
 1948 1914 6 
 825 648 6 
 777 1771 3 
 439 545 3 
 875 470 6 
 1463 430 5 
 2208 1439 1 
 1714 2117 2 
 818 113 7 
 2341 420 9 
 857 992 4 
 641 1196 9 
 1438 295 10 
 430 2021 9 
 2031 1063 7 
 2447 1066 4 
 71 1327 10 
 879 514 10 
 670 949 5 
 776 1004 6 
 288 1498 4 
 1332 2006 8 
 2158 739 3 
 1507 849 6 
 204 426 9 
 1864 1378 8 
 2347 207 5 
 1094 922 6 
 1673 127 5 
 1567 2449 6 
 2129 1835 6 
 1491 745 3 
 384 558 7 
 400 1368 8 
 1142 1950 10 
 1321 2204 8 
 1658 216 5 
 1565 416 7 
 1185 342 5 
 198 1719 9 
 7 1959 10 
 1769 639 5 
 1164 2312 3 
 1559 2073 10 
 1974 700 9 
 270 43 9 
 400 258 3 
 126 2309 2 
 168 2183 10 
 476 1207 9 
 1116 1210 2 
 84 2296 2 
 1739 1068 5 
 1022 685 4 
 2116 2404 9 
 1679 773 1 
 188 1232 10 
 195 386 9 
 316 1696 8 
 1362 69 9 
 142 717 6 
 71 245 3 
 1435 2410 9 
 1063 829 1 
 461 1187 2 
 117 348 10 
 1690 191 4 
 2224 1661 8 
 1355 1623 8 
 1942 483 3 
 2210 850 10 
 2212 1881 10 
 1154 982 10 
 675 1431 1 
 2348 953 8 
 1307 296 4 
 232 1254 2 
 751 2311 10 
 1072 600 10 
 2368 1916 9 
 1207 1509 3 
 2129 154 5 
 310 2080 6 
 290 2134 9 
 2129 187 9 
 1740 545 10 
 1126 1975 7 
 777 724 8 
 686 2349 7 
 1744 1537 4 
 2212 2374 2 
 1883 644 4 
 1004 166 1 
 879 674 4 
 1200 26 6 
 2035 1628 2 
 1349 2413 8 
 915 698 5 
 1045 779 5 
 1507 1721 1 
 1396 766 2 
 1106 1921 1 
 1150 1580 4 
 84 480 7 
 1574 386 9 
 1142 1090 6 
 1750 1255 1 
 911 2115 5 
 316 1244 9 
 1959 1562 4 
 1024 2062 4 
 740 321 10 
 1741 2269 2 
 203 1854 10 
 720 2404 3 
 1427 892 3 
 1894 651 8 
 954 681 10 
 716 2120 2 
 526 1805 2 
 1666 2356 7 
 1688 2295 8 
 1108 703 5 
 471 166 3 
 1684 240 5 
 2322 550 4 
 2482 86 4 
 2119 305 2 
 1767 247 1 
 773 1772 5 
 1206 232 2 
 2182 564 5 
 215 698 5 
 807 2134 2 
 1527 1094 2 
 954 1309 8 
 1925 2243 7 
 2417 1376 5 
 43 1028 6 
 557 784 3 
 1026 305 9 
 198 1020 8 
 1108 2216 6 
 2472 367 7 
 1355 2493 8 
 2250 1007 4 
 348 918 4 
 907 327 9 
 1832 308 8 
 2041 2165 8 
 209 902 4 
 2223 174 10 
 1467 1910 6 
 1210 2313 4 
 650 1559 4 
 1142 456 4 
 2208 1705 2 
 1970 2316 8 
 2241 897 3 
 2225 403 9 
 43 706 7 
 1553 1033 9 
 2428 1220 3 
 1274 907 5 
 559 1899 9 
 1300 1287 9 
 2207 1075 6 
 1450 1072 3 
 1379 352 3 
 1171 955 2 
 313 88 5 
 1605 1686 1 
 389 743 9 
 1886 494 8 
 1944 714 10 
 2425 902 4 
 1096 331 5 
 277 2170 2 
 1749 489 7 
 680 2315 7 
 2314 1576 4 
 1850 1025 1 
 1136 2495 8 
 1434 700 6 
 2090 1302 8 
 327 515 3 
 93 2447 9 
 262 2405 6 
 1110 1710 3 
 270 382 6 
 585 992 6 
 643 1774 8 
 145 2047 2 
 2364 295 2 
 676 2247 2 
 1135 1370 3 
 2155 1741 9 
 1234 1268 6 
 2068 1515 7 
 695 1983 8 
 524 686 2 
 643 2486 7 
 1274 1533 6 
 1861 1021 9 
 1545 1978 9 
 478 1748 10 
 1444 1468 3 
 1903 1380 9 
 1593 1033 6 
 851 812 8 
 843 1119 10 
 1548 2225 4 
 108 2194 7 
 2015 867 10 
 1978 1389 6 
 2243 1496 4 
 818 1588 1 
 1444 211 1 
 134 1355 7 
 2243 921 3 
 664 528 1 
 1519 156 8 
 527 151 8 
 26 813 10 
 127 1951 5 
 1180 2374 4 
 66 1476 5 
 192 703 9 
 1485 2349 1 
 637 1899 6 
 620 104 5 
 916 2449 8 
 2142 1327 4 
 1407 347 4 
 163 293 3 
 392 2250 5 
 1419 1893 9 
 1091 1478 5 
 1214 2035 5 
 757 1137 8 
 1997 764 10 
 1431 1911 7 
 1969 2292 4 
 568 835 4 
 2013 2295 5 
 1152 1947 3 
 1962 1364 9 
 1327 1779 7 
 637 903 4 
 374 2347 10 
 1460 2495 7 
 2485 428 8 
 458 194 3 
 1988 849 2 
 1686 2367 3 
 1569 1309 5 
 545 1758 9 
 342 502 4 
 1758 662 4 
 1780 1450 1 
 2050 204 4 
 2485 375 2 
 2162 1441 10 
 4 1547 4 
 1523 1439 9 
 766 864 3 
 1719 1348 6 
 1750 1372 10 
 1014 23 7 
 599 366 4 
 865 118 4 
 2442 1568 5 
 1339 2 2 
 293 1501 9 
 1035 198 1 
 1188 429 9 
 262 1985 7 
 1459 1975 3 
 1711 1548 7 
 1650 367 5 
 44 1217 7 
 1617 1935 9 
 351 2482 10 
 616 1897 8 
 651 2376 9 
 1109 276 7 
 762 2383 1 
 864 302 9 
 2089 2401 10 
 2361 1607 8 
 1024 371 9 
 2175 836 2 
 2081 675 6 
 849 380 5 
 2321 2044 4 
 2352 2109 3 
 2070 1351 5 
 2406 1628 1 
 1567 518 3 
 1587 1091 2 
 177 1053 2 
 1669 2336 5 
 1463 1037 3 
 519 5 3 
 2345 937 8 
 1340 435 3 
 953 182 7 
 1188 1877 4 
 3 1086 4 
 41 2115 6 
 588 850 8 
 289 1696 9 
 1007 355 5 
 109 2032 6 
 1974 1859 1 
 872 2313 10 
 2231 787 2 
 2307 849 9 
 1000 1942 3 
 26 1966 2 
 306 488 4 
 422 607 7 
 1533 663 8 
 2144 1029 8 
 2465 963 3 
 991 891 4 
 1133 630 6 
 497 1358 7 
 2496 135 1 
 2415 64 7 
 551 446 10 
 446 693 8 
 2389 1352 1 
 2467 638 8 
 297 1935 6 
 1477 1828 4 
 539 2170 4 
 637 1726 6 
 420 436 8 
 2360 2376 5 
 2043 2049 5 
 1652 931 5 
 615 91 2 
 1178 1468 6 
 2130 403 10 
 521 2050 3 
 1826 896 9 
 2006 608 8 
 511 1072 5 
 1726 1129 1 
 2224 1909 4 
 2385 2274 9 
 1944 2200 1 
 1730 35 2 
 1070 2168 9 
 776 978 9 
 1457 1928 7 
 1014 1454 7 
 938 1798 7 
 1497 1945 5 
 1479 1576 4 
 1453 152 10 
 1576 2172 7 
 2349 248 7 
 1758 1099 6 
 1735 560 1 
 2098 2234 5 
 2129 2052 1 
 637 1958 3 
 1425 578 9 
 813 388 9 
 102 515 3 
 480 1765 10 
 1082 584 1 
 2412 650 10 
 1723 864 8 
 455 241 2 
 1383 625 9 
 1659 942 6 
 620 855 7 
 274 1168 10 
 3 1901 8 
 2270 1617 8 
 62 935 4 
 313 2103 9 
 1582 1096 8 
 1536 978 8 
 308 1071 9 
 2344 2349 10 
 2380 1344 10 
 1194 1013 2 
 1814 1515 8 
 852 1416 9 
 1756 2410 4 
 1984 1164 5 
 1322 1119 8 
 2199 1801 10 
 46 232 3 
 1932 2068 9 
 373 300 2 
 516 2380 4 
 1432 1943 6 
 1409 1506 4 
 1022 2391 8 
 321 1231 10 
 1844 54 10 
 1911 1123 10 
 1013 1618 2 
 500 2352 5 
 1993 1870 7 
 591 1453 4 
 1570 896 2 
 93 1143 1 
 1362 1060 4 
 1249 2362 3 
 1387 1997 4 
 1120 2316 5 
 165 1346 3 
 322 278 5 
 2308 1983 6 
 960 64 4 
 1201 306 4 
 1707 290 6 
 921 1465 10 
 374 1124 7 
 1023 1625 10 
 1776 1969 6 
 878 1764 10 
 478 2113 10 
 559 831 6 
 2053 1019 7 
 2390 1482 4 
 304 1339 7 
 352 1556 7 
 1511 2316 9 
 877 1721 3 
 578 1747 8 
 330 1533 9 
 109 1660 8 
 985 1398 10 
 1561 476 7 
 1777 1149 2 
 1216 598 10 
 135 1731 2 
 42 373 3 
 1151 1347 6 
 1685 1427 6 
 1342 1839 5 
 1280 1253 10 
 1694 1467 2 
 2273 7 10 
 1642 1784 8 
 2454 1145 5 
 610 952 2 
 345 300 4 
 1585 2279 8 
 2407 1396 5 
 147 1632 8 
 885 4 9 
 2058 2218 10 
 1473 604 9 
 1394 1554 10 
 1289 1233 1 
 1025 1612 3 
 2199 447 3 
 2354 2076 1 
 2485 541 3 
 1918 1037 5 
 1647 214 5 
 950 1640 5 
 2088 2120 2 
 1455 1604 4 
 115 2273 10 
 418 527 6 
 1232 2419 8 
 2399 1532 1 
 1093 2 5 
 1151 1111 6 
 2237 2429 3 
 1618 143 5 
 298 308 6 
 207 2083 3 
 1990 1007 7 
 2451 136 8 
 1166 1049 6 
 2047 1251 8 
 16 600 2 
 427 1778 1 
 2469 706 7 
 106 1066 5 
 1228 264 4 
 424 288 8 
 1405 625 10 
 210 2212 7 
 152 2455 2 
 1245 1562 3 
 1994 625 10 
 541 1426 8 
 852 200 5 
 1755 1864 2 
 287 234 5 
 830 1514 5 
 1409 667 8 
 2136 1947 1 
 1364 1494 2 
 2133 1877 9 
 1346 1305 7 
 1255 973 6 
 2297 1286 9 
 1970 2275 5 
 1946 684 8 
 198 1325 2 
 104 883 3 
 1456 1402 10 
 1595 392 7 
 2183 1972 5 
 1789 1288 8 
 1998 703 4 
 102 795 10 
 1105 1482 10 
 207 2280 4 
 2161 727 9 
 1562 1153 7 
 215 2430 3 
 188 723 9 
 1546 1586 10 
 409 276 9 
 1551 1136 2 
 1744 1895 2 
 1148 345 5 
 2303 541 8 
 179 252 2 
 2039 851 6 
 1059 1688 2 
 1784 1799 5 
 1746 510 2 
 1692 1688 7 
 2281 1028 6 
 2084 1533 1 
 1104 2090 4 
 1604 1589 9 
 869 1152 3 
 2275 1474 1 
 1525 2032 10 
 2098 220 9 
 2173 1598 5 
 1425 1138 9 
 1533 481 7 
 863 2303 9 
 281 781 4 
 330 364 2 
 616 2363 10 
 1621 2443 8 
 937 2156 1 
 1972 746 8 
 73 1459 4 
 1362 1955 8 
 1351 269 1 
 1732 2097 6 
 1785 1104 1 
 454 1436 8 
 716 1971 6 
 203 567 7 
 1903 1649 9 
 2134 1609 8 
 2150 1485 4 
 1901 1095 4 
 824 717 9 
 2400 843 1 
 2230 1990 1 
 2426 1719 4 
 541 858 3 
 797 2498 6 
 536 529 3 
 557 1470 2 
 1469 1719 1 
 165 2387 4 
 1144 800 7 
 1679 1733 1 
 1820 1378 6 
 820 1351 8 
 2421 193 6 
 683 528 4 
 1209 875 1 
 1599 871 9 
 188 939 3 
 1949 2427 5 
 2401 1064 1 
 101 1059 7 
 2147 2081 1 
 1607 309 10 
 2131 1650 2 
 1399 1274 2 
 488 38 8 
 1195 1745 5 
 2098 408 4 
 997 578 7 
 1711 2320 2 
 1012 2413 6 
 1842 2383 2 
 863 244 10 
 448 2496 1 
 1133 45 10 
 1156 1332 10 
 311 1594 1 
 1000 1888 4 
 973 1882 2 
 2272 342 5 
 1468 1242 10 
 1625 827 2 
 216 2357 9 
 1324 2420 10 
 1332 1675 9 
 156 1566 10 
 93 2110 4 
 1904 631 4 
 1372 2185 8 
 161 1149 3 
 2000 2131 1 
 2076 1418 9 
 1959 1635 6 
 1165 1013 6 
 757 1084 4 
 2115 1592 10 
 99 431 5 
 1323 1880 10 
 818 1264 6 
 1524 629 9 
 1358 906 7 
 784 1670 1 
 1585 1742 1 
 762 2463 5 
 1124 2325 4 
 2006 1366 10 
 2234 31 5 
 2033 551 9 
 1757 1328 9 
 1900 698 4 
 1214 988 7 
 933 806 7 
 1995 539 9 
 907 2057 5 
 2177 1809 10 
 1019 442 7 
 1481 1391 6 
 1607 1306 10 
 1150 736 9 
 2210 1451 10 
 2310 2047 8 
 2364 2004 5 
 201 450 7 
 552 1042 6 
 1357 1685 8 
 700 1430 7 
 471 390 1 
 787 1644 7 
 1948 1600 9 
 952 353 9 
 1069 950 2 
 1895 583 7 
 31 1502 4 
 2051 2340 9 
 2158 1031 7 
 2391 957 9 
 2482 704 10 
 63 1856 2 
 1897 792 6 
 2451 1283 10 
 1558 1090 5 
 1379 2020 5 
 782 1100 4 
 1551 114 4 
 1322 2060 8 
 1319 180 9 
 2206 1464 2 
 218 1562 5 
 1153 1967 4 
 1663 855 3 
 1518 93 1 
 400 469 4 
 15 1864 6 
 1062 2203 4 
 823 1701 1 
 1325 2488 6 
 1612 103 9 
 691 644 5 
 651 975 8 
 391 1254 9 
 1052 286 4 
 2054 1166 6 
 1707 1238 2 
 1276 2224 7 
 1694 573 1 
 1169 1969 2 
 701 1904 1 
 2362 2293 1 
 2111 923 8 
 2087 1014 8 
 1113 135 3 
 2203 987 9 
 1321 861 10 
 1325 778 1 
 991 1046 4 
 778 1851 8 
 1539 316 6 
 1282 1110 1 
 1561 2202 4 
 671 903 5 
 312 482 9 
 2187 1646 7 
 2205 523 8 
 730 100 9 
 1262 584 5 
 2373 1929 7 
 2412 1963 8 
 791 109 10 
 1958 358 3 
 2155 205 6 
 1117 1452 4 
 966 2420 4 
 1778 133 5 
 846 494 1 
 902 1083 10 
 788 867 3 
 1512 388 5 
 32 1904 10 
 796 2360 3 
 198 48 9 
 137 1501 2 
 1631 1264 8 
 2156 888 9 
 2267 2140 5 
 514 1118 3 
 890 857 5 
 1225 2216 8 
 2189 988 3 
 2226 296 3 
 2108 822 3 
 588 314 7 
 191 2457 5 
 928 1355 8 
 2375 1332 7 
 1819 85 2 
 1190 2482 7 
 1678 2268 10 
 663 1219 8 
 2362 1907 3 
 174 1802 9 
 2388 1438 2 
 990 2245 6 
 1959 1213 10 
 2493 592 7 
 615 2055 5 
 2482 1813 2 
 1687 348 8 
 396 1154 8 
 1060 2251 10 
 649 214 8 
 2069 852 1 
 963 2484 6 
 976 525 3 
 2480 2250 7 
 2496 2483 9 
 1771 1299 1 
 2479 587 8 
 1539 2072 6 
 1060 1294 4 
 1291 1276 2 
 1066 1411 3 
 2182 1390 2 
 726 2478 6 
 1055 811 6 
 1547 618 9 
 1192 1666 2 
 1599 457 4 
 1360 224 4 
 961 1814 7 
 1378 927 5 
 2035 1350 7 
 256 1708 7 
 1389 1275 8 
 1700 232 7 
 5 1953 7 
 1316 1355 4 
 533 318 5 
 243 1253 10 
 1965 299 10 
 755 1567 4 
 2325 1182 2 
 1834 1426 7 
 461 2323 6 
 2014 2198 7 
 1943 1641 9 
 2499 2054 1 
 1792 2347 2 
 2279 1488 3 
 985 90 5 
 1366 737 7 
 2223 1655 2 
 1196 1759 10 
 2461 1573 1 
 1222 693 9 
 636 137 5 
 880 591 2 
 115 1796 4 
 973 2213 7 
 716 1189 8 
 570 1534 2 
 2331 229 3 
 1810 2321 6 
 1426 1630 1 
 1252 1650 10 
 974 1344 2 
 674 2473 6 
 313 553 7 
 1926 1459 7 
 425 1559 8 
 995 1100 9 
 2265 1667 8 
 1037 1490 9 
 474 1468 3 
 564 2106 10 
 1510 1772 1 
 390 642 8 
 276 1301 6 
 1986 2108 5 
 1067 907 7 
 2231 487 7 
 2036 2086 7 
 1524 1917 9 
 392 1393 7 
 1692 1081 7 
 311 141 7 
 1700 2450 2 
 1393 640 8 
 688 996 9 
 1695 2218 10 
 733 1599 5 
 172 305 3 
 1131 558 5 
 1591 1404 8 
 2124 156 4 
 567 718 8 
 627 272 7 
 1243 232 1 
 1532 2075 3 
 998 1968 5 
 2147 155 7 
 1035 1424 10 
 267 750 2 
 1411 721 7 
 1961 2478 1 
 1348 13 10 
 1413 1432 7 
 758 1910 7 
 1817 994 9 
 2284 2021 10 
 2478 2257 9 
 230 509 2 
 924 1041 6 
 21 1095 1 
 1578 900 10 
 167 1556 9 
 2166 2080 2 
 89 375 7 
 139 185 4 
 1737 2026 3 
 2324 651 1 
 1360 1905 10 
 361 1493 10 
 363 2400 8 
 2164 905 8 
 2442 434 1 
 2092 2054 10 
 1914 1356 9 
 2096 118 3 
 1719 150 10 
 2244 1342 7 
 1612 1221 1 
 1703 209 10 
 319 363 5 
 2252 1378 4 
 625 1369 9 
 1306 2045 4 
 344 1837 9 
 2176 1995 6 
 592 1315 9 
 718 11 9 
 200 1848 9 
 630 2459 7 
 63 370 6 
 61 985 3 
 1011 1525 10 
 631 2393 2 
 868 1942 7 
 930 1386 7 
 918 87 5 
 700 1008 5 
 1106 2300 10 
 1340 657 7 
 2480 1186 4 
 579 2266 1 
 1656 476 1 
 1888 731 7 
 2264 2110 2 
 679 1836 8 
 2387 2034 9 
 974 444 7 
 1185 2214 2 
 849 292 3 
 206 1975 9 
 226 1003 8 
 260 1040 10 
 1991 114 6 
 235 71 1 
 148 727 7 
 1739 2329 9 
 1920 1672 9 
 2290 1491 7 
 1739 1529 10 
 1565 1517 2 
 1809 1853 5 
 1313 1045 6 
 1847 923 2 
 661 1393 3 
 421 686 4 
 1601 234 8 
 1486 1854 10 
 1357 1363 9 
 1204 1678 3 
 900 1163 6 
 990 904 9 
 544 2097 6 
 786 818 1 
 1057 1109 8 
 1513 1156 10 
 828 1594 4 
 1471 1941 1 
 2188 585 1 
 949 2056 5 
 267 453 5 
 812 1446 4 
 482 1952 3 
 2037 1974 9 
 1763 792 2 
 263 2057 5 
 237 1888 2 
 1813 1308 3 
 2375 479 10 
 571 1646 6 
 797 1572 6 
 569 1027 7 
 2142 1147 6 
 1833 1416 9 
 1706 43 9 
 431 1218 1 
 646 917 1 
 2440 1327 7 
 390 944 3 
 743 2490 10 
 1228 617 4 
 617 1794 4 
 2416 550 7 
 1035 668 4 
 505 1659 3 
 375 1279 8 
 2283 927 6 
 1281 2473 6 
 1807 195 2 
 574 1075 4 
 2453 1367 5 
 1960 2288 3 
 1241 1789 8 
 11 1073 3 
 248 96 7 
 1462 1067 9 
 115 2489 5 
 1281 1875 8 
 1106 874 4 
 82 614 3 
 2016 2034 7 
 539 1906 1 
 340 1346 1 
 1002 2479 6 
 175 1967 5 
 1231 1530 8 
 2453 2029 9 
 1314 1711 1 
 1964 611 2 
 204 2022 10 
 1013 1359 3 
 273 1993 6 
 719 2281 10 
 2296 2302 5 
 183 2446 3 
 1849 1060 3 
 13 503 9 
 619 944 10 
 1340 1677 1 
 2084 419 4 
 1306 1193 1 
 583 826 10 
 1003 1503 3 
 880 1827 9 
 437 62 9 
 495 1434 1 
 1218 2067 8 
 1216 325 10 
 2428 1934 4 
 2343 299 1 
 548 2361 9 
 48 1310 9 
 1044 1396 9 
 2320 590 5 
 1043 1031 4 
 1102 20 2 
 2242 1771 5 
 457 2318 8 
 144 1280 9 
 1542 1909 3 
 1891 1193 4 
 259 1263 4 
 465 1599 2 
 1532 2298 5 
 143 1230 10 
 425 919 2 
 261 889 8 
 2032 840 1 
 1166 707 10 
 2271 1807 6 
 956 1233 10 
 2223 140 10 
 2354 2500 5 
 2093 2470 1 
 283 1765 2 
 376 2375 6 
 29 779 9 
 1363 1725 1 
 2327 2469 3 
 1445 1128 5 
 661 1937 5 
 2249 809 7 
 986 914 8 
 2027 1434 10 
 171 1288 3 
 46 1818 3 
 595 2201 8 
 1526 667 1 
 713 1262 8 
 1624 367 10 
 853 302 6 
 455 1620 8 
 1187 2492 6 
 696 1994 9 
 608 2301 9 
 1402 660 8 
 1501 2002 8 
 1708 925 10 
 1296 1323 7 
 1474 238 3 
 1533 1689 8 
 1865 1699 4 
 1231 1653 3 
 510 860 2 
 1585 999 4 
 2252 464 4 
 1407 2372 10 
 1552 1974 7 
 909 2031 9 
 1817 1768 5 
 1566 602 10 
 2394 1674 1 
 91 2220 8 
 1167 918 4 
 624 1421 1 
 424 1423 5 
 1751 986 1 
 2355 357 5 
 771 2241 1 
 1947 581 4 
 1717 1276 8 
 212 2096 7 
 1224 1718 4 
 1450 984 6 
 1961 1179 10 
 1107 973 3 
 1395 2200 6 
 1722 497 4 
 1810 34 3 
 233 340 10 
 2097 1693 7 
 1407 747 5 
 2408 2421 4 
 197 1686 8 
 2391 328 4 
 186 2042 10 
 572 698 2 
 24 944 10 
 40 661 3 
 2481 1587 1 
 1287 335 2 
 1267 1536 5 
 2363 534 1 
 580 82 10 
 2028 638 6 
 814 2317 10 
 2418 592 6 
 1428 1294 10 
 1403 407 9 
 1443 2188 1 
 597 1845 5 
 667 2436 8 
 1968 2118 6 
 1140 2150 5 
 1634 976 9 
 1161 2361 7 
 423 1978 7 
 1211 1327 10 
 2382 1356 3 
 2319 318 10 
 1 450 8 
 265 730 9 
 985 2403 4 
 1038 1347 7 
 622 1252 10 
 2197 971 5 
 2012 1617 4 
 1122 118 2 
 334 1710 2 
 758 2095 9 
 35 1373 5 
 839 1707 5 
 1616 1511 9 
 1367 1461 6 
 1755 76 1 
 2433 331 5 
 1673 1215 2 
 770 785 8 
 2229 2200 9 
 1080 427 1 
 832 1229 4 
 2315 124 2 
 1738 2024 9 
 1762 83 3 
 383 952 6 
 2478 1130 5 
 1752 2308 8 
 332 418 7 
 1343 1820 9 
 1713 345 6 
 2206 769 1 
 563 1514 8 
 1321 1973 1 
 307 923 8 
 1915 1221 9 
 329 671 7 
 120 1302 9 
 2277 1176 8 
 413 1750 3 
 365 2135 7 
 2280 2003 7 
 2008 1147 3 
 790 1188 8 
 1125 1356 4 
 1504 1483 10 
 1912 1956 10 
 1833 499 7 
 1195 2392 3 
 182 1927 3 
 610 123 3 
 1847 1720 10 
 1996 2419 8 
 1298 938 2 
 2090 1076 4 
 89 189 2 
 535 1812 9 
 456 1608 1 
 113 1420 10 
 772 600 6 
 578 699 9 
 1773 1451 7 
 2468 1102 10 
 1251 1223 2 
 1636 1307 8 
 1505 1785 3 
 231 624 4 
 602 936 1 
 2355 556 5 
 2286 1950 3 
 623 974 3 
 1133 705 7 
 258 77 1 
 988 372 3 
 1184 2342 8 
 1671 2321 9 
 2318 1606 6 
 86 854 1 
 512 2352 2 
 952 2466 2 
 507 32 1 
 1438 266 6 
 832 690 8 
 508 233 5 
 1793 84 4 
 1128 2262 1 
 1540 277 1 
 2090 517 7 
 2079 1740 5 
 566 995 2 
 1989 997 7 
 95 491 2 
 2336 2236 10 
 1248 1675 7 
 848 1203 5 
 688 1555 4 
 709 981 5 
 586 597 1 
 1134 1628 2 
 130 849 9 
 2151 523 2 
 753 364 1 
 2392 1088 7 
 1727 2127 8 
 1115 939 1 
 359 1438 5 
 2494 260 8 
 1167 2434 10 
 2469 2444 2 
 1223 546 1 
 376 181 3 
 1868 511 10 
 342 320 2 
 913 1375 4 
 1732 1622 1 
 336 301 1 
 824 712 5 
 1086 2287 2 
 1372 1615 4 
 764 2441 1 
 2044 538 6 
 1365 222 5 
 2305 1175 1 
 720 2397 5 
 2464 1647 2 
 2406 2059 8 
 1613 2308 9 
 1884 2470 7 
 1577 1020 9 
 1385 1759 6 
 2478 213 3 
 1234 2169 2 
 2106 687 8 
 411 623 3 
 1028 1010 8 
 2010 1775 5 
 2100 1435 2 
 1297 1443 4 
 405 2271 8 
 2082 1208 8 
 1447 1187 3 
 693 412 6 
 310 2063 4 
 1218 2238 10 
 893 1491 1 
 1697 1598 5 
 68 2131 6 
 1638 2422 4 
 737 394 7 
 1531 2146 8 
 1932 208 1 
 702 1357 3 
 89 2030 1 
 656 82 6 
 158 2194 6 
 1715 1192 8 
 1472 1283 9 
 2128 1187 4 
 367 10 3 
 618 1933 6 
 1264 2474 2 
 1146 1592 10 
 2140 251 1 
 2085 2250 1 
 883 285 6 
 2179 1856 4 
 1079 1565 9 
 1631 1236 5 
 2025 1233 1 
 1099 1174 6 
 158 94 7 
 1258 7 6 
 1786 939 1 
 129 1986 6 
 416 962 3 
 599 294 8 
 565 2030 1 
 828 415 1 
 67 1153 3 
 1199 1507 6 
 1383 1269 7 
 2001 324 4 
 706 1056 2 
 1164 2181 9 
 190 73 3 
 424 1422 6 
 1853 368 6 
 519 767 7 
 1384 428 10 
 653 1883 10 
 1350 2174 2 
 1413 2258 6 
 1698 128 10 
 149 1911 3 
 2216 2105 1 
 173 2059 9 
 1780 947 8 
 1469 2123 1 
 1540 1619 3 
 511 1303 9 
 482 710 1 
 2381 2265 8 
 1520 48 2 
 1541 2182 1 
 496 1675 8 
 1633 1835 5 
 945 455 9 
 914 402 9 
 565 819 1 
 349 1618 3 
 2263 1216 3 
 2180 1313 10 
 1955 899 9 
 1775 1484 5 
 615 2094 10 
 241 847 6 
 1614 1112 6 
 160 616 1 
 840 1924 7 
 140 1159 4 
 1092 2123 6 
 2488 463 2 
 918 1871 3 
 1247 1702 8 
 2381 934 4 
 1823 1911 8 
 780 697 3 
 1785 655 7 
 404 1944 3 
 445 2447 3 
 2439 1812 4 
 1318 2089 3 
 1822 2036 10 
 1643 1919 5 
 2456 2276 4 
 672 1159 7 
 1873 2001 8 
 503 803 2 
 1684 2240 8 
 417 2419 10 
 972 1472 4 
 1361 2316 2 
 2155 815 6 
 570 1522 9 
 1564 2279 6 
 680 1433 6 
 1662 228 1 
 2163 1685 1 
 127 225 7 
 59 1622 10 
 397 2126 6 
 275 707 4 
 1840 1684 1 
 2102 922 2 
 1726 2409 10 
 330 1639 8 
 2145 864 8 
 1487 484 2 
 1971 910 8 
 2282 726 7 
 418 2248 6 
 1670 387 10 
 968 1494 6 
 127 1480 1 
 2044 2071 4 
 87 27 1 
 369 592 5 
 1500 2126 3 
 452 1603 5 
 613 958 5 
 176 493 1 
 250 191 2 
 1596 2275 5 
 1797 803 3 
 1406 987 5 
 119 2174 10 
 280 1040 2 
 2101 226 8 
 1296 979 6 
 1039 1970 8 
 1478 1939 3 
 658 1390 1 
 2460 1098 6 
 805 1760 10 
 2045 1992 1 
 585 989 6 
 1049 725 9 
 1652 2278 7 
 802 499 5 
 1716 597 7 
 1648 1292 8 
 991 1602 1 
 520 620 6 
 713 1923 10 
 2155 980 6 
 2402 2252 4 
 1388 468 10 
 1583 2481 6 
 1528 1872 3 
 514 2217 5 
 938 752 9 
 1908 1896 8 
 2011 227 3 
 1726 1266 2 
 1298 1337 7 
 1246 454 7 
 1243 2167 10 
 485 1696 2 
 618 354 5 
 2132 398 7 
 648 1626 4 
 622 1709 2 
 694 1182 3 
 74 1331 8 
 1852 1193 3 
 2494 315 9 
 1261 287 6 
 1717 2330 10 
 715 1596 9 
 1835 1382 3 
 1707 881 7 
 1433 537 6 
 78 1884 9 
 1201 1579 5 
 1324 2228 4 
 389 1050 1 
 1077 2123 7 
 799 1915 6 
 2243 2346 10 
 657 1657 2 
 1210 343 4 
 678 138 8 
 75 31 4 
 150 1191 8 
 1162 550 10 
 2277 1354 10 
 219 2163 8 
 2451 25 4 
 2334 1259 1 
 2491 805 9 
 572 72 1 
 1160 379 4 
 887 2328 9 
 47 1940 2 
 268 1507 1 
 2424 1109 4 
 1871 80 4 
 2319 1250 4 
 174 2369 9 
 856 656 7 
 1412 733 3 
 336 1729 6 
 194 589 5 
 1824 341 9 
 1374 2205 4 
 1751 2431 3 
 1792 1629 7 
 1016 184 9 
 726 2196 5 
 277 2365 6 
 641 2471 8 
 79 682 2 
 572 1783 7 
 10 1938 4 
 813 1999 3 
 596 1793 6 
 1383 12 9 
 451 39 3 
 2221 1658 9 
 2136 2211 1 
 659 1596 2 
 303 229 9 
 157 944 5 
 1047 694 9 
 395 1785 5 
 1734 1526 1 
 9 315 2 
 254 422 9 
 1085 726 7 
 1183 2474 5 
 2218 606 1 
 65 608 1 
 468 1987 8 
 486 66 3 
 513 1300 6 
 1739 711 4 
 1173 1903 10 
 2124 110 3 
 801 2046 6 
 223 2069 6 
 533 946 9 
 1441 2064 5 
 1054 720 8 
 979 759 3 
 1410 1028 7 
 48 1466 2 
 339 241 2 
 615 834 5 
 1650 898 5 
 2233 2002 1 
 840 1311 4 
 789 899 4 
 2088 734 5 
 449 345 10 
 628 342 7 
 2478 1831 7 
 1154 547 8 
 2009 1696 8 
 23 582 5 
 505 2148 4 
 1033 1544 5 
 97 1639 3 
 1353 100 5 
 621 470 6 
 112 180 1 
 872 2326 6 
 236 304 6 
 1995 722 1 
 873 1696 6 
 492 540 5 
 1320 344 8 
 876 2097 7 
 1396 804 8 
 2319 2007 8 
 1893 2332 4 
 2395 2277 4 
 1508 860 7 
 1836 793 7 
 1979 652 2 
 2227 1501 4 
 2367 257 2 
 80 603 1 
 916 689 8 
 647 1018 8 
 2350 2088 5 
 2477 615 5 
 1683 1962 1 
 1710 576 8 
 943 340 3 
 1406 1005 3 
 1803 212 9 
 1947 279 6 
 1051 839 5 
 1330 847 2 
 2175 473 9 
 765 871 9 
 1235 1501 2 
 100 1806 7 
 1168 1212 6 
 684 2019 8 
 1117 1333 10 
 460 1387 9 
 1573 1766 1 
 605 2363 3 
 2295 2370 8 
 1865 2351 10 
 2494 1345 9 
 1065 1681 4 
 967 2133 9 
 348 2423 6 
 1197 1587 5 
 1171 983 9 
 2178 1122 5 
 530 1587 9 
 56 2142 3 
 2445 229 7 
 232 1097 1 
 356 410 1 
 1463 381 6 
 2495 1121 6 
 842 1811 7 
 1869 877 3 
 2149 1430 9 
 1664 986 9 
 893 414 4 
 1371 2096 6 
 2254 2088 10 
 1132 1239 3 
 397 2261 2 
 208 1712 6 
 460 1795 5 
 361 841 10 
 1329 157 6 
 1326 1886 10 
 882 1024 3 
 2205 768 7 
 2437 1443 1 
 612 336 9 
 2112 1680 2 
 670 2398 8 
 1495 73 2 
 2222 34 10 
 1198 3 2 
 866 1518 6 
 942 1139 6 
 1665 1506 5 
 501 1313 4 
 1001 2483 3 
 37 435 10 
 1177 895 8 
 2462 1828 3 
 1550 2285 4 
 1064 1202 10 
 940 1771 1 
 119 1816 4 
 2458 116 1 
 172 2077 2 
 794 1679 10 
 2262 1930 6 
 538 1610 1 
 1743 1963 10 
 433 835 3 
 884 2207 9 
 406 374 7 
 2088 249 2 
 2423 2384 10 
 826 2114 3 
 8 1397 10 
 1377 1011 6 
 111 1462 10 
 1874 51 1 
 1862 983 4 
 2184 2452 9 
 1846 1678 9 
 2092 14 5 
 922 1256 7 
 2478 1761 4 
 6 1896 3 
 199 1705 7 
 2167 170 1 
 107 1231 7 
 1739 798 8 
 1285 2325 1 
 1317 1183 5 
 238 575 8 
 665 2286 4 
 301 1825 1 
 2496 28 2 
 2209 128 6 
 475 544 5 
 443 1779 2 
 289 756 7 
 1429 882 10 
 323 1428 3 
 1408 1876 3 
 1966 1782 2 
 2464 1449 9 
 964 183 3 
 760 1705 10 
 1889 987 6 
 462 2242 4 
 1898 1728 6 
 2483 561 10 
 1221 645 7 
 630 775 9 
 50 1880 7 
 908 1069 1 
 1907 1087 8 
 2226 506 2 
 1535 1781 1 
 2017 1865 5 
 706 1651 10 
 1215 1290 6 
 330 221 10 
 732 885 8 
 1726 666 7 
 893 1866 10 
 2038 1898 5 
 634 1512 9 
 2316 1682 10 
 33 627 6 
 272 441 9 
 217 714 9 
 2156 1336 6 
 2476 747 3 
 742 405 5 
 2268 477 1 
 1499 1265 8 
 2333 2150 1 
 1845 2487 7 
 1111 466 3 
 593 58 4 
 2005 333 5 
 1856 153 9 
 1065 472 4 
 1417 2104 8 
 2143 2325 4 
 1152 2338 1 
 1141 1725 6 
 1006 1056 5 
 1239 748 1 
 880 2256 5 
 2021 2475 6 
 1491 326 1 
 1855 248 8 
 1538 1866 5 
 2152 1477 3 
 862 1706 8 
 356 253 3 
 1414 2438 3 
 1058 1356 4 
 1916 1157 10 
 173 1440 2 
 838 1999 6 
 1272 1641 1 
 2153 2493 8 
 107 1516 10 
 1448 2400 2 
 79 729 10 
 1443 1838 10 
 1892 2091 1 
 1410 763 5 
 1336 1492 1 
 1116 554 10 
 393 982 10 
 1884 821 4 
 178 2376 9 
 1489 193 4 
 2239 1147 4 
 2065 735 10 
 1736 1638 8 
 122 1125 8 
 1808 227 4 
 1284 2411 10 
 817 1218 7 
 1557 714 8 
 403 1815 1 
 1143 977 9 
 816 508 6 
 1931 888 3 
 2497 432 9 
 338 1732 3 
 17 1654 1 
 1237 1822 3 
 719 549 10 
 1829 786 1 
 294 70 10 
 1335 1370 9 
 1897 2306 8 
 1668 1753 6 
 1223 1017 9 
 320 2304 1 
 2439 633 6 
 1392 2093 8 
 435 522 4 
 847 886 1 
 1157 1976 1 
 391 1637 3 
 1091 49 5 
 2066 1163 7 
 741 80 9 
 547 2215 5 
 1523 1954 5 
 132 2481 10 
 2040 198 3 
 36 2417 10 
 1114 1439 10 
 543 738 6 
 146 2192 3 
 948 927 10 
 1091 2378 8 
 2159 416 9 
 428 594 1 
 941 2081 5 
 2448 605 4 
 19 1597 7 
 2156 774 3 
 467 681 2 
 2195 1066 3 
 1869 1338 2 
 362 1741 4 
 710 1240 10 
 2099 1179 6 
 2359 184 7 
 875 377 8 
 6 1273 10 
 317 831 9 
 788 728 4 
 164 1792 4 
 239 2072 2 
 1205 1761 6 
 2018 2074 10 
 1706 2160 10 
 1830 2005 5 
 1514 22 2 
 1227 2366 10 
 1571 1117 6 
 1590 469 9 
 1192 744 9 
 783 27 4 
 1092 2141 8 
 635 986 2 
 844 1341 8 
 1610 1074 8 
 1612 1878 2 
 159 632 1 
 636 1257 9 
 2261 202 3 
 1089 1543 6 
 480 1724 4 
 1679 1127 2 
 255 1797 4 
 1841 1130 9 
 926 1320 5 
 271 285 10 
 33 2219 1 
 2433 284 9 
 2191 2500 7 
 1575 2168 10 
 1101 801 8 
 1796 2023 7 
 601 1244 4 
 1475 214 9 
 1009 508 3 
 2154 2144 1 
 2137 705 2 
 1581 644 5 
 735 169 8 
 1169 2377 4 
 248 337 3 
 1982 1762 1 
 2107 1174 7 
 1791 200 6 
 489 1867 3 
 27 1821 5 
 924 350 4 
 2438 2048 7 
 2461 837 8 
 184 92 3 
 1400 2440 1 
 969 1755 7 
 581 2078 5 
 1739 2246 2 
 1704 1981 9 
 1790 1154 6 
 2098 2432 5 
 990 686 9 
 794 1032 3 
 988 65 7 
 27 991 5 
 707 1399 1 
 802 1533 8 
 1510 731 9 
 1729 961 9 
 1900 1865 5 
 1309 2324 8 
 333 1303 4 
 1914 1332 8 
 1577 1397 9 
 568 534 5 
 755 1688 8 
 183 1084 6 
 533 2151 9 
 582 343 2 
 30 61 9 
 1808 871 2 
 1496 1951 3 
 1022 2200 2 
 2390 371 2 
 1975 898 8 
 800 2372 3 
 578 383 7 
 1018 133 2 
 1722 284 2 
 240 1952 3 
 1651 983 6 
 701 483 9 
 900 714 6 
 433 1628 4 
 998 70 5 
 1171 1607 1 
 1973 1229 10 
 726 1294 4 
 98 1917 8 
 2226 614 3 
 273 1749 1 
 1471 2051 8 
 1017 700 3 
 1475 759 8 
 369 501 7 
 1947 1990 2 
 943 1134 5 
 280 1345 10 
 541 469 8 
 2288 131 10 
 1960 438 3 
 1912 639 4 
 916 200 6 
 273 1260 1 
 601 1189 4 
 2181 2107 7 
 703 665 4 
 75 1220 9 
 1347 1229 7 
 889 273 9 
 780 602 1 
 176 2221 8 
 2276 965 4 
 1844 417 7 
 1165 1495 7 
 750 2314 3 
 585 2243 3 
 1626 756 4 
 2358 1228 4 
 2273 877 7 
 76 2334 7 
 145 2286 6 
 812 1226 6 
 1496 753 6 
 1964 1412 10 
 1379 1089 8 
 2096 2298 1 
 1308 145 5 
 565 870 8 
 568 403 8 
 379 738 4 
 2263 584 5 
 626 702 4 
 2088 130 9 
 1461 684 10 
 1704 318 1 
 784 915 5 
 544 1025 8 
 24 442 6 
 1476 1539 6 
 1183 144 10 
 1626 1178 6 
 849 1774 5 
 1108 575 2 
 1585 1076 9 
 2107 1446 5 
 1391 1713 4 
 433 260 1 
 1747 345 2 
 678 2385 5 
 1622 1231 1 
 533 391 5 
 1515 2357 5 
 1501 2331 5 
 918 1679 10 
 387 2267 2 
 335 720 1 
 1458 1968 8 
 2479 1056 9 
 605 555 1 
 1890 4 8 
 1237 808 9 
 1655 757 8 
 1198 968 3 
 2276 976 3 
 981 1958 9 
 1380 33 2 
 2210 893 3 
 747 1920 10 
 2225 730 1 
 439 719 7 
 580 1975 5 
 85 1571 1 
 895 670 2 
 881 2218 1 
 1403 726 3 
 1890 1007 9 
 579 1242 1 
 916 2210 5 
 952 1958 6 
 1566 2248 2 
 515 1947 6 
 399 916 5 
 307 1143 7 
 389 1174 2 
 973 969 9 
 608 2188 8 
 1707 1312 3 
 363 1570 5 
 2115 1280 9 
 1171 2278 2 
 468 227 1 
 84 1891 5 
 1006 435 5 
 1982 1017 10 
 795 1549 5 
 594 1898 2 
 302 2459 6 
 951 2090 6 
 87 1013 3 
 1881 1669 9 
 1431 2174 6 
 818 1079 9 
 942 1464 4 
 1294 1193 5 
 318 1018 8 
 880 1631 3 
 1926 2191 7 
 1464 1631 3 
 339 1404 8 
 55 1227 9 
 72 897 6 
 1936 164 3 
 1026 2458 4 
 1359 1012 5 
 1788 783 6 
 1405 1430 5 
 373 84 9 
 1268 1590 1 
 2500 2183 10 
 2499 839 8 
 1979 1461 7 
 2261 1380 3 
 913 1916 2 
 596 1203 1 
 1932 1238 9 
 1416 1361 8 
 2362 2268 3 
 243 441 1 
 493 626 7 
 349 512 7 
 1927 642 9 
 957 2473 2 
 1943 1007 4 
 2115 515 8 
 885 363 2 
 657 75 5 
 1443 1140 8 
 909 2406 3 
 2013 2269 3 
 2377 440 5 
 2244 549 10 
 2306 125 4 
 2084 2031 8 
 1865 1203 10 
 2113 745 9 
 1236 276 9 
 1385 639 4 
 2052 2483 2 
 1423 1129 8 
 411 2405 3 
 2273 614 1 
 218 1620 4 
 1865 1332 4 
 888 1535 7 
 2328 900 6 
 994 326 8 
 1506 1037 6 
 1320 950 3 
 2379 1051 1 
 2235 1737 2 
 1655 2104 4 
 2409 288 7 
 1591 1933 2 
 1305 1330 7 
 1323 2296 1 
 1903 1227 2 
 941 1779 2 
 2124 1341 3 
 1447 1832 4 
 1557 155 8 
 1719 1342 4 
 72 147 9 
 1576 1039 3 
 1119 1332 5 
 2447 184 5 
 2167 1722 4 
 1975 445 9 
 556 324 5 
 80 129 10 
 2155 580 1 
 153 422 10 
 2249 752 7 
 160 829 1 
 460 548 10 
 967 948 2 
 1299 622 8 
 248 56 2 
 2043 1410 3 
 94 1439 1 
 303 445 10 
 2473 1069 8 
 1683 2198 7 
 454 2447 5 
 566 2123 5 
 1707 1550 6 
 1994 1676 10 
 1733 136 5 
 2239 895 9 
 1966 597 6 
 1876 1897 5 
 1065 1482 10 
 839 830 1 
 370 1496 4 
 2211 443 6 
 32 1846 8 
 1244 1015 8 
 1847 2409 3 
 23 459 2 
 1380 1766 7 
 1063 805 4 
 1828 743 10 
 1438 937 10 
 382 1819 10 
 1582 2232 7 
 228 286 7 
 198 162 9 
 271 1954 1 
 1352 2270 1 
 1417 770 10 
 559 1593 7 
 1236 1888 7 
 2220 1417 1 
 1304 1941 2 
 438 1414 3 
 490 2131 2 
 2011 2167 6 
 214 57 8 
 28 2055 2 
 2345 2144 5 
 833 928 9 
 1411 197 1 
 1089 1688 5 
 2242 2318 6 
 51 1947 3 
 1393 957 9 
 1773 431 6 
 576 41 3 
 2145 1482 6 
 2171 1785 6 
 941 453 7 
 1403 505 1 
 837 2434 2 
 1998 2094 6 
 92 1741 7 
 1311 1773 9 
 1019 1292 7 
 2469 2127 10 
 1646 1307 5 
 698 950 3 
 963 1007 4 
 1148 2160 10 
 1510 1385 7 
 2290 2347 3 
 1247 489 10 
 875 2377 1 
 2107 352 2 
 1165 825 9 
 1026 2090 10 
 1948 879 1 
 542 1697 8 
 862 1328 7 
 555 694 5 
 264 1874 1 
 2331 494 10 
 515 2139 4 
 1065 409 1 
 942 1856 7 
 1912 1710 10 
 133 922 7 
 982 810 2 
 1887 164 8 
 587 2266 10 
 2146 1322 5 
 2109 370 3 
 844 39 6 
 2357 64 6 
 1719 1773 4 
 1503 1566 1 
 1939 308 6 
 1093 578 8 
 973 860 8 
 2004 1516 8 
 1961 1122 6 
 1875 1213 3 
 433 2123 10 
 1529 699 10 
 2246 1778 9 
 1952 837 2 
 2 925 1 
 24 2023 7 
 258 1337 4 
 10 519 4 
 1631 347 7 
 2249 218 3 
 649 1942 8 
 2089 2266 3 
 2118 1572 8 
 71 1935 10 
 308 1304 8 
 74 2138 3 
 143 1773 4 
 171 2192 10 
 852 2363 9 
 1503 974 2 
 2433 274 2 
 1765 454 4 
 2023 1870 5 
 603 2188 4 
 751 668 9 
 1172 2189 4 
 1071 2441 10 
 1371 300 3 
 222 311 10 
 2141 1981 6 
 1016 695 10 
 1267 1138 7 
 1512 2309 4 
 1392 92 1 
 668 771 1 
 1681 1320 9 
 965 332 8 
 779 1334 8 
 1173 747 4 
 2459 1028 7 
 367 651 5 
 873 1365 5 
 1599 1547 5 
 1929 2004 5 
 820 1825 5 
 264 2087 7 
 2123 800 2 
 1367 242 8 
 2456 1754 5 
 2005 526 6 
 2018 1800 4 
 2210 1968 10 
 481 1609 6 
 2058 791 2 
 1155 1080 5 
 2431 849 8 
 318 1872 2 
 31 91 1 
 148 316 4 
 465 1046 10 
 292 1020 5 
 115 1544 4 
 1336 1750 5 
 1807 1226 9 
 1743 1873 6 
 2132 40 9 
 127 693 1 
 1607 1447 10 
 1234 2008 3 
 856 2270 7 
 95 594 5 
 1194 2147 1 
 470 1502 10 
 2461 2495 9 
 479 1665 6 
 793 169 10 
 1980 459 5 
 977 1398 7 
 348 1445 9 
 1194 311 8 
 590 426 1 
 355 1216 7 
 69 72 9 
 1188 531 3 
 550 1308 7 
 1503 1186 2 
 1908 1690 9 
 767 1891 1 
 1588 456 3 
 445 767 2 
 943 628 2 
 1240 1701 5 
 300 692 3 
 2478 1862 2 
 1815 490 1 
 2262 94 6 
 2268 2370 4 
 1368 783 3 
 2307 2020 2 
 204 401 3 
 1474 270 6 
 230 1440 4 
 1041 1773 1 
 1027 2455 8 
 953 1380 4 
 1899 1596 3 
 88 800 8 
 924 2135 2 
 1340 155 10 
 757 2107 5 
 1557 2490 4 
 2141 635 4 
 1333 2412 9 
 1930 1203 10 
 1955 489 10 
 744 204 8 
 565 2399 7 
 975 433 1 
 2139 2160 9 
 1976 335 3 
 593 116 7 
 956 20 9 
 1015 896 9 
 2314 2051 10 
 910 1415 8 
 1765 262 7 
 1015 1786 9 
 1434 1608 6 
 1558 1293 3 
 969 1702 4 
 2463 1745 5 
 1035 1544 7 
 2070 1354 4 
 605 1654 3 
 922 1405 2 
 1014 335 9 
 960 1771 4 
 1528 391 6 
 1414 376 3 
 2425 186 4 
 1033 499 4 
 1891 1491 4 
 2498 693 10 
 124 2424 10 
 1698 680 3 
 2119 2230 8 
 1854 539 8 
 763 2449 6 
 719 2017 3 
 2498 1455 6 
 62 1351 5 
 1977 867 7 
 421 30 10 
 919 1689 3 
 1185 580 3 
 58 430 6 
 833 1079 3 
 1115 1997 5 
 2261 815 7 
 812 2257 2 
 668 1553 9 
 2053 1320 10 
 2210 2193 10 
 2071 847 6 
 341 734 4 
 2432 1615 2 
 1355 1719 9 
 204 1044 6 
 897 838 10 
 563 1927 3 
 2061 323 4 
 1451 544 1 
 325 269 6 
 1371 1795 7 
 1460 503 9 
 2293 1875 7 
 1235 971 1 
 394 1326 3 
 540 809 5 
 2337 96 4 
 553 228 6 
 731 1793 7 
 461 1579 3 
 372 228 1 
 22 1594 10 
 955 1342 9 
 1156 2387 2 
 1730 1389 4 
 555 285 9 
 336 1612 2 
 12 533 5 
 1481 1684 4 
 1350 2096 5 
 2052 2020 5 
 1724 1288 2 
 2389 1605 9 
 1232 2199 10 
 2108 962 9 
 524 1003 7 
 1391 687 8 
 156 1976 9 
 336 1635 6 
 330 2362 5 
 2039 442 10 
 1085 234 5 
 810 1773 7 
 911 65 6 
 1693 420 5 
 2184 2356 5 
 289 1017 4 
 1668 351 6 
 1279 2079 7 
 2006 610 2 
 2150 1949 1 
 939 1225 10 
 74 1535 8 
 2111 45 8 
 1728 955 7 
 814 1280 1 
 2241 914 10 
 793 2280 4 
 919 903 2 
 28 2461 5 
 289 1381 9 
 2009 2145 1 
 1347 2004 7 
 1360 1767 5 
 1250 442 10 
 1483 1182 6 
 1890 657 3 
 71 1633 4 
 378 2117 5 
 1445 2246 7 
 354 1872 8 
 2477 982 8 
 1559 231 6 
 470 1458 9 
 300 2324 8 
 1441 536 1 
 1189 625 7 
 2489 1419 2 
 1446 1766 9 
 2472 981 5 
 1526 1959 5 
 950 88 4 
 1923 1584 1 
 708 1914 2 
 2449 499 10 
 169 958 5 
 1044 2063 9 
 2184 1176 7 
 2055 1682 10 
 677 883 6 
 2492 977 3 
 830 793 6 
 267 1549 4 
 1515 1587 8 
 1982 1962 10 
 182 1829 3 
 2067 2109 3 
 2271 2360 9 
 2488 1239 8 
 2033 163 5 
 742 237 10 
 1720 697 8 
 182 2431 10 
 624 2114 5 
 2311 529 10 
 856 1613 5 
 1214 1230 9 
 1982 1237 10 
 1635 257 3 
 1659 82 9 
 1237 1643 2 
 1379 544 2 
 912 243 5 
 2196 531 8 
 985 1058 3 
 1918 280 5 
 466 1071 4 
 2054 1639 5 
 1763 2390 7 
 2052 1846 9 
 1221 848 2 
 657 1431 8 
 724 923 9 
 1438 2323 1 
 314 1128 10 
 868 2480 4 
 934 1484 5 
 1408 2243 5 
 1248 566 8 
 1250 
 332 1495 1818 860 1413 67 812 1991 165 1617 1728 301 2213 1565 1358 
 2145 2038 404 1339 1998 2369 1745 1912 315 1972 1797 843 463 2439 1325 
 610 1437 2018 257 1984 2061 1890 944 709 2178 34 102 2469 1836 486 
 733 477 2110 542 801 829 943 1024 1781 1046 2353 490 1183 207 2388 
 1405 540 952 2202 253 1002 1349 386 136 2226 2401 1671 573 1028 411 
 2196 2162 1636 980 2312 208 1699 1504 468 183 349 2268 2390 2330 1929 
 816 61 1548 894 704 2001 2020 188 596 1149 975 1681 1179 72 2363 
 796 2349 819 1815 2383 1248 369 1317 2139 2 284 1364 793 1181 1802 
 1146 922 503 1735 147 1442 2440 95 447 462 1526 143 861 2242 86 
 1418 1809 1683 2411 901 63 832 1207 870 192 1600 1787 760 1258 2188 
 960 154 880 2377 1643 1388 1120 1585 1166 355 2452 2271 2336 202 68 
 2376 1164 476 433 244 500 1187 2218 873 552 1060 1163 777 255 1153 
 84 274 1580 1680 642 242 1501 371 1340 683 1921 2148 2197 1590 1844 
 892 24 1244 723 111 1615 304 1484 916 85 587 763 721 2372 1025 
 1760 1478 1276 451 605 450 2094 1432 1403 1084 1208 2322 383 325 1376 
 1954 16 1939 762 90 1191 2445 1471 1245 108 448 2433 15 1369 2067 
 608 1007 286 224 598 1748 1655 498 2301 49 1379 2350 1568 2358 1082 
 2033 853 1126 2181 519 1259 846 1081 1174 1923 1368 135 521 802 1591 
 2295 1182 1122 101 1944 92 2345 1632 1995 105 184 2044 354 2235 189 
 1966 51 955 319 2203 1351 2333 2374 2493 1906 1031 830 225 461 460 
 1579 1703 2286 1658 1875 1552 702 995 378 1867 1935 1009 1893 1733 1269 
 496 201 162 2149 398 1307 890 841 2123 1357 1578 87 178 1868 1524 
 1537 1336 1232 1644 1609 765 429 1424 205 1469 1922 2258 1859 216 817 
 1362 77 2262 1493 948 783 260 365 2184 1920 2244 2186 387 1483 1228 
 2441 681 478 2334 64 2135 1032 2129 1137 1015 633 279 338 770 1558 
 2380 685 1869 2026 1987 1289 2355 622 823 2454 2229 367 758 361 1523 
 2087 499 1977 1886 1902 929 1417 2255 595 1531 2431 1419 1332 1626 1034 
 397 197 2112 464 2131 865 651 219 1092 1603 2072 746 800 976 2080 
 1913 1624 1556 582 2120 926 1085 2177 292 2060 203 120 1328 706 592 
 357 1631 1900 1653 1793 2243 1704 855 957 2161 1175 614 2212 2132 1239 
 1204 1948 533 93 1310 1734 1545 1022 2185 2296 65 2256 2466 1761 290 
 426 2402 906 423 2309 701 1315 1687 1834 2490 2251 2124 1145 1897 479 
 1051 1429 57 2035 737 384 2341 1201 160 314 1786 1771 1157 2016 1288 
 2241 2321 2367 1863 2442 632 602 1674 348 1559 443 558 1831 725 2210 
 483 1649 755 428 1230 1833 293 1642 1294 888 1910 392 1555 909 2325 
 907 917 775 1487 1309 82 1638 1535 2448 811 291 1725 1083 1131 656 
 1930 2058 900 2267 2090 2432 1010 1172 1712 1907 323 2056 2404 1372 31 
 118 1861 1233 1959 1663 516 2498 1765 910 2119 740 638 1112 2265 1693 
 1572 142 1399 1739 1071 1539 668 1410 107 104 1950 1243 1871 637 984 
 1633 196 1842 568 1918 1381 2221 1321 1226 27 1428 2392 534 1853 1540 
 2456 965 1554 514 2141 2133 2153 1625 1720 1165 919 1219 1805 2104 1267 
 431 2305 2066 1650 959 1491 491 148 1717 1905 1775 2198 1520 1136 908 
 845 485 2462 40 266 2116 2495 991 1843 1503 1996 1563 217 307 2473 
 1260 218 302 1850 1278 1544 1212 157 363 2489 1118 1546 1290 1679 1776 
 1872 956 652 886 204 2232 227 1361 352 1675 754 1496 1606 1768 1447 
 2166 1573 1474 2207 1300 1736 487 789 2022 2108 71 2447 2384 2261 537 
 2359 772 1481 1354 186 1619 1406 524 1640 1873 1599 1706 1586 1846 795 
 736 1446 2340 347 1098 669 1783 2382 388 1056 2379 497 2294 2343 2195 
 1686 306 1027 1527 29 407 1252 1176 2048 624 1541 262 1101 766 820 
 250 1266 278 724 990 1665 1773 110 1125 1799 2136 604 2045 1804 2310 
 1154 2357 138 1000 2444 370 2068 1485 494 156 895 879 1507 14 735 
 2024 1542 1623 2143 2292 339 1200 769 2121 1774 2348 1343 1441 1246 854 
 439 1014 730 512 2308 565 835 729 2472 393 1660 232 1414 459 94 
 163 2106 139 864 1408 1564 1832 1052 757 1067 1512 1970 2354 2157 710 
 779 1335 1033 1331 577 1431 1509 752 881 1124 488 951 1576 56 212 
 1134 1090 1659 2278 713 169 526 594 1618 1876 1749 2224 1502 2034 2103 
 1148 641 767 2410 1477 1254 653 193 1100 969 1753 1986 1216 1070 368 
 395 2246 334 406 129 2269 1860 1953 100 1283 415 158 1370 1536 237 
 2150 1302 1348 1933 1386 1324 1932 714 517 1862 1468 1892 187 1557 629 
 1287 1758 1677 2190 1089 1538 141 1116 1037 249 1380 1329 1777 698 1042 
 727 1612 2425 2105 1205 170 81 1305 310 1938 545 2047 992 1779 586 
 1293 1826 1371 2126 1434 472 311 385 1848 2113 2406 1845 1393 776 1968 
 1993 938 418 510 657 1115 2272 2003 1648 2023 2137 2468 1251 245 2281 
 571 1517 2426 2219 2239 145 1256 2491 294 1375 2088 936 1963 1110 1899 
 453 950 1306 2395 1866 2055 2249 2028 1150 2405 572 166 821 2250 99 
 945 1255 973 1152 1976 1888 389 1645 408 2070 1770 1945 1975 230 2428 
 2450 2127 2463 1852 76 2471 1806 2302 1235 1667 109 902 507 17 2434 
 1756 256 1452 987 1604 1837 1384 153 506 132 2164 226 1621 661 2297 
 1272 1794 1608 1249 2370 875 896 259 405 2227 877 781 1271 1426 1224 
 215 912 1762 2098 1196 2475 2290 2478 356 1286 557 2036 1737 316 1133 
 35 1356 2200 699 2416 1697 1322 1220 818 2238 1916 18 662 1104 1262 
 412 1291 508 1705 2319 822 1392 2191 2435 1593 1036 1928 1238 2081 1883 
 1168 1144 1395 1171 380 2050 2052 2170 222 1990 2007 2335 742 1967 275 
 788 1999 1445 422 716 563 756 1295 1494 1629 611 421 2299 1641 1808 
 390 893 520 309 2476 1363 1763 308 2079 1459 376 2403 1668 1937 1878 
 1039 1525 1694 1304 2438 228 1141 773 1285 759 140 2004 1333 1457 836 
 1795 2165 243 522 313 1282 1689 268 269 1707 1023 322 288 1989 1670 
 1788 2140 2015 1161 1985 722 1499 977 1352 2059 549 246 677 1895 48 
 2005 8 1672 1727 2006 44 2274 1744 493 2208 768 1088 1132 1627 1265 
 1360 131 2326 465 1097 607 1440 2459 1003 5 2180 1427 597 993 1193 
 1919 797 335 1105 2084 21 2331 2062 1729 974 1518 1435 267 1430 915 
 1456 98 1061 2391 548 1941 327 930 1017 2324 1479 2351 362 2317 248 
 887 1547 815 114 159 2117 2437 175 1611 774 6 1796 1068 738 1194 
 1530 2394 1367 1823 874 
