 2500 5000 
 1014 2056 8 
 2488 1014 7 
 544 1014 10 
 2320 2488 5 
 2317 544 6 
 544 1798 6 
 544 2302 2 
 761 1014 6 
 1846 1014 5 
 2302 1412 6 
 1014 856 4 
 1798 1108 2 
 1108 1855 9 
 1855 874 10 
 1846 425 5 
 1014 443 7 
 1015 1798 10 
 1855 1819 2 
 2155 1015 7 
 361 1015 4 
 1867 443 9 
 874 1749 9 
 982 1749 5 
 1867 358 2 
 982 437 7 
 2229 1819 6 
 1014 538 6 
 856 164 3 
 761 1321 6 
 856 601 5 
 492 2229 1 
 2056 794 8 
 538 2257 2 
 2302 1857 4 
 1366 2317 7 
 723 2320 6 
 856 439 1 
 2155 1109 7 
 2257 2101 6 
 240 544 6 
 1305 538 6 
 1819 2059 3 
 723 507 6 
 891 2056 3 
 507 804 8 
 2056 113 4 
 2320 2161 2 
 551 1749 4 
 2317 80 2 
 760 2229 9 
 1855 1446 10 
 1709 437 4 
 1709 1111 3 
 284 507 6 
 958 1709 7 
 1804 2056 8 
 1906 2101 3 
 2302 362 2 
 1076 1867 2 
 538 2181 2 
 538 104 3 
 1373 240 8 
 362 939 1 
 164 1647 7 
 1978 439 9 
 1981 1412 9 
 1935 425 2 
 1846 1447 2 
 1647 2473 5 
 1709 471 4 
 1015 505 6 
 2403 1014 8 
 1436 1076 4 
 1190 1412 3 
 80 2258 2 
 1170 1076 7 
 1015 2199 8 
 874 1799 10 
 2025 982 10 
 1662 1981 1 
 1115 544 7 
 1804 472 8 
 2403 2122 1 
 1538 538 10 
 1863 1857 6 
 164 628 7 
 850 1109 3 
 2148 958 3 
 2475 240 6 
 601 1784 4 
 471 762 7 
 2199 837 9 
 439 427 10 
 2258 1336 2 
 2475 1772 1 
 1906 1347 4 
 1855 159 5 
 1347 2387 1 
 1305 1088 1 
 725 2403 2 
 2229 1463 5 
 1336 1429 5 
 1366 1511 10 
 1855 1759 4 
 2169 1347 9 
 505 619 7 
 2472 1906 7 
 117 1305 5 
 705 939 6 
 406 1076 7 
 1436 1752 3 
 1759 569 9 
 1429 1741 2 
 608 1981 2 
 1118 1111 6 
 2271 1115 7 
 1366 1839 6 
 760 553 2 
 492 2336 2 
 652 1305 6 
 1594 1015 10 
 723 220 8 
 1321 817 5 
 939 1575 8 
 1756 1305 1 
 1741 1156 5 
 628 615 4 
 427 1167 9 
 611 2169 2 
 856 5 2 
 2161 1717 2 
 780 1752 6 
 1847 794 3 
 209 2257 5 
 544 1102 6 
 1770 2488 5 
 2178 437 4 
 2199 2173 10 
 505 1607 7 
 1835 1190 6 
 546 1784 3 
 1413 2258 8 
 2122 567 7 
 778 628 8 
 611 952 5 
 414 1511 3 
 2196 608 3 
 874 2362 10 
 639 1749 3 
 2188 284 8 
 492 828 5 
 1683 628 9 
 117 1494 3 
 1835 1204 4 
 349 778 8 
 1296 1709 2 
 349 1898 6 
 1285 2196 3 
 102 240 4 
 1115 1451 4 
 652 2109 7 
 240 2220 10 
 274 2257 10 
 414 2347 9 
 1819 1832 6 
 1835 1353 7 
 952 2125 2 
 1018 1190 9 
 1867 1195 2 
 590 2317 2 
 1446 419 9 
 1002 1076 1 
 73 1832 5 
 951 104 6 
 414 34 10 
 1957 102 6 
 104 295 10 
 1719 274 7 
 1366 2425 2 
 785 427 1 
 619 2405 7 
 551 1631 7 
 1386 1631 2 
 2198 2336 9 
 321 2229 6 
 952 527 6 
 1455 1170 1 
 1884 1759 9 
 1749 1478 7 
 427 405 9 
 1018 201 2 
 1884 2022 10 
 1610 1978 3 
 1552 1446 2 
 195 1108 8 
 1863 2105 6 
 2317 570 6 
 2282 780 4 
 1545 2317 2 
 856 1894 10 
 57 471 4 
 1321 1054 9 
 439 1634 2 
 939 2069 4 
 601 1393 2 
 315 952 2 
 759 1839 5 
 1647 169 1 
 891 8 9 
 1305 795 4 
 1555 837 1 
 195 1275 10 
 2317 1289 4 
 570 2444 1 
 1367 2025 3 
 1710 759 1 
 472 63 6 
 780 53 5 
 947 1552 10 
 1748 2178 6 
 2320 2256 3 
 1709 7 5 
 219 358 2 
 1217 1305 1 
 2311 795 5 
 1226 104 10 
 315 1171 2 
 536 1167 5 
 2260 1784 1 
 795 1117 7 
 552 1451 6 
 302 2472 8 
 2425 990 8 
 1076 15 3 
 817 902 10 
 1634 748 6 
 1885 1846 7 
 2069 1982 9 
 506 2220 8 
 1126 1832 5 
 2355 1717 2 
 2196 447 9 
 1978 1622 5 
 939 943 9 
 1847 1027 10 
 2308 1770 2 
 947 243 2 
 270 1027 2 
 1427 982 6 
 711 2302 10 
 1314 1839 10 
 1014 1999 9 
 169 2279 5 
 2125 514 10 
 2302 1563 5 
 778 191 2 
 2278 785 2 
 315 1858 3 
 1906 346 8 
 1885 2116 2 
 738 270 5 
 1255 1858 5 
 1429 2463 3 
 1949 1305 5 
 683 1863 2 
 569 2037 10 
 1663 1478 7 
 451 1436 9 
 242 1171 2 
 274 1477 6 
 758 552 10 
 2056 740 6 
 1356 748 1 
 1170 2419 4 
 785 387 8 
 723 2121 7 
 1341 1799 8 
 2237 1167 9 
 113 1856 3 
 336 2022 5 
 1550 2355 8 
 1240 795 9 
 2114 2125 9 
 1770 1779 6 
 1717 1052 10 
 2181 2276 5 
 25 240 5 
 507 1658 3 
 1849 1999 10 
 129 15 4 
 785 679 8 
 1030 1255 1 
 2109 1211 5 
 350 73 10 
 962 346 4 
 1447 60 10 
 1804 1197 9 
 2242 1111 3 
 570 330 3 
 912 551 9 
 2402 1386 4 
 396 1367 7 
 2393 396 4 
 1341 403 4 
 423 1884 7 
 1240 1584 10 
 1122 240 7 
 898 2121 10 
 639 2381 4 
 126 1770 1 
 1313 1321 3 
 619 1927 5 
 1113 451 7 
 1648 1217 4 
 2165 2242 3 
 1420 1014 1 
 2257 987 5 
 1420 304 3 
 2242 1791 3 
 1797 2302 8 
 789 1797 9 
 1259 2419 2 
 102 1270 2 
 1115 1078 6 
 1932 1550 9 
 555 1759 2 
 1885 286 6 
 1862 1285 4 
 536 1553 4 
 1567 1321 2 
 524 1662 9 
 1436 1929 9 
 2384 555 8 
 780 1225 5 
 1932 1674 4 
 188 2122 2 
 73 1277 5 
 780 280 2 
 2154 1607 8 
 1717 337 4 
 423 1837 10 
 2470 2488 2 
 1197 741 4 
 253 191 7 
 2391 2279 10 
 1190 2370 10 
 1749 666 5 
 1226 1219 10 
 1432 837 10 
 112 1631 6 
 1076 764 1 
 2355 728 8 
 2165 2147 7 
 761 66 8 
 160 2199 9 
 1386 29 6 
 1960 2056 7 
 744 53 10 
 2463 562 2 
 2249 1289 6 
 1625 728 9 
 319 795 2 
 711 558 9 
 1197 971 2 
 1309 1156 4 
 113 1358 4 
 1171 281 4 
 892 760 2 
 611 1945 8 
 1511 961 4 
 1238 2258 7 
 912 2215 6 
 579 1113 1 
 2225 611 5 
 1625 272 10 
 1421 160 8 
 1356 1297 8 
 1427 1207 4 
 131 1906 4 
 558 149 5 
 1270 134 5 
 1250 1321 4 
 1413 574 6 
 1008 5 5 
 921 1982 8 
 2396 1929 9 
 1422 1015 7 
 744 1329 9 
 1824 1353 3 
 1207 6 8 
 752 1296 8 
 2463 695 6 
 870 569 3 
 2287 286 3 
 1141 1563 2 
 447 1026 4 
 95 1270 7 
 1014 1130 8 
 1413 489 2 
 287 738 1 
 2042 1088 9 
 2148 1795 9 
 1293 302 4 
 436 336 6 
 2248 971 9 
 1373 442 8 
 334 117 8 
 601 68 8 
 778 1755 6 
 288 551 6 
 1960 1548 1 
 1248 2155 4 
 538 1158 4 
 620 1329 6 
 220 602 9 
 2154 2430 8 
 1117 2010 6 
 2463 2214 3 
 615 375 4 
 1717 1350 1 
 1121 1622 7 
 295 2187 5 
 1718 1115 7 
 1906 846 10 
 1289 821 7 
 351 527 9 
 1234 619 2 
 949 2114 10 
 348 2181 4 
 1949 1636 10 
 1658 2474 5 
 1111 4 4 
 19 295 5 
 1770 1680 6 
 915 95 9 
 1848 679 1 
 270 1346 6 
 2246 1550 4 
 174 1748 5 
 846 157 3 
 951 747 5 
 1094 740 5 
 788 451 4 
 2154 1716 7 
 1172 195 4 
 1340 350 5 
 716 2181 4 
 1836 15 9 
 2313 2225 5 
 2186 1885 1 
 683 2253 7 
 961 2053 2 
 1733 2402 6 
 1236 2215 10 
 631 1756 4 
 1499 2069 10 
 315 175 4 
 1563 228 10 
 926 1733 10 
 241 2470 1 
 570 1454 9 
 2253 2210 2 
 2393 1067 10 
 550 126 8 
 1567 31 1 
 327 6 5 
 1567 384 1 
 2220 2414 3 
 1894 1913 4 
 1117 2338 9 
 1249 1848 4 
 1366 1055 8 
 623 2302 9 
 1785 804 9 
 781 8 9 
 2259 1126 7 
 160 812 2 
 1436 389 4 
 1249 699 9 
 126 736 1 
 2237 1375 7 
 947 2177 3 
 1948 785 8 
 1948 1944 2 
 717 902 2 
 546 1138 6 
 1714 272 7 
 433 1647 8 
 2485 738 10 
 654 1733 8 
 1759 1145 3 
 1587 623 5 
 2419 1065 8 
 1863 171 10 
 1248 342 4 
 498 1594 4 
 1334 789 10 
 843 1770 8 
 2109 2418 2 
 460 1167 10 
 1263 1356 10 
 428 1714 10 
 298 403 10 
 1622 296 6 
 1488 666 1 
 241 989 2 
 1049 794 6 
 1067 649 9 
 857 1511 3 
 14 1088 4 
 455 2210 1 
 419 532 4 
 1795 2144 7 
 837 1424 6 
 2144 1128 8 
 304 2054 4 
 917 958 4 
 2290 817 6 
 1977 666 5 
 817 2073 8 
 2260 2350 1 
 103 1358 9 
 1996 1226 3 
 2153 1171 9 
 520 112 8 
 174 560 2 
 423 2263 1 
 1334 676 5 
 2463 2247 6 
 778 2234 6 
 526 794 1 
 602 594 4 
 1892 520 2 
 1661 1447 8 
 2069 1729 3 
 357 856 6 
 933 1625 10 
 2234 1919 3 
 2290 1909 3 
 2177 1596 10 
 2215 2303 2 
 2385 1429 6 
 1840 1454 1 
 592 274 6 
 2015 2282 8 
 1788 1334 7 
 1296 2243 3 
 820 1219 9 
 2128 705 9 
 725 1895 6 
 901 117 10 
 2177 65 5 
 346 2283 8 
 2169 924 1 
 548 507 5 
 2451 2472 4 
 1313 1381 2 
 1432 338 1 
 2217 1895 8 
 449 846 5 
 2393 968 5 
 1243 1680 6 
 1257 1226 9 
 1649 1788 8 
 1810 1863 1 
 375 41 6 
 483 602 4 
 616 1076 2 
 2284 2313 10 
 740 110 5 
 1190 291 2 
 336 1323 10 
 1784 161 1 
 126 1861 8 
 63 246 6 
 2321 330 6 
 560 359 8 
 1257 840 5 
 701 31 10 
 1662 561 10 
 741 576 4 
 491 601 3 
 2324 1313 7 
 1218 1248 8 
 2010 237 5 
 1389 1784 7 
 2280 2260 8 
 639 1284 3 
 1230 1856 3 
 488 1226 1 
 1422 24 7 
 653 1840 1 
 1188 31 9 
 1815 1145 10 
 782 2248 1 
 100 1263 5 
 1720 891 9 
 2208 1329 6 
 1929 383 4 
 2134 1250 2 
 2147 1210 2 
 1240 2389 8 
 2270 850 8 
 2323 2037 4 
 2208 2126 2 
 185 304 2 
 1856 1317 5 
 2391 1965 8 
 2153 566 7 
 1819 64 5 
 104 2044 4 
 212 1446 4 
 1167 10 1 
 13 2114 10 
 2125 957 7 
 2331 2419 7 
 1573 1636 1 
 659 544 6 
 2311 1070 1 
 1856 2033 4 
 1107 1982 10 
 2165 1678 4 
 1436 1087 8 
 570 858 8 
 993 857 1 
 43 1927 3 
 781 1995 9 
 2258 2345 7 
 2190 73 2 
 315 2082 4 
 187 1030 6 
 1447 122 10 
 1539 405 10 
 1591 43 2 
 433 1950 1 
 2176 744 2 
 164 991 8 
 789 965 10 
 2160 2188 8 
 717 2433 6 
 1245 298 8 
 145 1255 10 
 287 2163 3 
 688 507 7 
 71 758 2 
 1600 287 5 
 2187 395 4 
 1788 515 4 
 203 1662 1 
 1997 488 4 
 792 1356 10 
 162 1219 4 
 239 1748 6 
 168 1317 2 
 2073 499 10 
 1329 1650 1 
 2313 224 2 
 1026 341 9 
 2186 322 9 
 1038 785 4 
 1840 1505 5 
 1049 604 6 
 2479 1030 10 
 691 870 3 
 1000 550 8 
 1022 161 9 
 270 2098 3 
 2479 365 4 
 456 1309 8 
 1187 933 9 
 2483 1170 4 
 2121 1777 8 
 2372 498 10 
 1038 1890 10 
 498 2030 1 
 297 29 5 
 2031 579 10 
 65 2211 10 
 727 406 7 
 25 1196 5 
 774 1030 3 
 2304 943 7 
 851 2025 9 
 2472 1789 4 
 1392 2243 10 
 64 1801 3 
 1210 1401 7 
 1226 519 8 
 384 2244 3 
 1882 1494 8 
 2230 64 8 
 2196 1129 2 
 1169 552 10 
 1295 1718 4 
 130 1350 5 
 1331 2022 1 
 2217 380 10 
 1894 927 1 
 188 1192 4 
 2303 1252 1 
 2411 1277 7 
 154 1965 10 
 1929 316 8 
 1323 114 3 
 1895 47 6 
 27 471 8 
 713 1663 6 
 1171 1679 7 
 853 427 7 
 1965 1624 6 
 152 1798 7 
 1427 1535 4 
 362 773 1 
 12 915 6 
 333 297 4 
 1795 1166 8 
 1552 1780 2 
 1722 991 4 
 2394 2396 3 
 2263 1682 1 
 61 2177 2 
 1964 592 1 
 2317 1746 8 
 463 2470 2 
 1230 422 2 
 2042 1434 1 
 1746 1585 6 
 459 195 2 
 113 1765 1 
 615 613 10 
 1038 107 8 
 1253 1862 1 
 740 1048 8 
 569 1618 2 
 1653 567 2 
 2228 359 1 
 1288 209 4 
 243 1398 3 
 1144 1749 6 
 476 965 2 
 965 136 4 
 2332 728 7 
 1183 2188 10 
 615 1537 7 
 965 2112 6 
 613 885 8 
 537 2470 1 
 611 1942 10 
 76 2271 9 
 47 378 1 
 1906 533 9 
 208 160 5 
 263 2313 7 
 446 611 2 
 1992 472 7 
 1905 1323 5 
 743 1949 8 
 1539 1924 9 
 1181 220 6 
 1758 2210 6 
 1837 1630 4 
 2100 1255 3 
 519 1928 3 
 219 355 8 
 2171 1680 1 
 384 1120 3 
 456 176 5 
 1713 2323 8 
 430 1928 8 
 928 1890 1 
 362 77 6 
 1196 238 3 
 1804 1097 2 
 1528 2290 10 
 2136 1718 10 
 687 1499 4 
 1148 1863 3 
 187 264 9 
 2134 1941 4 
 1272 2044 4 
 1879 1992 10 
 986 240 5 
 1172 1399 3 
 649 140 6 
 265 238 8 
 861 272 4 
 304 1588 7 
 460 950 8 
 696 2015 7 
 873 2134 5 
 617 2037 5 
 2286 154 5 
 2100 1409 6 
 2001 4 7 
 1195 1124 1 
 2256 1654 2 
 1521 1289 7 
 1014 1904 6 
 265 1244 1 
 31 261 1 
 2022 877 9 
 591 2451 7 
 2241 968 8 
 619 1698 5 
 497 2256 3 
 1453 2258 5 
 1805 442 7 
 1846 1198 3 
 1297 410 2 
 1218 248 2 
 185 465 7 
 2159 95 5 
 1824 1064 8 
 1350 1971 5 
 778 234 1 
 1054 2028 5 
 208 1157 1 
 1548 500 3 
 1451 1279 9 
 309 982 9 
 229 1949 6 
 2465 2010 9 
 505 1175 2 
 149 786 7 
 228 292 5 
 1473 498 5 
 1849 2141 6 
 1451 2428 3 
 1873 1293 1 
 1521 2108 6 
 327 2314 1 
 475 688 10 
 1758 2490 1 
 2388 437 10 
 2278 2219 10 
 818 2430 5 
 2461 1625 6 
 406 1923 4 
 780 388 5 
 921 1664 9 
 1134 287 8 
 953 552 1 
 161 294 6 
 156 488 1 
 1445 915 9 
 1689 1285 8 
 905 1434 2 
 1527 2303 5 
 1533 270 6 
 2357 2323 8 
 2357 1800 5 
 1835 909 10 
 2132 1166 9 
 438 1545 2 
 1770 2 9 
 1701 1393 2 
 514 534 6 
 2019 492 9 
 970 2042 6 
 1361 840 3 
 1146 492 10 
 2135 544 2 
 818 400 6 
 2212 1949 5 
 1350 999 5 
 1448 140 6 
 388 163 4 
 2063 449 3 
 1642 1446 7 
 2429 1257 7 
 1612 384 9 
 219 1176 1 
 585 57 10 
 1957 469 1 
 2286 1792 6 
 400 354 7 
 1535 651 2 
 966 2389 6 
 1285 2011 10 
 86 524 7 
 191 806 3 
 480 774 2 
 2470 1579 10 
 669 1662 9 
 850 1694 5 
 1090 2389 10 
 1966 1919 10 
 592 1407 2 
 1874 1211 2 
 905 1290 6 
 848 1856 4 
 549 2320 3 
 764 1214 1 
 2155 1670 1 
 674 1214 8 
 1876 302 3 
 1547 782 4 
 821 144 6 
 1849 1816 8 
 1919 1845 1 
 2247 777 9 
 350 2379 9 
 1679 445 10 
 1760 110 6 
 1001 1718 5 
 2465 2400 8 
 1225 756 5 
 2240 66 9 
 1148 1695 7 
 384 67 3 
 1878 1217 1 
 1258 2465 8 
 2235 1429 7 
 2285 1257 3 
 1418 1537 8 
 337 1864 6 
 95 2157 7 
 1987 1879 10 
 1051 110 2 
 2060 2403 1 
 1121 2075 9 
 170 1108 6 
 638 1424 1 
 1810 1439 8 
 1728 100 6 
 1149 1923 9 
 897 1552 10 
 999 1326 3 
 2458 1248 9 
 2393 842 6 
 1263 675 8 
 1323 2274 2 
 428 1826 3 
 1932 2491 2 
 1816 746 1 
 1559 2059 4 
 2196 1034 10 
 689 638 2 
 1220 608 1 
 507 1164 6 
 687 2406 3 
 576 2213 4 
 927 1363 9 
 403 226 9 
 2083 1678 2 
 1885 2048 9 
 1054 2481 2 
 971 2129 7 
 206 842 6 
 1228 2148 2 
 98 1714 2 
 2395 1434 7 
 758 664 3 
 931 2210 10 
 315 1387 3 
 2264 330 1 
 2485 1068 8 
 656 2109 4 
 1200 1002 3 
 194 1477 2 
 1517 812 9 
 1079 2234 7 
 651 2462 10 
 840 1168 5 
 874 813 6 
 2037 420 7 
 1259 2367 9 
 1475 1451 7 
 1316 1895 7 
 140 128 5 
 340 1030 8 
 339 2279 1 
 23 100 5 
 1496 174 6 
 316 972 7 
 2370 831 2 
 567 2012 9 
 23 882 7 
 39 1447 4 
 1511 1029 3 
 145 260 6 
 1201 1373 6 
 2412 1945 8 
 2452 567 7 
 2382 1923 6 
 2037 393 6 
 1549 1662 3 
 2442 1358 3 
 1340 1569 6 
 104 770 3 
 1878 1112 9 
 1752 1639 10 
 139 1858 1 
 1724 761 4 
 353 970 9 
 739 1097 4 
 927 680 4 
 1228 2298 1 
 452 1170 6 
 2103 813 9 
 683 328 8 
 1455 661 6 
 629 176 8 
 570 1726 7 
 169 745 3 
 110 2443 7 
 2309 1049 10 
 1358 1273 6 
 1805 2432 6 
 1336 1703 7 
 370 1030 8 
 2143 1478 8 
 1248 860 4 
 1529 13 3 
 1248 1411 8 
 2122 1426 10 
 1601 1126 4 
 973 152 5 
 1462 2143 8 
 1750 962 10 
 476 1125 5 
 720 2208 8 
 1761 947 9 
 454 1550 1 
 612 393 1 
 2173 1433 5 
 2317 300 6 
 2018 103 9 
 50 2462 7 
 327 1921 10 
 2163 2407 2 
 979 248 10 
 786 1655 10 
 1781 1898 7 
 1913 734 6 
 2084 590 9 
 7 1354 5 
 1316 2024 3 
 2093 234 9 
 1852 370 3 
 684 1214 4 
 1924 2029 10 
 330 849 6 
 1454 1823 9 
 978 1356 7 
 674 1208 9 
 2299 1982 6 
 1771 1255 9 
 1915 427 3 
 428 409 4 
 188 1897 2 
 2267 157 6 
 364 1733 6 
 1174 549 7 
 277 1273 5 
 368 534 7 
 694 1594 7 
 763 898 6 
 36 2317 5 
 676 1556 10 
 28 419 4 
 2291 1897 4 
 759 1605 3 
 828 522 3 
 439 1085 10 
 2221 1259 5 
 1049 2416 6 
 2185 818 3 
 1661 2455 10 
 1024 806 2 
 353 1388 6 
 1206 2403 3 
 1493 459 7 
 1749 167 7 
 1810 540 5 
 1840 2413 8 
 350 1159 9 
 1333 2022 8 
 1677 931 1 
 784 1196 9 
 383 936 4 
 2358 80 4 
 2373 489 9 
 1263 1328 4 
 1567 2020 2 
 1313 2062 3 
 639 2330 6 
 2225 641 10 
 2469 2276 5 
 1905 1803 5 
 437 1611 10 
 239 1866 3 
 130 541 8 
 2485 1372 7 
 2443 1613 6 
 724 68 8 
 35 1148 5 
 1859 2247 3 
 154 1351 5 
 161 665 7 
 415 1270 8 
 1033 1575 8 
 2488 180 9 
 1293 1972 7 
 1374 902 5 
 1574 961 7 
 196 905 10 
 1117 141 10 
 2237 247 10 
 2388 1508 9 
 1855 2205 8 
 1417 514 1 
 1524 1034 2 
 386 1243 1 
 984 2098 6 
 1105 1815 1 
 1726 1306 9 
 8 485 7 
 893 1340 3 
 732 209 3 
 891 89 10 
 2209 393 9 
 2000 1863 6 
 2204 2391 9 
 769 1752 9 
 25 1542 3 
 1358 1430 3 
 2312 1105 8 
 1993 1190 8 
 2312 1405 7 
 12 888 6 
 2258 311 5 
 770 1597 10 
 1892 1222 7 
 1511 2327 4 
 1142 1121 5 
 264 373 4 
 2039 2114 10 
 1658 1485 2 
 2204 1320 1 
 1533 2424 4 
 1213 1674 8 
 2463 1013 1 
 1456 740 8 
 214 2205 1 
 1289 887 8 
 2014 1317 7 
 1057 544 10 
 736 1343 9 
 2004 2177 2 
 1354 255 9 
 4 655 2 
 892 1152 8 
 639 1744 3 
 395 988 4 
 1547 2480 2 
 2169 1261 3 
 1619 1108 2 
 796 1451 10 
 2399 1013 2 
 688 282 4 
 5 1479 5 
 1357 2455 2 
 893 1324 7 
 1670 1173 8 
 1826 1907 3 
 597 1718 6 
 409 1504 6 
 196 903 4 
 443 1787 9 
 893 132 5 
 1578 769 9 
 876 2126 7 
 1142 293 3 
 47 578 1 
 1306 1267 9 
 1974 1655 9 
 881 1964 5 
 1551 1948 9 
 1505 1831 8 
 264 2359 7 
 2128 2368 10 
 667 2384 9 
 2455 779 5 
 1492 277 7 
 695 313 2 
 1964 1135 6 
 1715 1797 7 
 1416 1622 10 
 1479 635 7 
 1166 1154 4 
 897 798 3 
 2014 647 6 
 667 1519 5 
 24 2184 1 
 788 707 6 
 1480 1729 4 
 576 2086 6 
 1733 254 1 
 97 1995 7 
 2034 1129 9 
 1498 73 10 
 1378 1057 10 
 943 457 7 
 1822 472 2 
 1504 1887 7 
 295 618 7 
 2328 893 10 
 246 119 6 
 2056 525 4 
 1047 748 4 
 2235 324 2 
 708 962 9 
 1338 1591 2 
 2020 791 10 
 835 687 7 
 370 1532 3 
 1622 809 1 
 2486 2134 10 
 1732 351 5 
 1989 943 7 
 565 2015 10 
 1264 100 1 
 1901 341 9 
 268 695 7 
 2330 1628 5 
 1228 72 3 
 1288 2378 5 
 412 180 10 
 772 1432 8 
 365 135 8 
 1632 1678 2 
 1721 2328 2 
 928 2085 2 
 2107 442 6 
 396 84 1 
 2485 1673 10 
 18 1695 9 
 1143 1957 4 
 890 566 3 
 2269 2429 3 
 1498 1911 2 
 1678 793 5 
 1609 2103 10 
 258 1285 9 
 1804 1838 2 
 1242 2462 5 
 132 2077 3 
 388 458 1 
 475 523 6 
 721 1628 2 
 2481 379 6 
 954 439 8 
 157 464 6 
 2088 348 4 
 2321 1860 5 
 316 1742 7 
 179 1412 2 
 1747 1157 9 
 1878 2142 3 
 2349 1418 8 
 1602 785 6 
 1856 435 3 
 915 914 4 
 492 146 7 
 2151 268 4 
 1814 157 1 
 99 2159 4 
 2353 201 10 
 1356 59 1 
 760 1237 6 
 1116 368 2 
 926 580 10 
 381 725 10 
 666 1501 3 
 2376 1158 6 
 710 2257 1 
 702 1800 8 
 925 2135 7 
 687 2045 3 
 1157 1881 1 
 674 69 6 
 417 2486 3 
 492 2498 4 
 1466 1314 8 
 1973 533 5 
 1024 1604 5 
 2182 378 4 
 2039 233 7 
 1051 1 9 
 507 377 5 
 1399 678 1 
 1840 2218 4 
 1735 580 4 
 177 2060 9 
 66 2449 4 
 1688 2218 6 
 516 47 5 
 1335 237 6 
 1096 1350 2 
 1347 2351 9 
 2414 2017 10 
 603 1607 5 
 197 365 6 
 1626 2451 8 
 1283 140 8 
 1673 2168 3 
 422 606 10 
 1161 1663 4 
 2093 1233 4 
 1748 1627 8 
 68 2200 10 
 1020 1559 1 
 395 807 3 
 2253 832 8 
 604 2087 5 
 48 2129 4 
 1836 1918 10 
 337 2124 1 
 2363 188 7 
 1857 205 8 
 946 1505 3 
 390 792 2 
 551 1723 2 
 213 817 9 
 97 1205 5 
 558 547 6 
 2035 2134 6 
 1422 633 3 
 1394 383 5 
 2091 597 8 
 629 1278 1 
 2210 1383 4 
 589 2483 3 
 449 259 2 
 1319 1816 1 
 558 1039 6 
 1766 1816 2 
 1894 2335 5 
 1406 958 7 
 1449 2312 6 
 733 727 7 
 1327 1418 2 
 1304 635 6 
 1847 376 4 
 880 1710 9 
 1663 1773 1 
 2237 1775 4 
 1606 2260 1 
 1918 1952 10 
 2016 527 8 
 1965 896 10 
 1754 368 9 
 2233 2394 10 
 2233 564 8 
 1370 1277 3 
 30 403 10 
 448 2185 9 
 1962 1551 9 
 1754 1651 5 
 1336 1286 3 
 1487 2108 2 
 694 1390 6 
 2002 213 10 
 2263 155 3 
 46 534 8 
 1127 1744 10 
 2389 1916 10 
 272 956 9 
 2005 1533 2 
 2309 518 8 
 1977 1577 3 
 1518 302 9 
 940 756 3 
 594 138 9 
 1270 730 1 
 2023 1485 2 
 2458 37 6 
 1501 632 9 
 1280 2349 4 
 2356 1390 8 
 2239 549 3 
 568 1230 4 
 2218 2467 10 
 938 370 8 
 1801 151 5 
 1048 797 8 
 1079 2457 2 
 2041 1548 5 
 80 517 3 
 918 2338 8 
 837 1221 9 
 2119 313 10 
 875 1324 3 
 837 1657 2 
 2021 1115 4 
 1116 391 1 
 1856 1459 6 
 716 501 8 
 1245 1440 9 
 305 128 5 
 2203 877 8 
 1777 55 2 
 504 69 10 
 1153 1650 5 
 1649 2261 2 
 1871 2443 2 
 2201 1927 8 
 1306 867 7 
 1332 1485 1 
 833 1233 9 
 2420 1971 6 
 608 2500 3 
 924 2375 5 
 141 2334 6 
 429 2088 3 
 2202 618 8 
 1801 1098 6 
 2109 1633 5 
 2384 2409 10 
 1131 2461 2 
 1159 2096 3 
 1184 1717 9 
 1799 1150 5 
 1937 95 9 
 2067 1556 9 
 2106 2376 7 
 231 620 8 
 1699 608 5 
 2091 801 7 
 1009 361 8 
 1740 1784 8 
 2408 633 8 
 1664 165 7 
 2262 1989 10 
 1363 1743 10 
 835 913 1 
 221 1 10 
 1727 1932 5 
 1872 1158 5 
 347 1327 3 
 2111 741 6 
 2480 841 1 
 760 1757 8 
 1082 756 8 
 860 1734 7 
 1704 454 1 
 1070 1562 1 
 617 799 4 
 777 2487 10 
 2476 524 2 
 805 1336 9 
 148 1475 3 
 1933 785 7 
 1456 199 10 
 2280 1186 10 
 902 642 8 
 2399 1712 6 
 2415 391 5 
 2426 1588 8 
 540 802 10 
 225 1390 4 
 2163 899 4 
 1665 1647 3 
 1104 239 5 
 153 2485 8 
 1046 1372 4 
 1620 1838 8 
 2275 2393 4 
 274 1215 3 
 2044 735 9 
 597 1489 2 
 1737 77 1 
 302 1044 2 
 150 1373 4 
 538 923 10 
 2429 1037 3 
 162 204 5 
 260 768 9 
 2385 521 4 
 2175 741 3 
 1602 1938 3 
 23 693 4 
 172 2039 6 
 1191 1243 5 
 1741 750 8 
 1283 1006 6 
 2436 338 6 
 1043 850 6 
 2032 797 6 
 517 26 8 
 698 795 3 
 1423 1320 4 
 2253 494 3 
 2344 2087 9 
 1457 602 4 
 1965 2366 6 
 2406 325 4 
 1066 2029 1 
 1838 1730 7 
 1012 1116 5 
 1658 2288 9 
 1234 2180 5 
 1081 1230 9 
 1888 1771 10 
 1016 458 8 
 799 1870 3 
 2131 952 1 
 495 2486 3 
 2321 1891 3 
 2107 630 1 
 2029 1523 8 
 135 235 5 
 960 678 1 
 1612 2003 6 
 1778 1174 10 
 1402 1627 1 
 1138 273 1 
 2057 1957 6 
 2455 2189 5 
 1261 1380 8 
 1005 1321 3 
 255 584 4 
 684 133 3 
 277 1593 2 
 250 848 3 
 1303 1997 7 
 1355 1884 6 
 1811 1422 6 
 245 2259 9 
 441 489 10 
 2460 986 7 
 2494 1771 5 
 1039 2352 3 
 1206 2315 8 
 492 1069 7 
 1378 1940 5 
 1748 2322 3 
 1110 618 8 
 1664 819 8 
 81 2153 3 
 961 826 2 
 2456 465 8 
 1578 577 4 
 1193 2358 1 
 490 826 7 
 650 454 3 
 1061 1962 7 
 1153 2369 9 
 1736 324 4 
 643 1363 6 
 1346 1004 5 
 676 1522 1 
 1837 2496 9 
 2303 1643 2 
 2006 1426 6 
 1689 382 7 
 1981 981 8 
 2076 1270 2 
 588 2242 1 
 1007 1940 2 
 1063 1529 2 
 2428 1899 1 
 2427 1553 2 
 128 824 3 
 1488 598 3 
 1005 1830 10 
 2489 1775 3 
 111 2312 3 
 255 883 4 
 801 186 7 
 718 1370 8 
 2463 1979 2 
 1549 610 7 
 1835 474 2 
 1177 295 10 
 1931 1416 1 
 1844 348 3 
 432 623 2 
 922 396 8 
 525 1853 8 
 51 2275 10 
 1502 604 4 
 1420 1379 2 
 2350 992 10 
 2494 1080 7 
 2388 704 1 
 1053 774 1 
 2121 42 1 
 2126 2297 9 
 22 365 9 
 1976 327 6 
 2459 234 6 
 1261 317 1 
 1656 423 9 
 1571 1680 6 
 1797 2401 4 
 255 1035 7 
 2090 1504 9 
 722 1 7 
 1859 1842 10 
 1519 244 10 
 1360 1527 7 
 1723 17 6 
 809 2137 9 
 1265 1463 6 
 2015 1963 1 
 823 351 3 
 1092 2476 7 
 360 1250 3 
 2106 1829 6 
 879 1361 7 
 1295 1711 10 
 582 781 9 
 871 1571 6 
 291 1100 3 
 860 830 9 
 1189 2022 5 
 39 426 3 
 1155 2406 6 
 2056 467 5 
 478 1454 3 
 1283 1675 2 
 1735 431 5 
 1738 1732 10 
 1519 622 7 
 803 505 2 
 538 1998 1 
 2294 2444 7 
 1438 355 8 
 335 427 9 
 484 551 6 
 2055 592 7 
 674 385 8 
 2271 2329 3 
 1666 960 9 
 275 1402 6 
 809 1414 7 
 1569 1782 5 
 1219 2102 2 
 1108 2070 9 
 62 1703 3 
 419 670 2 
 469 2238 6 
 1685 693 7 
 1096 1520 10 
 1421 908 7 
 2174 1378 6 
 13 862 7 
 271 1890 5 
 2341 2124 9 
 2099 2336 8 
 1685 2305 2 
 1797 2273 10 
 1446 440 3 
 1819 753 4 
 963 112 7 
 685 1012 9 
 2219 556 1 
 978 2392 5 
 863 1049 4 
 799 634 5 
 1392 369 4 
 1111 1099 6 
 2497 265 5 
 282 1160 1 
 429 2120 9 
 401 1166 7 
 1918 279 3 
 1075 1549 1 
 1074 1314 1 
 1676 34 7 
 1344 860 4 
 2278 637 2 
 1837 1595 2 
 1877 1772 2 
 1506 380 1 
 1943 1547 3 
 715 2016 10 
 586 978 5 
 2173 2115 3 
 415 808 2 
 1561 229 9 
 1102 320 10 
 1009 811 10 
 2481 976 7 
 543 1597 8 
 836 561 5 
 432 482 8 
 1913 2007 1 
 1236 1212 6 
 1352 2131 9 
 731 29 8 
 2035 1617 4 
 2342 1620 9 
 315 1833 8 
 2347 301 10 
 217 1728 5 
 32 274 9 
 453 2023 5 
 1184 1568 5 
 1618 884 2 
 2040 2357 6 
 994 1278 7 
 1784 1342 2 
 640 555 7 
 955 2085 3 
 1232 1394 6 
 129 1638 3 
 478 1495 9 
 1265 94 3 
 1729 1883 9 
 401 1010 8 
 2371 888 2 
 176 96 6 
 873 1774 7 
 108 1520 1 
 1015 411 8 
 688 2319 7 
 1654 1951 7 
 32 866 2 
 2313 481 7 
 1969 1079 8 
 1208 1072 7 
 1652 544 3 
 1681 2100 4 
 1807 1987 3 
 2371 1546 5 
 2498 470 8 
 1725 2379 4 
 1615 12 3 
 1510 1789 7 
 953 1023 8 
 729 2418 6 
 553 1476 7 
 2141 1460 5 
 435 1302 3 
 916 1378 5 
 1581 1488 4 
 2187 1091 1 
 814 2415 10 
 1891 944 7 
 1625 1572 6 
 389 1841 10 
 372 342 6 
 2074 325 2 
 804 845 7 
 2466 1647 8 
 1589 141 2 
 2438 2241 8 
 1665 1776 1 
 219 173 7 
 1775 402 10 
 1619 1707 10 
 1565 157 1 
 1986 2442 3 
 2374 899 1 
 307 547 3 
 1171 767 8 
 11 1249 3 
 2260 1256 6 
 1763 1275 7 
 2383 2396 2 
 765 1432 1 
 751 2033 5 
 2170 334 8 
 2223 1571 5 
 1739 206 8 
 950 1464 3 
 1915 648 8 
 1528 2130 1 
 493 2395 2 
 2241 1557 4 
 596 212 8 
 2051 490 10 
 625 1329 3 
 1920 694 4 
 1897 299 8 
 155 318 10 
 2306 777 10 
 503 2189 10 
 379 1119 1 
 361 2360 1 
 1234 1794 8 
 761 1644 6 
 1832 977 4 
 963 2361 8 
 563 2267 6 
 1965 2266 6 
 120 1457 9 
 2421 1072 8 
 1025 1256 2 
 167 2231 9 
 2152 577 8 
 314 2240 5 
 1073 1138 5 
 1877 513 7 
 585 1056 2 
 236 1841 9 
 1522 256 7 
 888 1266 5 
 982 2265 9 
 2381 1469 3 
 690 1422 4 
 2158 1092 4 
 1532 1525 10 
 950 1140 3 
 166 691 4 
 329 1878 4 
 776 1547 3 
 1162 2360 10 
 1955 924 10 
 1133 81 9 
 2177 2139 9 
 89 1868 6 
 983 541 9 
 1501 829 4 
 2048 2386 1 
 2324 869 6 
 373 948 1 
 1504 1668 2 
 1247 820 6 
 1183 1700 5 
 1291 2067 2 
 479 665 9 
 425 1813 1 
 1186 1616 3 
 1484 1574 2 
 2485 101 8 
 980 2175 8 
 669 1203 2 
 640 1310 3 
 1441 2373 5 
 2038 2361 10 
 1239 2465 1 
 2434 1454 7 
 2475 1241 1 
 1351 1251 4 
 1335 1809 10 
 1414 964 9 
 1910 1963 3 
 2203 1592 8 
 742 2474 10 
 657 2282 2 
 1035 2310 3 
 1099 124 2 
 316 109 7 
 1705 2372 8 
 834 623 4 
 216 1636 4 
 1502 2478 3 
 899 444 9 
 1599 2466 4 
 1454 1697 7 
 713 2013 5 
 1793 1013 4 
 1527 2477 9 
 1720 1385 1 
 66 1975 9 
 781 1471 10 
 2280 1003 5 
 1325 353 8 
 1726 528 4 
 2251 546 3 
 627 1996 9 
 1093 2257 7 
 859 1613 9 
 1512 710 8 
 1640 796 9 
 200 390 10 
 1071 560 9 
 1151 2234 10 
 654 672 6 
 2133 1110 4 
 2041 2064 4 
 1597 827 6 
 451 1268 1 
 2186 1614 5 
 182 1657 6 
 1311 1571 9 
 545 114 5 
 1137 103 6 
 1945 1227 9 
 1902 159 6 
 112 2050 8 
 1200 83 3 
 1315 2100 9 
 881 2206 10 
 1647 852 6 
 1834 2209 3 
 57 374 5 
 424 1451 8 
 904 2059 4 
 686 2401 3 
 2316 857 10 
 766 877 10 
 2081 187 6 
 907 2298 3 
 700 2139 5 
 1165 417 10 
 1983 476 2 
 257 1563 2 
 2392 85 4 
 510 2124 2 
 824 2232 6 
 2398 1747 2 
 2003 2445 4 
 2216 730 2 
 2166 643 3 
 2223 2079 3 
 40 1278 8 
 575 1475 2 
 2084 366 2 
 354 1967 8 
 795 1922 10 
 2254 1897 6 
 697 2132 9 
 1623 1133 5 
 897 2027 1 
 1921 2156 3 
 88 377 7 
 2061 2088 10 
 21 893 1 
 1629 330 10 
 1073 2043 10 
 754 833 6 
 830 178 5 
 1696 1979 7 
 955 1598 7 
 1935 2008 4 
 2414 75 3 
 1828 1952 3 
 1535 919 8 
 66 572 8 
 1483 618 5 
 2452 646 9 
 1759 1032 4 
 1946 124 10 
 207 2235 2 
 710 2272 3 
 477 1148 5 
 147 454 2 
 1975 2339 6 
 789 512 4 
 1806 1933 4 
 1062 1632 8 
 2102 660 7 
 1695 1368 2 
 959 490 2 
 1897 2300 2 
 1276 1879 5 
 1083 1389 9 
 2081 1482 4 
 2079 1330 6 
 1745 2200 2 
 1313 1687 2 
 979 969 4 
 1491 1862 1 
 2374 1269 6 
 1366 2292 1 
 1569 54 8 
 2495 382 7 
 486 808 7 
 2103 1994 3 
 2454 2151 5 
 1231 685 1 
 1566 1832 8 
 121 2096 8 
 885 1028 7 
 225 1947 9 
 853 997 2 
 1934 270 4 
 90 2392 7 
 2295 1610 9 
 962 285 1 
 1155 706 9 
 2221 1262 6 
 677 1918 5 
 1904 2236 6 
 1463 2066 9 
 2080 1918 2 
 794 1223 1 
 309 2289 1 
 972 421 6 
 1133 1371 8 
 1391 2361 6 
 1698 554 7 
 1845 668 9 
 1260 572 6 
 256 932 9 
 2184 251 1 
 1364 477 3 
 1454 910 1 
 259 1925 7 
 1646 2406 4 
 269 2267 6 
 818 1990 9 
 1540 2384 3 
 343 447 7 
 1400 2336 8 
 2391 249 4 
 435 714 5 
 1708 110 4 
 413 1154 9 
 1146 222 4 
 1645 1619 7 
 1080 906 2 
 1436 1322 8 
 356 338 7 
 1216 611 5 
 2104 808 8 
 949 92 4 
 1353 487 1 
 1580 319 3 
 775 1416 8 
 2355 1959 4 
 446 894 3 
 74 651 5 
 2444 1369 7 
 2151 223 8 
 226 1132 3 
 1820 968 9 
 879 1753 9 
 1415 2286 4 
 2221 2089 5 
 1123 516 2 
 1452 264 5 
 1173 825 4 
 517 822 3 
 2497 2325 5 
 614 1436 4 
 2052 1887 9 
 1094 2410 5 
 347 2222 1 
 1984 984 7 
 987 1194 5 
 414 1536 8 
 1841 1582 5 
 1330 838 6 
 647 1660 5 
 1886 1112 9 
 1507 2236 10 
 1896 1545 1 
 662 1645 6 
 1086 2025 6 
 886 568 6 
 643 306 9 
 1834 2140 4 
 539 665 1 
 1167 1254 1 
 1865 2185 4 
 1236 2482 1 
 2439 826 2 
 1209 1407 3 
 1031 1265 4 
 593 334 4 
 974 2039 8 
 2008 1880 7 
 2283 1199 7 
 1681 626 10 
 866 2095 10 
 710 1299 1 
 589 1751 1 
 2240 511 9 
 2390 2056 2 
 1442 48 1 
 397 2141 7 
 473 1623 3 
 55 363 9 
 1177 1486 1 
 1036 2238 10 
 2271 2146 3 
 2106 2245 5 
 1472 666 5 
 2330 326 8 
 345 1994 6 
 1590 1942 1 
 2232 2431 8 
 394 842 1 
 1450 1697 9 
 33 249 3 
 771 139 8 
 1846 1337 2 
 1247 2113 6 
 941 11 1 
 1443 1283 3 
 1731 2131 2 
 693 895 8 
 1175 2252 4 
 1912 488 1 
 1377 1215 10 
 1562 2422 2 
 310 676 5 
 1980 517 2 
 1641 1485 1 
 2464 561 6 
 1646 267 2 
 2179 2478 2 
 125 1658 8 
 1340 232 1 
 2437 1262 3 
 2485 1163 3 
 8 1970 4 
 863 609 8 
 1729 535 1 
 2429 1017 3 
 2412 215 6 
 692 1878 8 
 1503 2382 3 
 1146 581 1 
 490 1667 9 
 1631 218 2 
 1684 2370 8 
 1183 1764 2 
 1590 1011 1 
 289 588 10 
 1676 644 5 
 1184 854 3 
 1435 893 4 
 2309 2192 8 
 1051 605 2 
 160 367 10 
 1864 1526 3 
 190 1794 6 
 1988 1009 4 
 1738 1084 3 
 1397 2230 7 
 1380 266 1 
 143 1187 4 
 1854 1503 1 
 1936 2188 5 
 758 1702 5 
 865 961 10 
 1727 755 3 
 864 524 7 
 435 2009 9 
 1218 468 4 
 1431 1718 2 
 87 2137 5 
 2347 1382 7 
 1202 576 9 
 580 1560 3 
 423 1817 9 
 1136 2225 5 
 2194 2457 2 
 968 303 1 
 1040 75 4 
 709 412 9 
 300 1515 10 
 1954 236 9 
 1365 914 3 
 787 1913 6 
 2463 530 4 
 1572 599 7 
 2463 1359 3 
 2423 601 8 
 557 489 2 
 1444 1337 1 
 588 1298 10 
 1539 1349 7 
 2049 1824 1 
 989 2138 2 
 431 1077 5 
 1692 835 9 
 1467 350 9 
 1182 1138 9 
 1024 1042 2 
 2415 198 5 
 1312 1955 6 
 1875 129 9 
 2008 2337 2 
 1818 292 1 
 181 216 8 
 634 158 1 
 1378 998 2 
 1953 998 1 
 661 1637 9 
 962 607 3 
 1419 2457 1 
 2354 731 1 
 1147 1599 5 
 116 1451 1 
 2495 331 8 
 1343 2377 2 
 2350 82 2 
 450 675 8 
 9 411 8 
 434 1562 6 
 905 1693 1 
 2471 1681 2 
 1695 79 8 
 795 2340 2 
 1912 1586 9 
 2441 452 8 
 1101 2215 4 
 1432 1903 7 
 1659 870 2 
 2257 2047 1 
 1490 672 4 
 257 2417 7 
 1235 107 3 
 118 180 3 
 1348 2135 3 
 989 466 9 
 1404 1166 10 
 738 911 2 
 800 1965 7 
 726 998 4 
 1033 1246 9 
 994 78 1 
 945 136 3 
 1341 1769 2 
 1574 872 5 
 2250 268 9 
 2281 1658 9 
 2068 2361 6 
 855 754 2 
 1103 1168 3 
 230 1443 1 
 971 1762 4 
 1437 1244 10 
 2226 1099 3 
 2440 1769 5 
 91 1246 2 
 1459 2183 8 
 1301 2263 4 
 193 310 9 
 1956 1833 5 
 137 2012 10 
 1639 1706 7 
 1866 1376 9 
 1675 673 5 
 759 142 3 
 833 1470 10 
 787 45 9 
 692 2326 2 
 182 929 5 
 2255 680 7 
 1796 1824 9 
 1052 509 9 
 2065 77 8 
 1407 2450 4 
 2404 2161 3 
 1968 248 1 
 672 1180 10 
 1058 931 4 
 1671 678 6 
 408 701 9 
 1019 1925 6 
 58 2481 4 
 418 2407 4 
 2109 816 7 
 2365 2005 8 
 1365 2097 9 
 1307 1005 8 
 949 1783 6 
 2110 1067 3 
 1033 1339 8 
 1554 1611 7 
 1993 1889 1 
 1753 2145 4 
 392 1927 5 
 868 1750 10 
 1881 184 2 
 386 1917 5 
 502 2040 2 
 1447 2448 1 
 1221 278 4 
 1481 1757 6 
 1421 105 4 
 237 2193 1 
 1287 1262 10 
 1770 1893 4 
 1343 312 10 
 1506 252 2 
 2162 1775 4 
 1135 3 9 
 93 951 9 
 2416 2118 6 
 1229 1104 4 
 1294 865 3 
 889 1716 5 
 703 99 5 
 404 1830 4 
 1609 2046 7 
 2143 1139 3 
 1543 888 7 
 152 1282 7 
 2488 2164 10 
 1122 1691 2 
 262 676 10 
 1809 1991 10 
 189 1988 9 
 416 221 1 
 744 1514 8 
 744 1345 1 
 139 352 3 
 2167 1342 2 
 192 482 6 
 2371 719 4 
 742 44 1 
 994 1474 1 
 1041 2421 6 
 658 865 5 
 127 738 3 
 1489 1531 5 
 1619 508 5 
 2094 2189 2 
 2071 250 2 
 1059 1175 2 
 1015 496 4 
 1458 1182 8 
 2484 1416 5 
 466 595 4 
 1986 1468 3 
 1308 1842 2 
 45 407 10 
 174 942 6 
 985 2288 2 
 1074 930 3 
 362 810 4 
 1598 624 6 
 2197 1323 6 
 1281 1594 8 
 1608 173 7 
 970 1576 3 
 1827 476 2 
 289 1179 5 
 975 1696 10 
 2092 378 10 
 209 587 9 
 16 602 3 
 2268 822 2 
 1684 1768 7 
 1523 1812 6 
 839 394 10 
 70 1827 10 
 2397 1728 4 
 676 2127 1 
 308 1765 6 
 2119 783 8 
 1033 1384 5 
 1825 1387 5 
 1322 1095 7 
 2255 1672 3 
 571 2197 5 
 367 1060 10 
 1045 302 4 
 76 276 2 
 1943 815 2 
 1401 1958 2 
 1300 848 5 
 505 531 8 
 1340 937 4 
 2036 937 2 
 517 1908 7 
 283 1206 3 
 1786 1331 1 
 462 755 10 
 2117 1565 4 
 2076 847 8 
 398 82 9 
 2492 2145 1 
 935 1650 1 
 1961 1915 6 
 1461 1179 6 
 2333 1392 7 
 1802 1524 1 
 1900 1989 10 
 2277 1031 9 
 323 705 4 
 461 1577 3 
 2221 2446 7 
 128 542 1 
 1869 2452 1 
 749 221 5 
 1767 299 1 
 2352 2026 2 
 1635 1009 2 
 202 2424 8 
 1497 409 9 
 843 1408 6 
 1824 1089 4 
 2078 2245 9 
 2262 52 9 
 2172 1477 4 
 1274 1476 3 
 2007 1185 6 
 947 1690 2 
 425 227 2 
 2077 1516 4 
 737 1161 6 
 1921 1318 9 
 1042 878 6 
 1465 616 8 
 1788 2195 10 
 1035 2364 8 
 332 159 9 
 2123 1246 4 
 211 442 1 
 1143 934 7 
 920 1064 10 
 1939 2125 4 
 1152 1534 9 
 2224 1303 1 
 682 390 6 
 600 288 1 
 1570 1724 3 
 518 2468 2 
 755 56 2 
 2149 1289 10 
 344 952 6 
 1985 426 3 
 712 2248 10 
 1914 454 3 
 114 636 3 
 1843 1719 5 
 290 2306 10 
 1533 1114 1 
 2307 173 9 
 106 1769 8 
 1028 996 4 
 985 1410 8 
 1541 917 2 
 36 2493 7 
 594 2447 3 
 1603 302 6 
 2179 2348 3 
 2027 49 8 
 2292 1396 2 
 1583 1518 4 
 621 1770 1 
 870 1271 10 
 1167 123 1 
 39 790 8 
 1339 38 6 
 2346 126 2 
 458 1395 3 
 2453 1266 8 
 1541 2435 1 
 1686 976 5 
 1180 1821 3 
 2318 136 3 
 1544 607 7 
 1403 1392 1 
 470 2227 3 
 417 844 5 
 634 967 4 
 2207 1017 7 
 1669 141 9 
 1425 464 6 
 976 183 7 
 302 20 7 
 371 1316 4 
 323 1050 5 
 1121 399 9 
 2235 1530 10 
 671 458 9 
 2196 1564 6 
 1509 807 3 
 446 1851 4 
 1022 681 1 
 1621 1161 5 
 1625 1930 7 
 1428 886 5 
 2293 1512 2 
 663 1103 1 
 1926 465 4 
 583 2280 9 
 66 2301 8 
 1272 1558 4 
 1568 1500 6 
 1106 2308 3 
 218 2343 7 
 1901 1850 8 
 1021 1039 8 
 564 573 7 
 529 265 6 
 1178 1629 9 
 1051 2072 1 
 2098 900 2 
 1648 2058 2 
 2380 412 8 
 1513 204 5 
 568 559 5 
 1192 2499 7 
 1362 2107 3 
 2171 1292 6 
 645 961 2 
 463 115 6 
 210 5 2 
 751 1790 1 
 1224 1156 1 
 264 2191 4 
 353 2296 8 
 757 425 5 
 2150 178 9 
 2112 995 4 
 1684 1808 5 
 1027 429 6 
 1909 1598 7 
 365 2447 7 
 2137 3 9 
 23 1529 10 
 1634 879 6 
 343 867 2 
 1388 162 4 
 2427 1868 6 
 1085 155 4 
 1642 1886 4 
 839 1546 6 
 385 2467 6 
 1918 683 6 
 1252 1264 7 
 1802 860 8 
 773 2063 4 
 1325 970 9 
 2445 450 10 
 1945 1704 10 
 238 1700 8 
 1063 649 2 
 1131 1218 6 
 1828 559 8 
 1182 1185 5 
 692 1900 6 
 1568 567 1 
 862 1331 10 
 589 225 7 
 1217 800 1 
 881 1886 6 
 130 2315 7 
 1823 1710 7 
 1183 213 8 
 2379 28 2 
 9 170 9 
 569 1602 2 
 2156 1230 7 
 554 2437 8 
 549 1277 4 
 363 1112 2 
 2083 2332 8 
 292 2223 2 
 1131 2448 5 
 1977 1273 5 
 1999 1502 5 
 1024 1724 7 
 1819 1700 5 
 5 1151 8 
 628 2325 5 
 578 2141 9 
 37 2042 7 
 1037 1743 8 
 341 577 9 
 535 2362 10 
 620 810 7 
 1723 686 1 
 33 1688 1 
 2383 281 9 
 2017 854 1 
 1434 330 8 
 2497 1889 9 
 1859 402 4 
 811 2001 8 
 1803 76 7 
 729 945 6 
 229 950 10 
 1996 1182 8 
 1597 1802 10 
 98 79 7 
 1320 1392 5 
 2038 2137 6 
 1616 456 1 
 455 1889 10 
 2467 2360 1 
 893 285 10 
 956 513 6 
 1349 591 7 
 1832 343 4 
 340 298 1 
 2180 410 3 
 211 380 6 
 2188 882 4 
 1125 601 10 
 1899 405 3 
 1437 849 2 
 783 1341 5 
 1874 730 5 
 2042 919 10 
 1046 1047 10 
 2451 859 3 
 2169 2113 10 
 1542 1640 8 
 2293 2053 2 
 69 2374 8 
 895 965 10 
 723 1857 10 
 1135 1949 10 
 1801 1976 5 
 1720 1752 1 
 87 2009 10 
 1196 1265 1 
 2403 2313 10 
 2291 2096 2 
 1593 2238 2 
 1174 1812 7 
 549 842 5 
 1597 876 8 
 499 2306 1 
 2044 1904 1 
 153 2429 10 
 2090 2037 2 
 2396 1958 2 
 1249 2303 1 
 533 2148 6 
 268 905 9 
 46 2341 7 
 1543 2043 2 
 376 1843 3 
 1634 1747 1 
 1338 2349 8 
 1518 464 8 
 1204 84 1 
 630 1436 6 
 352 930 7 
 14 1437 1 
 2458 2328 6 
 2397 1355 6 
 1696 1497 3 
 2297 1907 8 
 222 2488 5 
 1 2342 8 
 1504 1346 4 
 572 146 7 
 360 576 6 
 1282 415 2 
 688 499 1 
 1475 1185 10 
 28 1166 9 
 1687 1254 6 
 8 956 5 
 1004 1263 5 
 2282 159 5 
 669 1575 10 
 1496 1072 10 
 1021 1817 6 
 335 1747 5 
 1438 576 1 
 2422 76 1 
 2363 309 7 
 1806 1229 9 
 959 2386 5 
 793 802 7 
 2333 2399 1 
 336 501 6 
 117 1252 2 
 1336 423 1 
 1979 1656 8 
 1006 769 9 
 915 656 6 
 360 2154 4 
 1582 1076 5 
 1671 991 6 
 1125 561 2 
 477 1399 2 
 383 373 1 
 1385 207 10 
 1368 477 2 
 2338 1723 9 
 2282 401 7 
 1231 1206 5 
 2059 1834 5 
 2042 1597 9 
 1431 2498 8 
 2045 1761 8 
 115 2129 4 
 950 2500 6 
 1660 172 3 
 2125 2192 5 
 405 1165 9 
 878 1219 10 
 261 1383 2 
 2390 1202 3 
 832 2295 7 
 578 2356 7 
 1947 507 2 
 1642 531 4 
 1065 1546 10 
 1984 1084 2 
 2383 2003 5 
 1998 2052 2 
 2326 1567 4 
 789 808 8 
 1374 1230 10 
 94 1634 10 
 2438 151 7 
 1714 2192 6 
 2053 312 7 
 771 620 6 
 1668 1208 4 
 149 549 10 
 2356 1424 7 
 1473 988 10 
 1912 2393 9 
 133 120 1 
 1076 2218 3 
 1323 1530 6 
 1564 2339 9 
 534 1957 7 
 116 1477 6 
 1387 1666 5 
 1198 2244 4 
 1120 787 3 
 1198 1279 8 
 1146 744 4 
 2004 948 10 
 2469 62 6 
 428 893 7 
 1071 2317 9 
 1752 575 8 
 359 1351 9 
 925 1318 7 
 1897 543 10 
 1832 1133 4 
 1349 459 5 
 2405 1757 1 
 925 1947 8 
 2240 943 6 
 1486 236 6 
 1912 2018 7 
 1733 7 9 
 771 586 3 
 2132 1732 4 
 1037 2219 3 
 2076 1431 4 
 751 219 10 
 1014 2165 8 
 847 118 8 
 558 221 4 
 1529 1699 4 
 655 2069 8 
 2049 1635 7 
 2260 1893 4 
 1778 2263 6 
 903 2461 4 
 186 1307 1 
 2251 668 7 
 2175 1369 3 
 582 1933 1 
 1093 1594 6 
 461 1890 9 
 1864 1430 4 
 1140 2365 2 
 33 633 9 
 18 2073 3 
 1151 105 3 
 1185 440 6 
 239 2453 9 
 705 1122 6 
 740 1638 3 
 1074 1146 6 
 1470 2323 5 
 826 1313 8 
 985 1336 3 
 160 353 8 
 2323 726 10 
 1639 825 9 
 1804 913 1 
 2347 1370 5 
 1246 737 4 
 68 945 7 
 2079 2484 6 
 2452 536 6 
 268 1187 6 
 122 2436 8 
 1828 925 1 
 770 857 8 
 1350 420 6 
 589 1880 10 
 2273 279 6 
 742 108 4 
 1724 1391 6 
 1435 1631 3 
 2440 823 9 
 1746 1084 6 
 2213 2159 1 
 971 286 8 
 1305 1585 3 
 611 567 3 
 1567 471 4 
 895 1941 1 
 77 2396 3 
 1438 2059 3 
 54 1282 4 
 1604 1406 8 
 1740 64 2 
 1200 695 10 
 1112 1013 5 
 1703 766 9 
 1896 1518 9 
 1268 550 4 
 2195 1551 5 
 973 1168 1 
 2010 884 9 
 199 1709 3 
 760 125 7 
 1639 843 6 
 2425 1664 3 
 1572 1949 6 
 1598 442 9 
 1312 1176 6 
 255 377 7 
 403 1789 10 
 2221 853 7 
 1884 1953 10 
 2100 1370 6 
 1227 1042 2 
 789 1827 8 
 2341 1499 6 
 2356 83 8 
 1213 2366 3 
 2424 543 5 
 2178 1022 3 
 1593 1436 4 
 1765 891 1 
 2111 1635 4 
 1004 1247 10 
 625 2499 4 
 1163 1306 4 
 1 289 5 
 1559 2044 8 
 1687 982 1 
 2205 1043 5 
 2412 336 8 
 24 2382 3 
 2441 15 5 
 2035 2257 4 
 2173 336 6 
 965 1289 2 
 682 2245 10 
 881 2128 9 
 2206 927 6 
 2234 2080 3 
 615 1190 2 
 333 2176 4 
 826 1401 2 
 1481 1014 3 
 665 2038 6 
 1673 1454 4 
 806 2043 9 
 2280 1387 4 
 557 45 4 
 1420 348 8 
 665 63 10 
 319 1183 9 
 101 1408 9 
 477 1778 7 
 1148 1415 4 
 1525 539 8 
 1251 240 8 
 1230 1618 1 
 31 476 9 
 2221 1049 10 
 7 1457 8 
 900 1406 1 
 1364 1969 9 
 2421 685 10 
 1540 797 5 
 113 2239 10 
 1516 968 10 
 1199 2288 1 
 1134 435 9 
 578 1999 2 
 82 302 9 
 1559 71 9 
 114 2427 5 
 1071 1152 5 
 912 1747 3 
 640 379 1 
 2054 908 5 
 1861 2143 6 
 2479 1326 5 
 1141 1607 9 
 1722 1060 7 
 796 484 6 
 1067 1761 8 
 1073 617 6 
 1185 2101 2 
 42 303 8 
 1719 206 2 
 922 2398 2 
 2330 1683 3 
 237 1563 4 
 627 1507 4 
 2308 2109 1 
 558 1724 7 
 1951 318 1 
 2100 403 2 
 220 1144 6 
 227 2384 3 
 2484 1888 9 
 94 172 5 
 1924 1705 4 
 409 982 6 
 286 1268 2 
 994 2079 7 
 21 1153 9 
 893 634 1 
 2224 1651 10 
 1696 2362 10 
 115 2403 9 
 1544 1315 9 
 1853 1218 7 
 1474 957 3 
 913 100 6 
 857 1254 8 
 202 636 6 
 133 1867 9 
 1801 2491 1 
 1859 1451 3 
 1035 1154 5 
 1391 1288 1 
 1090 158 8 
 2200 775 10 
 708 155 9 
 936 2449 1 
 565 2425 10 
 1859 1276 3 
 748 1208 1 
 124 523 4 
 40 1152 10 
 2411 945 8 
 2423 2489 2 
 1881 912 3 
 487 1256 3 
 1602 2246 4 
 1899 1205 10 
 1199 11 10 
 138 2479 6 
 1353 4 8 
 650 2281 2 
 722 907 3 
 1248 796 3 
 582 63 7 
 1449 1483 6 
 71 562 5 
 375 1695 4 
 751 1543 9 
 1935 263 5 
 1785 1818 6 
 1505 1163 2 
 234 1710 3 
 1056 488 9 
 1457 1618 8 
 1184 1401 2 
 1824 2241 10 
 344 2296 1 
 2452 880 8 
 444 826 3 
 1015 567 10 
 464 194 2 
 2318 367 7 
 1944 1340 4 
 944 1594 9 
 807 769 1 
 473 709 6 
 202 370 7 
 2261 293 9 
 2338 1573 5 
 2343 200 8 
 635 1938 5 
 1530 1357 6 
 1328 1117 5 
 2100 1356 8 
 2359 1774 4 
 935 454 1 
 541 11 10 
 1082 1127 10 
 820 1479 6 
 295 2370 9 
 97 918 3 
 1653 648 2 
 123 1753 1 
 2270 1937 8 
 1998 2373 7 
 2268 908 1 
 2162 1528 6 
 2397 1649 9 
 576 357 6 
 238 1622 6 
 1451 900 10 
 1303 614 1 
 740 702 9 
 1312 2083 4 
 2036 1771 7 
 586 729 5 
 2499 687 9 
 110 1166 7 
 2411 227 1 
 1858 927 4 
 1465 2480 7 
 1430 1766 3 
 2413 1040 3 
 490 2069 10 
 1873 1755 4 
 1417 2119 6 
 1831 562 6 
 1134 2070 7 
 1557 1296 8 
 2471 668 5 
 698 940 7 
 359 1532 3 
 1058 634 7 
 2432 2027 10 
 455 685 6 
 1236 825 8 
 2352 2298 3 
 1584 122 10 
 433 2214 1 
 1266 1455 9 
 796 957 10 
 276 509 7 
 218 2123 10 
 1212 1705 10 
 154 1397 3 
 1610 1063 9 
 413 1780 1 
 539 608 10 
 2145 1669 7 
 1606 1276 9 
 2018 2054 7 
 1978 2076 4 
 32 804 7 
 1293 1911 2 
 1121 193 8 
 2033 1976 4 
 219 2068 7 
 1780 1706 1 
 918 913 5 
 1853 2152 6 
 713 1224 4 
 1237 569 5 
 625 234 7 
 1738 1737 6 
 837 2260 3 
 1610 94 5 
 1062 485 6 
 2355 2394 2 
 2049 260 3 
 916 1873 1 
 600 2249 1 
 1176 520 2 
 740 1942 4 
 453 699 6 
 1304 1514 8 
 2416 1201 8 
 2482 2445 7 
 2477 727 9 
 1970 937 10 
 1553 1132 3 
 1880 788 2 
 638 2024 5 
 1503 2175 7 
 1684 1530 1 
 169 1184 1 
 1576 413 9 
 1328 1359 7 
 1226 260 9 
 464 646 1 
 995 1928 3 
 1283 129 7 
 236 1078 1 
 530 1869 9 
 1554 75 1 
 1238 1602 5 
 168 387 3 
 1890 731 3 
 1586 1575 6 
 133 1337 9 
 157 2022 8 
 2347 914 8 
 2394 250 3 
 2315 757 7 
 337 2108 10 
 1040 2045 5 
 177 1518 6 
 214 779 2 
 1706 442 5 
 1748 85 5 
 78 482 7 
 56 1144 4 
 104 1377 8 
 957 1384 7 
 936 2277 6 
 906 1323 1 
 586 28 9 
 912 1580 1 
 219 1026 8 
 2298 587 6 
 1751 805 8 
 1878 946 3 
 2374 1147 2 
 2262 2097 4 
 672 1951 9 
 1162 2095 10 
 2164 1453 1 
 1393 1403 8 
 911 1587 4 
 1822 1797 8 
 2169 1692 1 
 347 1902 10 
 1010 342 3 
 748 797 9 
 1130 46 4 
 1220 303 5 
 808 355 4 
 1946 761 9 
 1135 2352 8 
 1159 1475 5 
 1859 759 5 
 1059 2029 1 
 1380 1835 6 
 476 2371 4 
 2142 836 3 
 2283 641 4 
 2343 957 5 
 1293 711 6 
 2108 2201 2 
 1268 913 7 
 458 2295 9 
 365 438 2 
 1579 1037 10 
 1079 623 1 
 1678 49 7 
 354 821 2 
 2012 1779 9 
 500 1500 9 
 535 821 6 
 1733 790 5 
 415 385 6 
 1502 2187 8 
 461 1359 6 
 2193 1882 8 
 864 2476 2 
 964 121 1 
 593 412 3 
 1506 2381 4 
 201 224 3 
 199 901 4 
 1669 1566 9 
 2027 678 1 
 1450 1082 6 
 235 1180 1 
 2314 182 2 
 855 2015 2 
 1401 396 8 
 871 1096 7 
 1269 515 2 
 1700 2352 4 
 1940 360 8 
 826 1263 5 
 827 285 2 
 412 2290 7 
 1957 1732 2 
 2367 1067 8 
 196 2469 8 
 937 1976 2 
 1232 1765 9 
 569 159 5 
 1271 2135 4 
 1089 14 9 
 37 1728 3 
 101 1220 9 
 619 671 6 
 778 1360 8 
 678 134 2 
 415 1637 2 
 995 413 3 
 65 281 8 
 1710 924 3 
 1579 1349 3 
 2297 477 6 
 1593 2158 9 
 1119 2154 3 
 2224 165 5 
 184 2251 3 
 344 401 6 
 2297 536 6 
 1708 1102 6 
 1018 1681 7 
 2047 1150 3 
 1700 1142 2 
 393 2144 4 
 670 727 4 
 1447 1019 6 
 2221 305 9 
 1225 2128 4 
 1446 1252 10 
 2211 2457 2 
 1045 1689 7 
 216 1702 8 
 1281 1842 2 
 743 1366 3 
 1844 1657 2 
 2041 1370 7 
 1007 1179 4 
 1106 1879 2 
 2046 1551 3 
 269 1570 1 
 676 1506 9 
 2239 1844 5 
 2455 316 5 
 1612 12 9 
 2360 2353 2 
 1446 562 5 
 1273 2340 4 
 810 1697 10 
 346 1712 2 
 2183 2410 4 
 2374 1758 6 
 2036 1733 2 
 2001 2013 3 
 2036 1238 8 
 277 7 1 
 187 1852 2 
 1161 575 7 
 1286 2074 8 
 426 79 8 
 987 2042 5 
 1524 1647 4 
 1368 446 6 
 1451 904 4 
 1579 2205 3 
 1710 1702 5 
 1542 743 3 
 1478 721 1 
 852 260 1 
 1220 1953 4 
 1838 1795 7 
 522 1791 10 
 518 122 8 
 510 1932 1 
 1683 2099 7 
 151 292 9 
 1945 1969 10 
 308 1458 8 
 153 1107 1 
 1241 46 7 
 2103 2254 10 
 2139 452 3 
 1612 243 9 
 1841 2240 7 
 545 138 9 
 1838 731 8 
 1016 1577 3 
 377 1077 9 
 555 874 9 
 1831 1479 4 
 334 926 4 
 2299 525 10 
 167 49 7 
 570 2250 6 
 489 980 7 
 241 920 4 
 358 2404 10 
 1623 2264 1 
 1360 356 5 
 598 2117 6 
 2457 1620 9 
 1503 1939 7 
 27 876 1 
 1635 886 4 
 100 1548 8 
 1303 516 9 
 1822 778 1 
 589 628 9 
 2378 307 2 
 112 2133 5 
 2138 2279 7 
 2370 234 8 
 2326 1574 6 
 1574 516 2 
 1638 2316 6 
 167 215 7 
 980 1834 5 
 333 2337 1 
 1340 816 6 
 265 2343 6 
 235 2378 1 
 103 167 8 
 1969 2405 1 
 1013 980 5 
 450 1704 7 
 382 976 4 
 2166 2029 3 
 2438 2101 1 
 2366 729 4 
 947 2015 7 
 413 68 7 
 1383 2063 8 
 355 174 9 
 2046 1097 6 
 1823 1663 6 
 2103 2341 6 
 2053 1302 8 
 1714 2390 6 
 1406 2222 7 
 953 1317 10 
 1067 2164 8 
 1310 421 9 
 1294 1539 7 
 67 39 8 
 1887 477 4 
 780 1710 4 
 1650 787 8 
 2247 1079 1 
 171 1948 10 
 1838 1532 8 
 178 1406 9 
 695 1209 6 
 2160 2266 4 
 1336 751 10 
 2028 2417 10 
 273 343 2 
 353 1893 1 
 647 1081 6 
 2352 1083 8 
 1189 1956 2 
 1367 2160 1 
 174 2190 10 
 1926 2359 6 
 615 2391 3 
 233 485 7 
 2158 340 1 
 1666 95 2 
 1236 1983 3 
 1210 247 1 
 1675 1619 1 
 1674 161 4 
 1437 879 5 
 391 2455 4 
 195 722 4 
 1823 1538 1 
 2288 990 2 
 740 2003 10 
 1710 2363 1 
 1387 221 7 
 1644 1728 10 
 460 406 1 
 2496 1915 1 
 2328 472 9 
 2048 394 3 
 1794 1298 2 
 1874 1437 2 
 2390 2044 8 
 737 246 4 
 2043 530 7 
 1320 2208 8 
 437 2246 1 
 102 36 2 
 713 395 5 
 1820 2245 3 
 651 934 10 
 825 369 10 
 1477 2235 4 
 1834 249 7 
 2449 378 4 
 48 2159 1 
 1935 950 8 
 1318 753 7 
 118 2383 4 
 201 642 6 
 976 306 9 
 2120 2498 4 
 1302 1844 9 
 1970 330 2 
 34 870 10 
 1607 763 3 
 254 2380 8 
 899 2113 9 
 1560 1065 3 
 2374 974 8 
 1483 2449 7 
 1651 1687 8 
 515 1790 3 
 106 655 5 
 1170 1526 5 
 2242 1702 7 
 1326 962 5 
 1128 1492 6 
 1549 1337 3 
 2023 1928 8 
 1260 853 4 
 1141 996 7 
 1739 454 9 
 1015 753 2 
 612 1959 4 
 697 1084 1 
 1657 1626 7 
 546 1296 9 
 896 1028 3 
 415 2285 5 
 842 285 7 
 1633 7 7 
 1391 668 10 
 2450 2008 10 
 965 1163 3 
 911 1440 2 
 57 1257 3 
 218 2251 9 
 1998 2151 10 
 1407 1531 6 
 1816 2289 4 
 2468 1365 5 
 2495 962 3 
 1301 48 6 
 1532 1380 2 
 535 100 4 
 2004 1634 2 
 1861 232 6 
 793 1063 7 
 2203 2184 6 
 1086 1499 9 
 1766 2360 8 
 580 1982 4 
 1108 918 6 
 2459 2407 4 
 1946 55 9 
 1645 1215 5 
 1827 1586 9 
 983 1251 6 
 230 1300 6 
 2377 1083 1 
 825 2025 2 
 1534 804 3 
 444 187 2 
 1001 1144 7 
 1141 1587 6 
 733 88 7 
 93 862 8 
 1962 403 3 
 1281 1979 9 
 2226 2107 9 
 368 2138 4 
 1383 1475 8 
 1602 981 9 
 2096 2480 8 
 2481 568 10 
 841 1365 1 
 847 2190 5 
 2442 2410 5 
 275 1964 5 
 1138 2024 4 
 858 2328 2 
 1469 1818 3 
 282 2392 9 
 958 2400 5 
 1641 617 8 
 1772 2108 6 
 999 555 6 
 827 1212 8 
 469 1563 8 
 1925 114 9 
 1779 318 2 
 1132 2191 1 
 1942 1887 10 
 2029 733 8 
 1568 1417 5 
 993 1495 3 
 946 1463 9 
 1446 1838 9 
 1448 1924 7 
 783 525 7 
 754 831 5 
 1282 697 5 
 2309 2185 8 
 2324 1016 9 
 699 1811 1 
 613 1718 6 
 1773 773 8 
 724 2105 8 
 1995 1935 3 
 1444 1805 2 
 1468 711 5 
 634 2340 1 
 1988 971 7 
 1125 1445 5 
 276 724 6 
 1178 1346 7 
 595 455 8 
 256 1832 3 
 1602 1517 9 
 828 1371 5 
 124 768 1 
 2353 1932 7 
 436 843 4 
 276 477 2 
 1661 2095 2 
 1979 918 3 
 902 1149 4 
 1057 853 6 
 1770 1610 9 
 1841 1015 2 
 1081 2472 4 
 2247 1564 1 
 1812 2018 5 
 2469 1575 9 
 172 1491 6 
 612 722 2 
 1945 85 8 
 2144 1298 4 
 1461 783 6 
 780 503 2 
 1293 722 4 
 968 1693 9 
 741 1027 2 
 272 1990 9 
 2105 1913 1 
 697 1732 2 
 771 1599 1 
 2104 2458 9 
 1515 1345 10 
 383 84 2 
 2236 157 6 
 1827 1836 9 
 1030 1563 7 
 1557 1948 2 
 1589 672 5 
 1712 1244 3 
 345 297 2 
 122 342 7 
 1844 719 1 
 1737 123 6 
 1136 1147 1 
 249 366 1 
 1418 1692 7 
 866 2239 6 
 1602 819 7 
 629 1554 3 
 976 1631 4 
 52 1672 7 
 327 211 4 
 723 671 3 
 338 1324 5 
 1505 2052 4 
 1006 2015 10 
 1673 1264 9 
 1045 2238 10 
 2072 1814 1 
 1011 2496 5 
 1478 1371 8 
 614 1804 10 
 1039 870 3 
 634 1712 2 
 2144 1993 7 
 2500 2314 7 
 2014 2434 1 
 1018 380 8 
 1271 2349 10 
 1045 1723 2 
 1603 186 7 
 303 95 10 
 157 87 7 
 171 490 3 
 2443 2082 4 
 806 271 10 
 1012 550 4 
 2323 1044 7 
 1824 1935 1 
 2248 5 3 
 1071 2200 6 
 1047 859 7 
 622 1524 1 
 62 2499 4 
 2455 1792 7 
 2202 2091 9 
 404 2451 8 
 2463 1465 5 
 211 312 3 
 139 948 4 
 551 585 7 
 2094 2434 3 
 1074 2044 9 
 926 1778 8 
 2388 1126 6 
 642 112 7 
 1530 850 6 
 1258 363 8 
 8 574 7 
 1250 458 7 
 172 1953 6 
 499 1692 1 
 877 1666 10 
 769 1494 2 
 713 2180 3 
 2226 975 10 
 128 1676 2 
 2017 2226 2 
 643 418 9 
 1137 1797 4 
 1649 903 10 
 1120 912 4 
 1348 52 6 
 823 1252 3 
 1213 1260 9 
 902 2175 7 
 1128 1560 3 
 2046 460 8 
 639 1295 5 
 667 1437 10 
 632 2392 5 
 1062 2024 8 
 2355 2276 2 
 1269 179 9 
 1292 2077 4 
 1506 821 2 
 2092 921 9 
 1208 1021 3 
 1863 769 6 
 1845 849 8 
 1689 595 7 
 1849 884 7 
 1854 145 1 
 700 1073 4 
 779 1559 5 
 902 753 5 
 1930 824 2 
 1429 2434 7 
 1128 1505 9 
 1859 320 9 
 1193 297 2 
 1684 1657 7 
 179 1278 1 
 361 191 10 
 893 483 7 
 1718 585 6 
 1799 884 9 
 1825 2186 3 
 2307 1006 8 
 2452 554 9 
 2228 334 3 
 1915 2454 2 
 2378 367 1 
 930 558 10 
 1560 1022 5 
 2040 1830 2 
 753 605 2 
 1170 1402 9 
 869 654 9 
 1254 1285 3 
 479 487 10 
 1853 1847 7 
 1443 2058 6 
 2401 1908 10 
 1287 77 3 
 2316 518 9 
 953 2178 2 
 781 2165 8 
 1128 1012 6 
 605 446 1 
 1170 14 2 
 786 2474 8 
 862 783 10 
 2205 506 7 
 1312 1426 6 
 671 2208 2 
 1000 187 9 
 72 1427 1 
 13 1559 8 
 2107 2290 3 
 893 1249 7 
 169 157 8 
 771 1296 9 
 1929 1547 9 
 2393 1839 3 
 551 2302 4 
 633 1281 9 
 1704 73 6 
 2237 2245 7 
 2039 73 9 
 1231 1308 9 
 500 2233 5 
 761 795 5 
 2481 51 5 
 318 1987 3 
 2348 1562 9 
 2239 1120 2 
 1983 1061 6 
 68 1757 5 
 414 1743 2 
 93 2017 4 
 138 2461 1 
 1041 2368 8 
 1256 811 8 
 1825 2045 5 
 2245 237 8 
 50 1106 1 
 1844 2122 2 
 159 800 7 
 659 2472 7 
 2139 1697 8 
 2281 1936 3 
 2171 1202 1 
 394 488 8 
 1219 795 6 
 1992 28 2 
 1318 1959 1 
 2363 85 1 
 2059 680 5 
 1182 672 2 
 2251 2276 3 
 278 2474 6 
 796 646 4 
 251 2458 2 
 2024 598 4 
 2458 89 2 
 1104 1047 5 
 1257 1055 5 
 689 580 2 
 1062 2180 2 
 1485 1012 9 
 1755 314 3 
 1450 774 1 
 1942 330 2 
 417 1531 2 
 4 1288 1 
 288 1126 1 
 988 1192 8 
 825 2450 8 
 71 2116 3 
 2242 1158 9 
 2269 2087 9 
 1015 1985 8 
 2474 1939 2 
 1329 2040 2 
 1249 1317 1 
 1689 2293 6 
 592 671 2 
 1306 1123 3 
 1687 1199 4 
 628 571 1 
 986 1491 2 
 319 2324 1 
 768 2457 6 
 1890 231 8 
 955 1258 3 
 2253 1617 1 
 1535 1059 6 
 316 1177 1 
 1479 1467 5 
 1705 2168 1 
 2085 226 4 
 1457 1771 3 
 1225 1043 4 
 1649 142 2 
 1752 1303 2 
 2366 2037 2 
 1451 861 2 
 1274 2268 4 
 2033 204 10 
 2122 1771 2 
 1994 801 5 
 41 682 7 
 365 1593 1 
 854 1866 7 
 630 2434 1 
 1453 926 9 
 945 1436 6 
 2304 143 9 
 577 1808 1 
 421 45 6 
 1308 769 3 
 1397 1771 10 
 816 1553 3 
 511 1560 4 
 738 293 4 
 2432 764 3 
 1513 243 8 
 1193 1714 8 
 1049 303 7 
 2098 2162 9 
 685 1723 10 
 2304 1226 4 
 396 2187 2 
 2372 174 8 
 245 1356 4 
 545 2043 8 
 2234 13 5 
 1005 1454 4 
 2245 2195 5 
 630 232 4 
 2113 238 1 
 2389 2182 1 
 522 777 9 
 1659 1398 7 
 1802 773 1 
 1481 2455 2 
 613 2127 8 
 2499 1490 10 
 151 1985 7 
 1587 697 9 
 1812 842 4 
 1152 2221 5 
 1869 1099 3 
 799 500 6 
 295 147 6 
 183 901 5 
 2328 2495 4 
 615 742 8 
 344 605 6 
 1287 1855 5 
 1556 1898 3 
 1536 2150 10 
 1789 367 1 
 290 1719 4 
 987 2318 10 
 1040 1940 6 
 1276 1786 2 
 84 492 7 
 1921 1432 4 
 2331 2049 7 
 1933 910 4 
 1764 1629 8 
 1266 1630 3 
 2228 2043 5 
 2404 1860 5 
 2250 1096 7 
 1622 598 4 
 1975 911 7 
 193 1334 10 
 1241 1073 3 
 2053 124 4 
 381 489 8 
 1848 2173 7 
 521 1273 2 
 587 1985 8 
 934 2019 9 
 828 967 10 
 957 224 7 
 1611 734 1 
 874 937 7 
 717 1056 5 
 1467 1705 2 
 36 2374 3 
 2391 2122 10 
 248 1113 10 
 1563 2472 10 
 535 1614 6 
 2003 2214 4 
 1865 1730 6 
 2088 2006 1 
 2461 2306 8 
 701 143 8 
 2265 364 6 
 2109 1764 2 
 1946 2436 1 
 389 1722 2 
 56 2477 5 
 1109 109 1 
 1918 692 8 
 1235 1246 1 
 1423 1303 3 
 2202 2222 3 
 108 560 9 
 819 1482 2 
 2098 2033 7 
 1794 669 4 
 797 2020 5 
 2008 1956 6 
 1105 1290 7 
 1920 1081 4 
 1547 2360 1 
 1137 2197 2 
 328 1424 1 
 1302 1355 10 
 1663 1166 8 
 1740 1794 7 
 1252 2196 5 
 912 178 3 
 2127 136 7 
 907 2469 5 
 1696 2116 10 
 144 893 1 
 1696 1062 2 
 998 662 9 
 135 1481 1 
 1809 1979 8 
 2081 379 10 
 1041 1184 8 
 152 1721 7 
 1622 1736 2 
 269 1516 5 
 454 1582 8 
 882 2333 3 
 2047 949 7 
 998 2426 3 
 327 893 1 
 2023 242 6 
 296 837 9 
 2301 860 8 
 451 333 2 
 1226 1199 9 
 50 2429 6 
 1393 24 7 
 1376 1562 10 
 150 1915 8 
 488 1684 3 
 1153 784 5 
 1538 1981 2 
 1793 2001 5 
 1276 1655 4 
 183 2192 9 
 390 1995 5 
 161 2496 10 
 590 1932 2 
 47 1196 2 
 1438 1887 5 
 1651 112 10 
 2137 13 7 
 2080 1391 7 
 2338 893 2 
 1469 2066 4 
 1554 1292 10 
 242 1276 9 
 10 357 7 
 2320 679 3 
 2472 1741 8 
 272 1508 3 
 665 581 2 
 1319 1377 1 
 824 1153 10 
 55 2478 5 
 186 786 7 
 468 336 5 
 373 1863 9 
 54 401 10 
 940 1709 7 
 25 546 10 
 1196 851 6 
 1180 1714 3 
 2084 889 6 
 115 996 6 
 1489 363 1 
 577 1864 8 
 1026 1446 6 
 1922 38 10 
 109 426 5 
 235 638 4 
 2057 398 5 
 2339 1940 9 
 1140 861 7 
 777 2267 6 
 1274 1036 5 
 1991 262 2 
 1204 1295 8 
 1470 66 3 
 770 1468 10 
 1671 1741 8 
 1552 1837 3 
 690 329 4 
 2012 1007 10 
 120 349 10 
 1666 1818 6 
 1162 1891 4 
 2070 2479 4 
 1176 2205 1 
 844 2356 1 
 877 2015 3 
 2174 1210 9 
 1026 1227 1 
 773 1921 10 
 356 2045 1 
 2411 1866 8 
 52 2436 8 
 2497 2183 1 
 949 1393 8 
 2301 960 10 
 494 443 6 
 2418 2144 10 
 310 2086 3 
 1357 1207 3 
 983 2419 9 
 1501 649 9 
 328 2415 5 
 2324 1573 6 
 267 1371 4 
 1900 282 5 
 1793 1233 9 
 2306 871 4 
 1956 2053 8 
 1075 2250 7 
 760 1076 3 
 2085 2272 6 
 2202 2404 3 
 217 611 8 
 193 359 9 
 1498 2219 4 
 1296 1003 3 
 1948 2015 9 
 395 2167 2 
 339 610 1 
 2072 26 2 
 2287 1624 1 
 789 1825 9 
 88 91 4 
 243 1872 10 
 2054 445 6 
 1216 2410 8 
 1128 356 5 
 2329 772 1 
 1567 646 4 
 7 1830 2 
 1114 598 9 
 2088 1756 3 
 643 1011 7 
 47 2206 4 
 2377 597 3 
 1037 988 4 
 2349 259 2 
 1478 2464 2 
 530 2111 7 
 567 51 7 
 2350 561 1 
 967 1392 8 
 303 2214 8 
 1201 25 10 
 198 2032 2 
 324 1568 1 
 1667 1756 6 
 532 1000 8 
 1044 1833 3 
 1013 461 5 
 2305 1833 6 
 797 2079 9 
 431 247 2 
 209 2136 8 
 429 709 4 
 736 436 3 
 395 225 1 
 1775 21 9 
 401 1395 4 
 1412 1689 5 
 1827 1987 8 
 419 2039 8 
 1852 1650 5 
 1992 2432 10 
 543 1475 6 
 1698 432 1 
 1958 1025 10 
 101 612 6 
 338 283 1 
 2001 1610 9 
 2240 815 5 
 1437 636 10 
 494 461 4 
 206 504 5 
 1983 1580 4 
 2334 1764 2 
 478 1323 5 
 299 1284 7 
 11 290 10 
 145 950 8 
 1416 1457 3 
 141 1435 3 
 1548 899 5 
 1188 1682 3 
 274 158 9 
 1162 1402 9 
 125 918 9 
 1966 1929 1 
 1880 1889 10 
 1905 2245 3 
 91 2108 5 
 1859 1611 7 
 1693 1807 7 
 1996 1532 6 
 1483 2468 10 
 1093 1760 9 
 2287 2361 2 
 1216 858 5 
 236 601 5 
 961 1191 9 
 2294 1182 8 
 1906 2226 10 
 1576 614 5 
 2083 1019 8 
 2192 553 5 
 2398 714 2 
 80 1272 2 
 2130 473 3 
 500 873 5 
 2209 489 5 
 292 2167 3 
 1373 1044 8 
 1064 461 1 
 770 1292 1 
 1929 1468 8 
 469 531 9 
 1369 463 5 
 2279 1425 2 
 284 988 1 
 1129 1185 3 
 123 1401 4 
 860 2298 2 
 880 704 8 
 1030 286 10 
 1980 2301 4 
 853 24 9 
 2106 2093 7 
 2221 1981 7 
 341 677 9 
 1890 379 8 
 1325 225 5 
 708 2322 5 
 130 2228 6 
 1979 902 3 
 2007 546 2 
 1174 1934 10 
 634 811 7 
 2132 1965 7 
 776 1168 4 
 762 2297 7 
 2406 89 8 
 1651 361 10 
 2189 2497 10 
 1037 1219 1 
 1934 999 5 
 963 257 7 
 1385 246 7 
 1851 2204 2 
 2129 1610 3 
 404 1390 7 
 1020 924 5 
 1478 1592 10 
 289 1661 5 
 863 328 7 
 718 644 8 
 1124 523 7 
 2121 910 4 
 2363 2477 7 
 2197 139 2 
 245 1555 7 
 89 1478 6 
 332 1868 3 
 392 176 9 
 2126 1755 6 
 1175 1492 8 
 2243 1085 6 
 2404 2204 3 
 1155 1731 2 
 579 74 2 
 2010 1241 6 
 2057 2323 9 
 1692 1627 5 
 2356 1843 2 
 2027 580 7 
 694 2031 7 
 457 2080 3 
 106 2498 10 
 2115 154 8 
 2130 1916 6 
 1847 11 3 
 1770 2032 9 
 927 171 4 
 1681 687 7 
 2265 187 10 
 2301 80 4 
 1838 1592 3 
 1334 905 8 
 1244 978 2 
 384 1848 9 
 935 1135 3 
 844 2176 9 
 1795 1392 1 
 856 775 1 
 1883 2422 9 
 1266 849 2 
 2257 1189 9 
 2202 281 2 
 1615 1207 2 
 1282 1466 7 
 1596 1807 4 
 1589 885 3 
 1042 2098 5 
 1382 2021 3 
 866 695 4 
 492 1981 5 
 725 413 3 
 87 546 2 
 1469 782 8 
 369 426 10 
 891 2197 3 
 1311 1326 10 
 1514 929 2 
 43 1225 5 
 1803 885 6 
 1668 2410 5 
 2375 293 6 
 604 1326 10 
 1490 2168 4 
 193 135 9 
 708 726 6 
 2495 383 7 
 845 200 3 
 2291 2496 1 
 751 2380 6 
 2001 1128 3 
 2297 117 5 
 1858 1027 7 
 1329 13 5 
 1176 370 2 
 1899 173 9 
 2414 860 7 
 2355 2266 10 
 588 2415 6 
 948 1212 5 
 2102 1998 9 
 1855 2480 4 
 1581 181 7 
 548 671 10 
 962 1130 9 
 1567 1589 3 
 1091 2287 4 
 2487 357 7 
 2062 196 7 
 976 507 9 
 1112 1220 3 
 15 1017 8 
 1077 1632 3 
 349 814 3 
 1675 1916 10 
 680 188 7 
 2233 2414 9 
 977 379 10 
 2060 2360 8 
 1941 2328 2 
 121 2493 2 
 1004 2295 4 
 289 887 4 
 1163 116 2 
 61 1251 4 
 144 935 5 
 2412 935 10 
 263 249 8 
 218 2493 9 
 799 733 9 
 1394 2404 1 
 789 2172 8 
 206 1576 8 
 485 1674 6 
 27 674 2 
 2069 1434 9 
 1938 978 2 
 2063 814 4 
 1708 738 8 
 1302 2220 3 
 583 1791 9 
 2061 2075 3 
 1988 18 10 
 1273 1393 9 
 433 723 4 
 918 180 1 
 1264 1749 5 
 711 742 3 
 1575 730 3 
 1864 2385 9 
 2498 678 2 
 2072 837 7 
 231 2327 3 
 1473 2070 2 
 1564 808 7 
 132 856 2 
 457 1483 8 
 840 2 4 
 2079 1832 4 
 1723 1 7 
 2225 1899 8 
 3 983 6 
 896 2462 4 
 2207 2460 2 
 469 431 5 
 2391 2205 3 
 545 2440 10 
 1401 624 10 
 1439 1615 8 
 392 1466 7 
 478 332 2 
 2254 505 2 
 1755 863 4 
 1993 449 7 
 1185 277 1 
 2128 708 2 
 2091 2046 2 
 481 2326 9 
 1529 1374 6 
 2269 2251 9 
 1915 633 2 
 431 1233 6 
 1481 1516 3 
 108 489 8 
 2153 1088 7 
 1311 929 8 
 85 903 9 
 1045 585 7 
 2295 45 8 
 58 1115 3 
 1253 1444 5 
 2134 1656 5 
 658 1767 5 
 251 29 9 
 894 1054 6 
 804 458 2 
 2329 1887 7 
 2007 1374 1 
 121 235 10 
 2223 755 3 
 2325 254 1 
 1980 119 2 
 1641 722 8 
 1969 865 4 
 728 342 10 
 2282 1002 9 
 2406 69 1 
 97 1962 6 
 734 1005 8 
 902 1161 2 
 1337 1952 4 
 484 369 7 
 1632 1900 5 
 1332 267 5 
 1671 1398 9 
 717 1445 6 
 743 594 5 
 2186 1247 10 
 2266 1230 8 
 1438 180 8 
 941 1821 9 
 2307 895 6 
 1497 1601 8 
 1688 376 1 
 610 555 5 
 1372 1204 1 
 606 1683 5 
 1148 1 4 
 492 1704 8 
 512 592 7 
 1270 1428 3 
 2062 1334 1 
 1878 2286 6 
 1688 1017 1 
 2000 1292 3 
 2349 979 2 
 490 2285 10 
 307 1579 5 
 780 712 2 
 1788 819 2 
 478 1470 8 
 1622 1001 1 
 2221 413 8 
 1133 1932 1 
 1138 708 5 
 1102 96 3 
 241 67 9 
 904 1376 3 
 712 322 6 
 139 638 3 
 2340 1634 4 
 2430 2264 3 
 309 705 9 
 1014 1400 6 
 492 2065 1 
 1427 441 9 
 2316 984 4 
 891 707 8 
 2334 1279 3 
 419 2468 7 
 261 2379 1 
 217 214 1 
 1572 1171 9 
 336 1938 2 
 2132 2398 5 
 2321 2397 6 
 1909 2248 1 
 1534 935 4 
 405 589 8 
 1092 2266 10 
 1628 1664 10 
 1537 876 10 
 1073 1092 4 
 101 480 7 
 8 2309 1 
 475 1440 9 
 2438 2313 6 
 1392 1104 3 
 2184 1686 1 
 806 744 4 
 1513 969 2 
 1998 1271 3 
 2432 426 4 
 1501 1604 7 
 1268 1320 4 
 2281 695 2 
 199 2095 4 
 255 855 9 
 39 917 4 
 497 130 5 
 302 1265 8 
 680 1409 5 
 92 458 6 
 390 980 6 
 2006 874 8 
 647 948 3 
 565 1833 9 
 218 42 9 
 681 2149 2 
 2239 2397 2 
 737 454 7 
 1785 509 2 
 1771 2498 2 
 556 843 2 
 711 1497 5 
 567 2448 2 
 2113 2365 7 
 1213 82 1 
 931 1738 10 
 1144 67 5 
 2414 1851 4 
 1509 76 7 
 555 1380 6 
 453 2045 9 
 555 141 8 
 1195 1023 10 
 1627 1327 6 
 1049 60 7 
 889 2462 2 
 1650 48 7 
 1017 837 10 
 1533 150 6 
 2291 2284 9 
 2493 1377 8 
 1832 2040 9 
 584 1564 1 
 2135 2347 10 
 1039 1130 8 
 464 395 3 
 193 1406 8 
 1022 2477 7 
 2315 644 9 
 1232 1325 7 
 1961 883 8 
 935 1582 5 
 2430 431 4 
 2069 1098 10 
 1755 488 1 
 584 2096 10 
 1593 1927 10 
 1019 223 4 
 975 1656 2 
 1230 535 10 
 1130 1402 3 
 1378 1746 7 
 415 1962 4 
 495 1393 4 
 1533 974 10 
 1693 1635 6 
 859 246 7 
 184 755 8 
 1517 202 4 
 2041 2130 7 
 2255 1594 4 
 2294 917 8 
 1773 454 1 
 265 1637 3 
 298 669 6 
 1043 1345 6 
 1415 651 2 
 443 1278 8 
 1114 185 1 
 1167 1158 4 
 1908 2149 6 
 1450 305 8 
 448 371 6 
 29 1536 10 
 1607 128 6 
 481 1517 10 
 361 245 6 
 1839 1148 10 
 2285 1899 3 
 956 1979 8 
 1933 1121 1 
 470 559 6 
 319 1994 2 
 1004 1539 5 
 558 61 1 
 1816 2271 10 
 1968 552 4 
 1596 1785 6 
 644 2433 2 
 1623 2299 5 
 1615 1134 5 
 2482 594 1 
 1584 1757 4 
 2059 768 4 
 484 345 2 
 985 1276 4 
 421 864 6 
 1803 181 6 
 2320 562 4 
 1369 1488 5 
 440 2280 10 
 2417 1085 10 
 130 94 7 
 313 1037 2 
 1702 2309 5 
 364 2198 4 
 1820 1167 7 
 324 2112 10 
 97 1434 4 
 1756 36 5 
 2396 1952 10 
 2340 2267 9 
 107 978 6 
 784 2085 4 
 402 1159 7 
 2451 1387 1 
 561 1547 9 
 620 1065 1 
 388 2036 1 
 645 2491 5 
 529 626 7 
 216 263 3 
 2123 1537 9 
 559 700 5 
 574 1653 1 
 2449 1338 6 
 1538 2214 6 
 1406 296 5 
 344 800 3 
 1687 2360 7 
 169 1498 4 
 559 1210 7 
 2321 172 2 
 441 1818 5 
 1327 560 3 
 1012 300 8 
 60 895 7 
 1344 1374 5 
 1108 588 5 
 1582 669 2 
 1886 1495 8 
 954 2061 1 
 1778 1031 5 
 175 2406 9 
 890 106 9 
 2127 1856 1 
 2025 143 10 
 1640 874 6 
 253 1097 6 
 1007 2027 1 
 546 1332 2 
 386 1324 10 
 1582 2018 3 
 2042 874 6 
 1102 51 8 
 418 672 4 
 793 1897 2 
 1036 81 7 
 1788 1492 4 
 2209 1126 5 
 152 2355 4 
 1742 412 3 
 601 754 3 
 540 877 5 
 2352 731 10 
 2164 1549 2 
 1044 37 10 
 2327 2392 6 
 673 933 9 
 1707 1927 8 
 203 501 2 
 374 288 4 
 2451 1753 6 
 371 2445 6 
 1376 1527 5 
 862 1744 9 
 1330 1227 6 
 2054 1506 7 
 1154 577 10 
 2245 625 8 
 100 2246 10 
 1088 187 9 
 574 1270 1 
 336 1158 2 
 2178 412 4 
 427 1048 6 
 402 223 8 
 1919 643 2 
 2156 1015 2 
 653 1358 7 
 2213 127 10 
 1640 18 1 
 498 1116 6 
 684 856 1 
 1158 205 2 
 993 2090 5 
 1423 958 7 
 1274 210 8 
 866 1056 8 
 654 888 9 
 449 2312 10 
 358 301 1 
 1940 1086 4 
 218 1930 8 
 55 1096 2 
 221 591 5 
 2220 2212 1 
 2168 2301 2 
 1726 1455 2 
 87 2379 9 
 2164 579 9 
 1983 363 7 
 329 68 9 
 1965 2 7 
 614 2485 1 
 958 1869 9 
 2262 1768 5 
 2436 1899 3 
 1665 1689 9 
 395 259 3 
 1187 62 7 
 1979 650 7 
 2235 885 10 
 266 2383 7 
 851 664 5 
 1433 182 5 
 543 283 8 
 467 1217 9 
 1791 2425 2 
 1226 78 4 
 2050 1943 1 
 1151 1969 10 
 441 261 10 
 917 1422 3 
 1331 384 1 
 1285 699 1 
 254 1306 7 
 1021 698 6 
 1401 409 9 
 2202 1836 5 
 1841 1173 3 
 1772 2134 8 
 132 535 1 
 1727 383 3 
 1715 2040 1 
 1389 898 5 
 1160 2441 10 
 435 1690 8 
 551 1306 7 
 531 472 8 
 2122 2364 4 
 1258 741 8 
 2454 1753 2 
 2280 287 8 
 2323 2227 9 
 859 986 4 
 1542 2281 4 
 1968 1656 8 
 2044 641 6 
 190 700 8 
 873 634 6 
 1121 583 7 
 1981 2486 3 
 1653 1337 3 
 452 2275 6 
 1284 1692 9 
 2228 56 4 
 862 2186 3 
 1819 1206 2 
 2016 1696 9 
 263 2182 6 
 1658 1635 6 
 2352 557 7 
 2288 1650 6 
 1530 207 5 
 1155 1369 3 
 501 2056 6 
 1649 2093 3 
 498 2437 3 
 2009 205 6 
 1008 823 7 
 1569 1356 6 
 1085 1856 6 
 2005 1962 10 
 994 1932 9 
 1918 1221 7 
 620 2102 7 
 1591 177 9 
 2424 33 3 
 75 2038 2 
 1773 1905 10 
 1107 1089 7 
 2254 2438 10 
 2182 1943 9 
 1151 244 3 
 1754 155 10 
 1285 1897 1 
 253 2207 8 
 1437 1738 8 
 902 2392 1 
 1418 87 1 
 2111 209 7 
 1458 1417 5 
 1718 2236 2 
 444 1898 2 
 1417 2330 2 
 1991 1069 6 
 103 1828 4 
 219 1421 6 
 2084 26 3 
 1448 978 8 
 2456 970 4 
 1553 1298 5 
 907 1750 9 
 339 2289 2 
 2011 1403 1 
 340 588 8 
 1865 1682 6 
 336 1966 4 
 982 2451 9 
 2060 929 6 
 1224 689 4 
 2249 915 7 
 2193 2475 6 
 172 2314 7 
 2308 112 1 
 206 2084 2 
 1443 2362 1 
 2415 1786 3 
 1334 1195 7 
 233 1194 2 
 189 693 6 
 1116 2024 1 
 1783 857 5 
 2207 1671 6 
 1682 560 4 
 40 881 6 
 1124 923 6 
 2335 2187 8 
 2369 1650 9 
 1279 1541 9 
 1163 592 10 
 2416 1258 1 
 1525 26 7 
 886 189 7 
 1565 240 8 
 1238 1223 1 
 796 2371 3 
 745 722 8 
 1266 388 9 
 134 218 7 
 2405 225 5 
 2242 2105 6 
 1597 2116 4 
 2367 1001 6 
 807 444 1 
 2091 1926 1 
 817 1247 6 
 1196 95 3 
 2316 1731 7 
 1129 992 2 
 866 773 6 
 2064 2464 9 
 392 1070 3 
 1842 40 5 
 280 581 10 
 758 696 8 
 2215 339 6 
 1616 1301 9 
 2329 726 5 
 1233 1751 5 
 1567 1986 3 
 684 2355 9 
 1172 198 8 
 2264 1719 3 
 691 2399 4 
 616 289 9 
 863 1670 4 
 453 2273 6 
 2091 105 1 
 529 37 8 
 263 42 1 
 188 34 2 
 1458 1239 1 
 1355 2342 7 
 1814 1991 10 
 2118 1433 4 
 2294 346 5 
 1312 1132 10 
 693 894 4 
 912 802 4 
 80 2353 1 
 825 1299 2 
 564 2378 5 
 1817 539 5 
 1486 2426 5 
 634 1412 4 
 1105 2272 10 
 2069 1091 8 
 975 174 4 
 1888 1187 4 
 1154 963 10 
 542 300 3 
 1184 1022 1 
 1320 1286 9 
 378 2050 2 
 1881 943 5 
 1265 143 10 
 1344 539 3 
 321 417 5 
 1789 2468 2 
 2143 72 3 
 452 1499 5 
 898 355 7 
 2047 508 8 
 1442 610 1 
 720 1851 2 
 2160 1444 8 
 701 1235 4 
 2025 2426 3 
 2092 617 2 
 2297 99 4 
 238 72 3 
 1637 1511 3 
 1041 1999 10 
 259 206 6 
 1905 1377 10 
 720 403 8 
 1252 477 6 
 1881 392 7 
 2410 811 3 
 1279 704 3 
 1401 1435 5 
 1125 1899 5 
 1403 1312 4 
 772 1355 4 
 980 1687 5 
 111 2001 3 
 789 486 10 
 1901 1875 10 
 1295 2385 4 
 2500 1388 5 
 548 723 7 
 1219 2360 6 
 359 55 5 
 1917 1056 7 
 635 2390 10 
 2464 2500 2 
 839 1380 9 
 226 2113 10 
 1909 1726 6 
 1688 2275 6 
 1156 1384 7 
 2372 728 9 
 185 363 3 
 1642 1499 10 
 1276 1987 5 
 265 1307 9 
 159 2162 6 
 59 74 3 
 2437 1441 4 
 807 765 9 
 1040 2454 9 
 1800 1405 7 
 476 1856 3 
 646 503 6 
 1025 2039 1 
 1208 610 6 
 522 132 8 
 839 1443 2 
 674 873 3 
 46 1669 8 
 2010 1819 5 
 1671 242 1 
 273 1868 8 
 1394 258 2 
 1320 1409 5 
 2415 1744 4 
 2247 1326 9 
 171 519 9 
 1820 1201 2 
 1526 1951 6 
 236 2246 8 
 197 236 3 
 824 755 5 
 1039 1388 5 
 1940 483 3 
 575 202 10 
 1010 207 2 
 1109 558 8 
 966 2332 2 
 2097 2349 3 
 2301 238 7 
 1089 230 1 
 638 1405 2 
 2322 1901 2 
 1851 2322 9 
 1342 1045 8 
 1728 1124 6 
 251 371 9 
 582 2062 9 
 2293 1462 7 
 2481 552 8 
 868 2103 4 
 1708 1983 8 
 1020 888 9 
 1274 1875 3 
 807 324 5 
 2246 314 1 
 854 2066 7 
 8 1673 5 
 2209 1825 4 
 1305 473 7 
 811 609 1 
 2093 1835 4 
 2228 2057 9 
 481 2166 7 
 1940 29 1 
 1959 1329 4 
 1673 1190 10 
 1971 953 3 
 1958 1484 2 
 2152 1596 8 
 472 146 10 
 2420 1687 4 
 847 460 4 
 109 579 6 
 1457 2104 7 
 1352 1832 7 
 1425 414 3 
 64 774 6 
 151 1935 8 
 2359 1601 10 
 977 1937 2 
 985 2442 4 
 1087 1011 5 
 932 1303 1 
 1251 1875 2 
 1049 1985 10 
 1286 1786 3 
 1415 870 7 
 474 156 1 
 1774 161 2 
 961 2057 2 
 1652 2268 2 
 1226 942 6 
 1579 634 1 
 1162 996 5 
 414 1252 6 
 856 782 9 
 2264 1988 8 
 401 877 6 
 915 1098 8 
 652 1958 8 
 177 1425 8 
 944 2259 6 
 553 1673 7 
 270 2275 4 
 1329 1758 6 
 668 678 10 
 335 746 10 
 1903 2081 2 
 503 1148 6 
 2181 1017 8 
 774 159 5 
 1148 2393 1 
 2063 830 10 
 338 310 8 
 1205 1051 6 
 795 157 4 
 517 1314 5 
 1630 1129 5 
 1645 1854 5 
 1929 1588 2 
 1977 1158 8 
 87 1085 9 
 1371 1754 10 
 1333 1661 9 
 832 1020 6 
 1442 1366 4 
 550 718 8 
 309 77 3 
 933 1184 7 
 1466 263 10 
 411 1724 3 
 338 2288 8 
 1166 25 9 
 639 2422 10 
 2005 1881 10 
 987 476 10 
 2348 1038 4 
 2062 1822 7 
 417 
 2376 1181 1000 651 1177 2131 1192 1977 1892 570 1385 1313 19 1326 1120 
 1780 2111 1274 148 1123 1862 84 1893 145 1698 2308 313 121 2247 1802 
 1074 439 1369 1564 1887 982 1582 2093 927 642 1332 2215 2424 1044 331 
 2342 2074 451 826 56 2492 2468 1111 2143 2451 961 703 348 1025 515 
 1562 1505 512 132 2000 1949 283 1575 2443 868 1237 609 131 1677 2086 
 206 683 147 244 776 727 455 1069 406 2110 2054 262 163 1676 2352 
 2021 726 376 1510 1722 567 1859 1821 718 1743 1783 1407 1370 865 2455 
 2425 1486 2051 1801 2001 1999 297 896 2442 2124 59 595 220 1397 2346 
 1308 249 1258 2475 948 926 1353 2118 52 641 873 682 1399 1218 1754 
 2028 1671 1946 1190 1378 785 2185 1266 2127 1467 2175 1921 1478 2100 1684 
 1681 315 2230 871 238 1127 1522 421 1440 252 1908 183 491 2449 565 
 1156 528 170 324 1106 1703 1659 334 637 2290 1956 2361 2304 2203 1829 
 149 1791 1100 1197 320 1431 243 1601 1004 876 1014 618 1455 1201 835 
 2077 1029 196 827 400 1574 118 1872 5 720 1532 580 1098 2248 1731 
 833 1787 427 318 2243 276 375 1529 983 81 2088 1690 61 890 1530 
 161 408 1693 497 443 1203 1744 95 1139 127 1227 828 752 1961 65 
 1368 2446 784 1015 468 1336 2066 1491 1976 2019 891 229 2262 1748 779 
 953 459 575 1005 2011 2483 648 763 979 1948 154 898 433 1678 106 
 2264 2222 1134 1062 697 1008 889 913 362 2287 278 1912 1051 1960 760 
 721 1888 401 719 446 74 2382 1404 1303 2433 2420 2004 34 511 1599 
 2365 750 407 1617 1746 1279 1577 2140 522 107 1235 2199 605 1381 772 
 957 1985 1757 2252 1350 1470 367 379 399 1635 808 20 584 2007 672 
 2472 319 1017 420 202 449 1198 1566 1559 689 2104 158 1263 670 326 
 526 122 1432 150 1476 2094 321 383 179 1749 2188 1922 2172 1618 416 
 1591 393 2151 1136 1373 350 2340 2399 471 1959 311 2419 1101 1150 1817 
 2416 464 300 1832 221 173 2152 1538 189 881 1398 1751 586 532 2490 
 550 897 428 2026 389 1414 164 1416 1497 2487 1145 2267 1065 1924 1423 
 2366 1362 2332 2303 39 1534 723 2417 1425 733 1535 1348 
