 2500 3125 
 1701 727 6 
 2477 727 9 
 727 884 6 
 1849 884 7 
 1799 884 9 
 56 2477 5 
 136 1701 4 
 1979 1849 9 
 1799 272 7 
 56 773 8 
 773 1956 9 
 1979 902 3 
 2477 1627 9 
 2204 727 5 
 1627 1160 10 
 884 289 4 
 56 1980 1 
 902 1161 2 
 1799 1195 5 
 2487 1627 6 
 1022 2477 7 
 1517 2477 2 
 956 1979 8 
 2112 2477 1 
 1979 650 7 
 1849 467 5 
 1085 1160 10 
 2228 56 4 
 1409 1085 8 
 1965 902 10 
 1334 1195 7 
 1638 1965 10 
 866 773 6 
 616 289 9 
 1184 1022 1 
 1320 1409 5 
 2062 2204 10 
 842 2228 9 
 1956 774 1 
 1085 2082 6 
 1184 1532 6 
 930 2062 8 
 56 2492 10 
 727 455 5 
 2492 376 7 
 2290 1956 10 
 238 1532 3 
 376 1491 8 
 455 898 2 
 1497 2487 5 
 2290 975 1 
 1315 2228 2 
 1979 816 8 
 1799 2011 5 
 765 842 2 
 1866 56 8 
 884 505 2 
 376 745 9 
 1161 248 10 
 1196 765 8 
 930 2320 2 
 2356 2487 10 
 109 2228 7 
 1196 1363 1 
 2297 773 3 
 473 1979 2 
 1184 701 9 
 2370 1638 6 
 1866 2352 7 
 982 2492 4 
 2213 1866 8 
 2352 619 8 
 2370 1191 10 
 2112 1251 7 
 1915 701 9 
 816 259 10 
 1953 765 5 
 1085 595 7 
 1792 727 10 
 2032 1965 4 
 834 1085 10 
 1866 687 10 
 816 1708 10 
 1315 2307 9 
 863 745 4 
 1302 467 4 
 1376 1915 5 
 211 2320 6 
 517 816 3 
 1302 1236 9 
 1855 595 7 
 2420 1956 4 
 289 1001 6 
 2059 1085 3 
 828 1532 10 
 272 1205 5 
 1243 1855 6 
 680 2420 6 
 685 1160 6 
 1979 2008 3 
 2176 1001 3 
 1885 1022 10 
 1085 2030 3 
 123 1532 5 
 1409 1402 5 
 211 604 1 
 2213 327 2 
 166 1532 10 
 935 1376 6 
 915 2030 6 
 1251 1616 10 
 1497 1986 8 
 6 56 2 
 1409 333 1 
 248 379 10 
 1467 1885 9 
 1022 1388 4 
 898 2427 9 
 56 628 8 
 785 2062 5 
 1683 289 9 
 239 727 7 
 898 252 2 
 88 930 8 
 1001 1258 8 
 1053 1315 6 
 467 490 3 
 6 1917 9 
 970 1701 9 
 785 1340 4 
 571 1855 2 
 612 884 7 
 1198 2352 9 
 494 272 7 
 1866 1368 10 
 2297 417 6 
 1388 387 10 
 2228 967 10 
 1953 220 7 
 954 1409 1 
 252 1413 9 
 1196 2194 2 
 834 2065 2 
 2339 1195 3 
 259 2387 7 
 1607 289 7 
 727 2300 1 
 2011 1382 5 
 2356 1913 8 
 902 1712 9 
 211 1090 6 
 1669 687 7 
 954 1753 4 
 543 1243 5 
 1162 1243 5 
 2307 914 8 
 993 902 9 
 1626 376 8 
 619 2283 4 
 628 2440 10 
 1196 1945 7 
 780 2213 1 
 828 31 5 
 1205 1641 4 
 774 1570 3 
 1085 81 6 
 1626 1142 10 
 1315 1411 6 
 2427 498 2 
 1532 1009 10 
 2225 1915 9 
 2475 333 8 
 2386 982 4 
 109 676 2 
 1484 2440 2 
 1613 2011 10 
 1028 785 4 
 902 1870 9 
 930 2303 9 
 1253 1340 4 
 1612 333 6 
 1849 805 2 
 765 1415 3 
 1632 1712 6 
 727 1306 2 
 712 884 5 
 701 1003 5 
 1243 1401 9 
 824 2283 5 
 1198 1183 1 
 56 2417 10 
 1484 1433 7 
 1746 1003 6 
 1083 1205 1 
 458 1517 7 
 2150 1641 3 
 48 1009 3 
 1411 790 8 
 295 48 1 
 2482 571 3 
 2059 2046 3 
 2443 1411 6 
 857 1979 3 
 982 438 4 
 2084 612 8 
 790 2183 1 
 898 2459 7 
 81 1227 10 
 2175 2420 9 
 2204 2206 5 
 217 2194 5 
 1956 2139 5 
 1853 816 9 
 1339 1090 5 
 689 1683 9 
 2214 2297 1 
 975 714 9 
 571 178 4 
 1251 697 7 
 773 1233 8 
 854 982 8 
 780 1456 7 
 616 311 4 
 1023 1433 1 
 1736 828 1 
 1917 2207 10 
 458 1200 7 
 2283 1561 9 
 1599 2290 10 
 650 642 1 
 994 1023 5 
 1003 1155 5 
 2135 712 7 
 556 994 3 
 1632 133 3 
 4 967 4 
 1467 1554 8 
 1142 896 6 
 1198 1422 5 
 2115 517 9 
 1951 123 9 
 433 1243 9 
 2494 1986 2 
 1638 1464 3 
 400 982 3 
 2484 467 8 
 379 449 2 
 1619 376 10 
 2495 490 6 
 1468 956 2 
 2024 857 3 
 679 785 1 
 987 178 9 
 857 1567 6 
 1831 1409 5 
 2082 2047 6 
 2487 442 3 
 1799 904 3 
 1753 2119 3 
 1068 2139 5 
 576 2320 9 
 29 1009 8 
 2495 2197 7 
 1755 1632 6 
 387 337 8 
 1281 712 10 
 1506 1951 6 
 1157 1376 5 
 935 212 1 
 2161 2065 6 
 1184 860 3 
 360 1853 8 
 2436 387 3 
 881 360 6 
 1532 1537 6 
 1607 1528 1 
 1214 884 8 
 86 2495 6 
 2484 1129 4 
 2433 2370 1 
 2390 1528 5 
 105 178 4 
 1376 1560 6 
 1599 2177 10 
 2347 993 2 
 622 1532 9 
 529 2059 2 
 65 1965 4 
 1505 1612 6 
 1814 612 2 
 1755 1714 7 
 1268 622 4 
 1956 1290 1 
 754 915 7 
 2214 408 10 
 556 1246 3 
 1508 2197 6 
 434 1246 2 
 517 1695 2 
 1246 1744 3 
 1435 1251 10 
 967 799 5 
 1951 775 3 
 930 2156 6 
 849 1956 5 
 1599 437 3 
 595 2096 8 
 2386 1006 5 
 1009 1289 4 
 2352 1287 9 
 1753 1584 2 
 2197 588 3 
 489 212 1 
 1287 611 1 
 2258 433 1 
 455 1030 4 
 2121 1413 1 
 43 1246 6 
 48 1485 7 
 1009 2471 4 
 1490 1616 5 
 311 399 1 
 437 1820 1 
 1070 434 6 
 1619 471 5 
 2356 864 5 
 494 1135 6 
 2228 1203 10 
 831 773 10 
 21 327 1 
 842 2500 8 
 184 1849 9 
 2404 1409 4 
 2128 1006 6 
 2320 656 9 
 853 2024 4 
 2039 2339 9 
 156 467 7 
 1320 942 9 
 595 1780 2 
 2471 1521 6 
 773 506 8 
 473 1317 2 
 2176 2256 1 
 1398 853 9 
 2214 925 5 
 942 2416 4 
 1375 556 2 
 2121 846 10 
 399 2067 3 
 1959 1945 8 
 991 1289 8 
 1233 2248 4 
 2015 2248 8 
 2135 734 1 
 685 1784 8 
 1022 1189 7 
 2161 1213 7 
 1755 2022 3 
 1779 714 10 
 2197 1788 3 
 1189 1823 3 
 136 899 6 
 906 588 9 
 556 1266 1 
 791 846 10 
 1566 1001 7 
 517 1698 1 
 333 546 4 
 2297 457 7 
 529 237 3 
 65 219 1 
 1023 485 3 
 1915 2086 1 
 1683 2188 3 
 2123 2443 7 
 2086 1950 9 
 1182 2086 8 
 1794 834 2 
 1584 1520 10 
 408 1211 8 
 1358 1161 4 
 1162 2073 1 
 1055 1375 4 
 1634 2059 3 
 991 106 10 
 138 1200 4 
 1780 998 8 
 460 2387 7 
 1877 1866 9 
 1502 1956 10 
 1339 262 8 
 790 940 10 
 778 2030 7 
 1695 2111 6 
 2175 1789 7 
 2423 993 4 
 1442 1885 5 
 2062 2367 3 
 1089 612 2 
 2367 719 9 
 1688 622 2 
 1884 259 7 
 399 276 4 
 1148 376 4 
 1250 437 5 
 2367 1544 3 
 1614 1537 1 
 31 1741 8 
 163 689 1 
 506 1365 3 
 2440 230 5 
 1746 2249 1 
 1905 1584 10 
 448 854 10 
 642 1234 7 
 843 2300 3 
 2285 1517 7 
 1854 2032 3 
 1634 199 5 
 56 861 6 
 507 1584 2 
 529 497 1 
 1591 571 5 
 1913 1507 6 
 2298 1917 3 
 57 857 5 
 2340 81 3 
 934 765 8 
 1561 2354 4 
 1940 106 6 
 1688 120 4 
 130 2121 2 
 1965 1676 1 
 1044 612 7 
 134 650 8 
 1165 714 4 
 2261 816 5 
 1212 604 5 
 2080 1779 3 
 2047 2162 3 
 633 689 8 
 1931 2347 1 
 790 1778 4 
 2092 460 6 
 571 98 1 
 2033 360 1 
 2059 1891 1 
 616 1846 1 
 2105 1183 6 
 1668 2477 8 
 2431 2024 9 
 1311 448 9 
 2002 136 9 
 524 2112 3 
 1341 1340 2 
 1415 2126 10 
 676 308 2 
 346 791 8 
 1023 663 2 
 2387 2148 6 
 1009 696 1 
 1243 294 2 
 998 716 1 
 433 258 5 
 681 2320 8 
 2262 846 3 
 2121 2160 10 
 746 1854 8 
 448 265 3 
 1497 243 7 
 1172 1135 3 
 248 735 9 
 1528 731 10 
 2126 288 8 
 2307 1916 9 
 1174 57 3 
 1945 461 7 
 998 2205 10 
 178 613 3 
 282 1236 2 
 2383 2112 5 
 1275 993 10 
 529 228 10 
 2476 1778 9 
 2476 1693 6 
 386 934 9 
 2233 252 7 
 588 341 9 
 1007 360 3 
 31 2186 6 
 505 1545 4 
 134 172 10 
 1956 495 4 
 417 263 6 
 1212 2167 8 
 1842 2186 8 
 903 1189 1 
 1617 437 7 
 2386 623 3 
 1090 2066 3 
 740 2471 1 
 2040 2126 7 
 2453 1236 5 
 2066 1540 9 
 726 461 5 
 1877 151 7 
 587 1616 3 
 408 581 4 
 2091 2339 4 
 1744 2137 8 
 2172 1951 9 
 1017 1688 4 
 276 1868 8 
 791 1776 5 
 1139 785 6 
 2345 341 1 
 1232 2065 2 
 318 1172 7 
 1088 2183 4 
 1520 895 3 
 1582 2440 1 
 2034 2320 7 
 1195 1252 5 
 1676 1343 9 
 735 1138 1 
 806 701 6 
 19 1484 5 
 2139 1316 5 
 1905 312 1 
 2073 1322 8 
 2030 2171 9 
 2024 2466 3 
 11 1554 6 
 2042 1567 5 
 2386 2496 7 
 731 2295 7 
 1286 1520 3 
 693 134 2 
 849 482 1 
 403 2002 9 
 1719 854 5 
 1340 1446 3 
 1885 1501 1 
 1266 121 1 
 741 458 1 
 1083 872 5 
 1009 306 8 
 886 1003 8 
 1766 998 6 
 780 2122 6 
 2209 2206 4 
 1954 2123 1 
 1868 95 1 
 553 1212 3 
 86 128 4 
 2194 1651 1 
 1258 1751 10 
 1287 1825 7 
 1920 595 8 
 2137 1573 1 
 1659 442 3 
 467 447 4 
 418 57 1 
 2047 1119 5 
 1909 2115 6 
 982 559 9 
 1776 1923 7 
 2379 2416 2 
 746 601 5 
 1422 1850 5 
 282 1675 4 
 658 457 2 
 1266 822 10 
 1345 1823 4 
 1352 1044 6 
 1118 1591 5 
 747 1891 8 
 156 579 5 
 379 1610 10 
 48 1524 6 
 780 2149 8 
 898 1082 9 
 1677 1505 5 
 54 824 8 
 2485 228 6 
 1156 2111 8 
 217 1278 8 
 1659 654 4 
 2235 1382 6 
 1295 714 7 
 1162 789 2 
 676 2027 5 
 1591 395 8 
 2306 11 8 
 1352 1512 6 
 2090 6 3 
 121 2231 5 
 1971 1931 10 
 397 2416 10 
 237 2127 8 
 2111 1802 1 
 1993 1468 5 
 1905 1787 4 
 2423 1912 5 
 1347 1676 6 
 2252 495 9 
 1599 1463 5 
 2231 755 7 
 1923 127 10 
 1808 930 6 
 2383 513 7 
 2094 1719 5 
 471 241 8 
 1603 438 7 
 1139 2480 8 
 450 1266 3 
 1068 833 1 
 59 2015 4 
 1633 628 1 
 2428 994 1 
 2444 2433 4 
 1327 588 7 
 563 513 7 
 2262 2053 10 
 1363 1206 1 
 2225 1351 5 
 200 1206 7 
 2381 2183 10 
 2018 397 5 
 746 2296 7 
 1213 827 9 
 1189 1593 5 
 1055 174 10 
 745 2456 7 
 262 188 3 
 289 1109 1 
 670 138 7 
 1753 809 3 
 1945 1643 6 
 1766 207 3 
 1283 1009 8 
 1109 2353 10 
 2069 622 7 
 2274 2381 1 
 2022 1827 4 
 1784 27 7 
 993 1995 4 
 1375 1834 6 
 2300 582 3 
 2105 1336 1 
 1554 1509 2 
 2171 1249 3 
 262 677 10 
 33 1632 9 
 1945 1852 4 
 325 954 7 
 479 2352 6 
 189 172 5 
 2391 906 4 
 1005 417 5 
 440 934 1 
 1428 1484 5 
 1162 2282 6 
 1375 1673 2 
 74 886 5 
 82 1971 5 
 1755 1333 8 
 262 973 7 
 54 1596 2 
 1528 2012 3 
 2132 433 6 
 1055 126 6 
 2453 1136 5 
 1509 426 7 
 1538 265 4 
 560 4 10 
 1322 18 9 
 2086 1141 3 
 713 1603 9 
 59 1839 4 
 1688 168 7 
 925 1769 8 
 831 1635 6 
 1205 1443 3 
 1324 1610 2 
 935 3 4 
 241 1972 9 
 393 1258 2 
 1781 2340 4 
 2352 1724 2 
 718 1683 4 
 2361 239 5 
 276 1514 1 
 376 1983 10 
 1306 1732 2 
 2340 1934 5 
 1853 660 4 
 2445 1751 8 
 121 664 5 
 138 536 10 
 2340 1042 3 
 741 87 10 
 2138 2290 10 
 2417 1164 8 
 106 800 9 
 2467 2228 7 
 1638 537 3 
 1849 2173 9 
 230 1666 5 
 1751 2276 8 
 567 1174 3 
 2138 1907 2 
 2046 185 7 
 2423 1241 6 
 967 2208 8 
 1420 265 7 
 2013 2084 7 
 470 1787 1 
 1612 926 7 
 1559 2482 3 
 22 505 4 
 1435 1728 8 
 2306 2189 9 
 1533 1866 2 
 544 1917 9 
 1755 2403 4 
 970 1052 1 
 1266 1040 4 
 138 416 6 
 1998 172 5 
 1997 2033 9 
 1977 712 7 
 668 895 2 
 1697 604 10 
 1629 660 8 
 2229 1203 9 
 109 1362 7 
 82 204 3 
 2199 2008 9 
 2040 1099 2 
 226 163 2 
 2072 1512 1 
 2332 1055 10 
 243 116 1 
 1202 2276 8 
 54 891 10 
 1923 264 6 
 428 2206 10 
 1753 1845 5 
 49 434 2 
 1055 2346 7 
 806 1116 2 
 928 262 1 
 2194 988 7 
 507 453 4 
 1520 2114 10 
 740 76 3 
 1357 987 8 
 1315 2184 9 
 1190 601 8 
 1279 915 9 
 1634 1587 5 
 843 1542 1 
 2160 1062 6 
 2191 238 10 
 1070 1094 6 
 1400 899 2 
 2195 239 9 
 1284 2386 8 
 1322 1642 4 
 2117 1997 2 
 72 1062 3 
 2263 2274 5 
 1001 1539 5 
 899 1500 4 
 2271 2345 1 
 937 714 2 
 163 2418 10 
 301 588 10 
 163 1580 7 
 1456 2452 5 
 297 2194 7 
 1327 2164 5 
 485 649 7 
 2477 672 10 
 636 2345 2 
 407 2370 10 
 997 417 5 
 990 1675 10 
 2258 1441 3 
 1072 1497 1 
 315 1554 6 
 1669 1238 4 
 1658 2002 5 
 1847 495 8 
 56 1257 2 
 1156 1833 6 
 22 635 8 
 889 18 1 
 520 2416 8 
 2261 1647 6 
 791 929 9 
 1667 1808 7 
 1038 1040 3 
 467 1434 6 
 1135 1745 9 
 2407 2367 4 
 1974 2379 10 
 1054 1751 7 
 1947 863 4 
 1253 1994 7 
 1450 1603 7 
 1252 2355 8 
 1334 1000 4 
 1803 2355 2 
 127 2110 2 
 1527 2110 2 
 2448 886 10 
 712 1962 1 
 383 1673 1 
 1253 1337 3 
 1045 1238 5 
 553 606 4 
 363 889 10 
 1612 1046 2 
 1474 854 3 
 1073 2092 1 
 1376 788 7 
 968 1003 10 
 1940 2198 10 
 1206 1412 5 
 88 643 1 
 633 1312 1 
 1286 2368 5 
 1533 624 2 
 1503 1485 10 
 1138 1922 9 
 1257 1047 5 
 1625 151 9 
 192 2066 8 
 1467 981 5 
 1539 652 4 
 1697 1080 6 
 367 718 4 
 2356 2178 2 
 1697 900 10 
 141 116 1 
 2122 2323 8 
 1133 1165 8 
 1643 535 4 
 123 1759 7 
 1186 1593 3 
 121 1775 4 
 2012 1170 7 
 138 361 9 
 1203 196 2 
 2348 416 7 
 1168 1257 8 
 2494 321 6 
 1365 1424 8 
 227 2128 7 
 1027 1751 4 
 407 2314 8 
 1009 1171 8 
 221 727 2 
 23 2368 9 
 2431 2377 8 
 1799 375 6 
 2208 1777 6 
 2343 48 10 
 94 853 8 
 954 2429 10 
 2194 124 6 
 2041 1456 10 
 833 474 9 
 959 1554 5 
 231 494 8 
 1068 682 10 
 899 707 1 
 567 391 6 
 2213 2057 7 
 947 2355 6 
 987 1933 2 
 123 810 8 
 586 376 1 
 1527 1025 4 
 326 1789 5 
 94 2217 7 
 953 1189 5 
 2260 19 7 
 2485 873 2 
 223 221 6 
 1854 1140 3 
 1324 1050 10 
 2231 574 7 
 36 2027 6 
 829 1133 10 
 788 508 4 
 1591 1812 2 
 1531 1659 8 
 2440 2284 4 
 2128 1937 9 
 1235 902 9 
 91 563 5 
 1843 1708 2 
 109 1081 4 
 1045 1786 8 
 2323 484 2 
 455 1887 9 
 1678 2121 9 
 2388 846 2 
 1784 454 2 
 1862 1593 10 
 2062 1770 10 
 2185 1080 9 
 602 418 10 
 831 1879 5 
 147 1212 9 
 216 346 4 
 755 404 9 
 447 1106 1 
 976 2420 10 
 2196 574 1 
 519 1920 5 
 211 1510 1 
 1943 1506 9 
 87 892 1 
 1775 566 2 
 2350 1866 5 
 1408 566 4 
 1214 1240 5 
 2388 763 4 
 2162 1097 7 
 1673 2461 5 
 1333 883 9 
 1974 401 5 
 1457 263 6 
 1603 1662 5 
 2040 617 10 
 821 1980 5 
 2443 2288 9 
 1351 2458 3 
 945 2306 5 
 395 392 10 
 2128 2239 8 
 1032 479 3 
 556 965 8 
 1923 1785 3 
 415 1712 2 
 2033 2224 10 
 1466 1456 2 
 449 753 7 
 74 1151 7 
 1288 1676 9 
 459 1155 1 
 156 1396 4 
 280 586 7 
 345 2128 6 
 87 1438 9 
 1270 174 9 
 1554 1346 10 
 1325 2262 6 
 2210 1116 4 
 712 157 6 
 2006 2239 9 
 2443 530 10 
 34 1887 6 
 2258 2400 6 
 1339 2325 3 
 1368 1209 2 
 1113 2069 5 
 2268 2307 3 
 1406 507 2 
 1393 484 5 
 972 2480 6 
 2081 947 6 
 965 1244 6 
 863 2402 10 
 2178 281 2 
 170 1413 7 
 1090 1201 8 
 153 1539 2 
 2380 2135 10 
 1 1485 3 
 2123 1553 1 
 1205 2153 5 
 1860 929 5 
 209 82 3 
 965 1737 1 
 376 1350 4 
 1693 1159 1 
 1346 704 10 
 2483 54 7 
 15 1411 10 
 61 904 8 
 502 822 7 
 2262 62 6 
 911 1311 6 
 2431 874 4 
 1085 389 9 
 1257 169 9 
 2161 99 5 
 1714 356 2 
 2229 412 1 
 2386 28 8 
 1352 1310 8 
 1803 430 8 
 741 919 6 
 1149 2448 4 
 1846 1452 2 
 1655 2217 9 
 1784 2045 3 
 2173 2215 3 
 2353 1069 2 
 522 259 7 
 270 312 4 
 259 1226 3 
 1582 1904 9 
 933 1931 2 
 2063 379 9 
 762 395 5 
 35 455 4 
 1523 2346 2 
 1412 2101 5 
 1188 1527 3 
 2142 1538 3 
 76 2489 7 
 1094 710 2 
 323 153 5 
 570 2006 6 
 1978 1306 6 
 1156 1772 8 
 189 1871 3 
 2059 725 6 
 822 1955 7 
 870 1728 10 
 739 295 10 
 1969 1596 3 
 1253 2378 9 
 417 1261 2 
 945 425 5 
 2090 362 7 
 220 2170 2 
 667 1853 3 
 403 9 9 
 2391 1486 2 
 263 808 8 
 2223 1042 1 
 425 2238 10 
 1780 2221 10 
 1574 1871 8 
 306 42 6 
 684 1787 9 
 1433 44 3 
 2161 1128 7 
 76 1294 7 
 201 1866 5 
 1679 1283 3 
 463 389 8 
 169 452 7 
 915 2289 1 
 82 1519 2 
 1780 2434 3 
 425 2464 10 
 1220 2427 6 
 1675 1982 6 
 167 216 10 
 126 1897 8 
 2165 126 5 
 1529 1189 8 
 1910 1047 4 
 1463 803 7 
 1092 437 3 
 479 1760 7 
 395 1437 10 
 1302 1318 4 
 1285 341 7 
 1060 2303 8 
 1932 2348 7 
 1668 1075 6 
 2024 1419 10 
 1420 1004 10 
 1415 180 8 
 470 410 3 
 98 1472 6 
 627 1969 10 
 209 1543 9 
 459 708 9 
 1780 358 1 
 1221 2400 1 
 648 1128 5 
 2016 28 4 
 2021 1510 6 
 181 2492 2 
 99 850 6 
 487 1352 7 
 643 2311 6 
 536 202 8 
 1996 1336 6 
 927 1708 10 
 2128 1077 8 
 1095 2417 8 
 2366 502 3 
 1386 2210 6 
 2188 1928 1 
 965 1605 10 
 2223 2001 10 
 438 1942 7 
 2133 321 3 
 272 405 10 
 1857 595 10 
 1993 1367 4 
 2327 1174 5 
 1832 1996 2 
 1713 417 6 
 1767 48 2 
 515 289 9 
 613 1036 3 
 2472 126 9 
 1161 1595 6 
 2440 1817 4 
 109 206 8 
 1283 2328 7 
 1168 1231 6 
 1380 248 9 
 596 2429 5 
 761 1343 2 
 1922 2406 1 
 2255 239 3 
 869 86 8 
 779 1676 8 
 81 1494 4 
 1554 534 2 
 748 2346 3 
 1971 876 6 
 820 2090 5 
 950 1452 5 
 361 1872 3 
 1659 347 4 
 1941 945 3 
 1168 1436 7 
 2424 2034 10 
 325 2269 2 
 1978 580 2 
 710 510 1 
 2366 769 3 
 375 1640 10 
 558 2110 4 
 525 1456 3 
 332 1409 6 
 1335 1920 3 
 670 749 3 
 1485 2411 8 
 1075 655 3 
 996 810 2 
 201 2344 7 
 1789 978 6 
 1491 1526 1 
 1697 1657 10 
 612 923 6 
 13 59 9 
 1851 1156 2 
 1334 1379 1 
 1382 594 10 
 1 939 4 
 273 2171 4 
 770 1509 3 
 1050 521 2 
 795 2380 8 
 1048 458 5 
 1295 1990 4 
 26 1962 2 
 1632 2136 5 
 2139 1314 6 
 2372 457 4 
 771 2072 8 
 424 2238 10 
 2171 2014 3 
 1510 427 4 
 2266 891 9 
 1912 825 2 
 1608 1275 3 
 62 381 8 
 681 2426 7 
 2339 444 7 
 1727 530 7 
 2055 1954 2 
 2409 2138 9 
 2337 753 2 
 2282 1743 2 
 2344 882 6 
 360 1114 6 
 1479 2055 9 
 700 2256 10 
 2438 1566 10 
 915 1066 4 
 1803 24 6 
 11 2342 4 
 2154 1727 9 
 1327 1513 3 
 979 1755 4 
 926 751 2 
 1525 930 1 
 1291 1766 6 
 423 1388 3 
 1775 1459 5 
 14 1659 8 
 2019 602 9 
 2200 1106 1 
 1608 551 4 
 1802 1076 3 
 1615 379 2 
 988 2267 10 
 2266 1881 1 
 715 2274 8 
 35 657 1 
 1172 1957 2 
 2240 470 2 
 1941 1896 10 
 2157 2047 2 
 1423 454 8 
 959 1458 9 
 789 2181 10 
 1053 2007 8 
 1254 925 1 
 2145 241 6 
 1688 2351 6 
 2080 1098 10 
 2265 696 4 
 1674 263 6 
 2169 708 10 
 1932 2192 9 
 1596 1421 9 
 1223 595 8 
 2496 296 8 
 2306 742 9 
 1375 985 10 
 2486 2160 4 
 1261 1895 8 
 2500 2313 10 
 2433 370 8 
 196 907 8 
 346 420 9 
 1243 278 7 
 1129 245 1 
 209 1021 7 
 46 2167 7 
 377 1629 4 
 2182 1993 7 
 455 2104 8 
 1765 2224 4 
 352 1467 7 
 658 1319 6 
 2197 2410 6 
 1943 2462 8 
 2238 1024 3 
 2009 2471 2 
 1050 772 3 
 1757 201 2 
 877 994 8 
 120 1264 4 
 205 2265 2 
 2094 1576 2 
 2399 2403 4 
 1495 2436 2 
 2070 1539 9 
 377 75 10 
 338 358 2 
 20 2323 3 
 1924 1376 10 
 402 2440 3 
 426 2076 8 
 2199 1344 10 
 1528 1707 8 
 2356 1078 5 
 780 1008 2 
 1560 562 3 
 1434 1124 7 
 1438 2124 2 
 1584 1239 4 
 1259 1073 9 
 332 960 2 
 701 703 10 
 2301 1942 2 
 967 736 1 
 783 606 7 
 2447 873 2 
 1055 625 6 
 80 1423 10 
 1708 1373 9 
 1424 1123 4 
 1439 2342 6 
 1104 245 9 
 1898 2215 3 
 633 5 5 
 1843 2168 6 
 387 509 4 
 2136 1280 2 
 2321 761 6 
 615 2111 7 
 321 1417 5 
 2210 647 9 
 1424 149 1 
 1716 1116 2 
 1048 542 3 
 10 2066 6 
 1492 1419 7 
 1679 96 1 
 1051 2327 8 
 1656 2066 5 
 2032 683 7 
 2149 555 7 
 274 416 1 
 337 1628 9 
 1604 2477 1 
 770 871 1 
 1169 121 8 
 2401 809 6 
 99 2398 8 
 72 1039 3 
 1846 2103 9 
 398 842 7 
 1211 2222 6 
 81 2259 7 
 2403 2219 7 
 1022 432 5 
 826 1868 8 
 1027 1821 5 
 1743 835 3 
 1964 1458 7 
 893 1464 8 
 866 995 8 
 1327 77 3 
 993 1549 5 
 610 1542 7 
 2271 1722 6 
 1954 598 4 
 2020 1189 6 
 1103 375 2 
 2303 63 3 
 1096 988 8 
 1651 1581 7 
 1753 1255 10 
 51 727 7 
 1928 992 7 
 1913 2291 5 
 673 57 7 
 1530 26 10 
 449 1848 2 
 543 1880 4 
 1826 1306 6 
 395 2250 7 
 1628 781 8 
 415 1410 2 
 817 1212 7 
 1223 135 7 
 280 1384 4 
 1224 663 6 
 452 2025 5 
 2067 1939 10 
 1826 233 5 
 2006 1620 3 
 155 871 3 
 293 1677 3 
 1432 2111 5 
 461 1020 9 
 1796 1627 4 
 2272 470 4 
 1563 927 6 
 2492 1079 9 
 475 2206 1 
 1325 2446 4 
 120 92 4 
 845 1352 7 
 1960 542 6 
 1148 626 1 
 1495 2129 2 
 2405 2436 2 
 212 1475 9 
 504 816 5 
 397 1453 2 
 159 857 4 
 718 1167 9 
 1301 1368 1 
 1496 1198 4 
 1630 221 10 
 1338 2255 7 
 974 2485 2 
 1653 2228 9 
 2104 1176 5 
 307 576 5 
 402 119 7 
 700 920 6 
 1159 316 10 
 551 1493 4 
 570 1309 9 
 832 23 8 
 2288 52 1 
 1061 202 5 
 1921 715 3 
 543 1703 3 
 827 815 5 
 252 1063 6 
 86 1863 1 
 1223 1260 4 
 2170 53 2 
 59 2286 9 
 2180 1393 4 
 228 692 6 
 493 389 9 
 907 1804 2 
 126 1970 7 
 1128 2218 5 
 37 1971 10 
 1575 1183 2 
 398 645 6 
 291 98 3 
 114 1907 5 
 964 402 8 
 2294 48 5 
 94 451 9 
 380 740 5 
 1410 971 4 
 651 88 3 
 478 1860 10 
 1626 25 3 
 1651 1469 10 
 1887 342 6 
 127 1684 4 
 603 2286 6 
 389 1185 8 
 676 859 4 
 878 1138 1 
 2067 2244 1 
 1221 55 10 
 792 579 5 
 1288 2023 8 
 387 1717 5 
 709 2471 6 
 1480 2104 8 
 1322 1483 7 
 1470 1139 8 
 2001 1948 10 
 1071 252 7 
 527 2259 7 
 2392 2198 4 
 2042 224 3 
 1408 110 9 
 2451 55 6 
 642 1805 3 
 878 366 2 
 1462 2296 1 
 129 2162 10 
 323 357 7 
 1470 1107 8 
 1452 1143 3 
 836 751 1 
 1827 2043 3 
 1618 379 5 
 1305 576 8 
 30 360 2 
 1924 639 1 
 1473 861 5 
 1263 1743 6 
 917 1877 4 
 1980 568 6 
 2400 439 9 
 2289 1115 5 
 633 411 7 
 1348 1971 10 
 2307 1267 3 
 1483 2363 2 
 2232 906 10 
 1649 1877 7 
 898 951 1 
 188 931 5 
 2399 2349 5 
 1970 1938 2 
 1708 695 3 
 78 403 1 
 207 2442 4 
 1152 1683 2 
 1510 644 8 
 1053 100 4 
 1153 1287 2 
 868 381 1 
 78 1730 6 
 1845 285 9 
 264 131 4 
 882 879 4 
 473 1390 5 
 194 891 8 
 2342 1014 10 
 2143 2320 4 
 1334 1476 6 
 1859 520 9 
 1049 708 8 
 243 1981 1 
 846 1043 3 
 1931 1207 3 
 1589 1669 3 
 1220 646 4 
 1519 631 8 
 1464 244 4 
 124 1296 8 
 2037 316 1 
 2497 530 10 
 1654 978 2 
 630 1802 8 
 1249 1418 1 
 2431 1166 6 
 1451 1950 7 
 599 494 4 
 1272 156 10 
 1372 1396 1 
 1311 572 1 
 1563 373 9 
 665 1159 9 
 929 2331 6 
 1499 2103 4 
 192 1248 3 
 298 1595 5 
 1177 401 4 
 618 508 4 
 965 932 10 
 1812 240 9 
 170 1729 5 
 690 574 5 
 1442 1146 7 
 2203 1415 4 
 1518 1343 10 
 1809 1238 4 
 890 1777 6 
 322 695 1 
 401 1100 10 
 1672 207 1 
 401 139 9 
 2495 368 6 
 207 396 9 
 942 1002 4 
 1403 1049 3 
 1302 1330 7 
 469 2181 4 
 1058 420 6 
 584 2448 2 
 32 54 1 
 1926 1821 8 
 1039 1321 10 
 2363 532 10 
 1885 728 1 
 2273 92 6 
 457 1711 2 
 2455 482 7 
 871 2435 9 
 1318 84 9 
 2437 2181 8 
 2498 2294 8 
 1551 459 10 
 293 305 1 
 711 460 5 
 636 60 1 
 552 1305 6 
 777 1943 3 
 951 531 7 
 578 447 3 
 83 240 8 
 137 1118 5 
 1871 329 3 
 1965 261 7 
 842 722 3 
 1942 2234 6 
 313 1149 9 
 1834 304 1 
 1523 969 10 
 784 1933 8 
 1763 285 5 
 193 75 7 
 165 243 7 
 2008 232 10 
 390 1655 1 
 2072 1127 10 
 1793 1027 1 
 223 2220 7 
 2064 2002 9 
 496 2175 10 
 473 659 4 
 287 2228 9 
 1007 1026 4 
 1774 1055 10 
 1516 1149 5 
 1987 83 5 
 663 1548 9 
 1540 271 10 
 1735 1647 1 
 1593 1758 5 
 91 208 3 
 2301 1404 7 
 2419 398 10 
 1044 732 7 
 2005 1 5 
 59 1444 6 
 1326 459 7 
 1839 1925 2 
 1487 1365 7 
 2371 416 5 
 572 1084 10 
 298 210 8 
 1669 723 5 
 2457 208 1 
 1874 2182 2 
 907 632 7 
 2062 108 2 
 678 2238 2 
 1683 2048 7 
 742 1791 3 
 2122 1645 1 
 1872 2478 4 
 192 1265 9 
 2198 1067 4 
 811 2218 1 
 2132 17 2 
 2175 1623 7 
 2337 2441 6 
 1171 242 3 
 68 1492 2 
 1649 2326 8 
 1889 366 7 
 2489 2460 3 
 1922 2108 10 
 624 1126 7 
 2251 1083 8 
 535 706 7 
 2187 153 5 
 2136 1193 7 
 2262 1795 4 
 1057 1336 9 
 406 1981 6 
 833 1691 6 
 1 50 8 
 960 961 4 
 1095 1430 9 
 1356 871 1 
 1288 1686 7 
 302 470 2 
 553 378 9 
 1646 1765 2 
 1761 911 2 
 2088 1833 8 
 2287 1898 10 
 568 335 7 
 372 2448 3 
 1749 1514 5 
 1112 783 4 
 691 60 5 
 1478 945 6 
 2299 216 9 
 2049 1 10 
 629 157 2 
 658 1016 4 
 1730 1734 8 
 1375 421 6 
 966 1855 8 
 1169 2193 2 
 1671 2082 7 
 2024 1718 9 
 1864 704 10 
 2155 270 5 
 3 1670 4 
 256 294 4 
 1189 1369 5 
 90 274 4 
 1255 2140 2 
 623 1262 7 
 787 18 4 
 2175 1381 1 
 2390 1550 9 
 1477 83 9 
 1762 2370 3 
 1778 539 9 
 2317 1283 8 
 419 1077 4 
 2208 1488 5 
 1825 2085 6 
 1498 49 7 
 946 1375 8 
 1903 22 3 
 335 782 10 
 2436 957 2 
 4 2166 3 
 2201 1979 9 
 310 990 2 
 456 502 8 
 532 1840 2 
 1797 849 2 
 595 429 6 
 1382 2097 10 
 190 426 10 
 2029 233 8 
 968 1841 5 
 2296 686 6 
 1315 1601 10 
 443 1668 7 
 1962 148 8 
 269 673 1 
 1394 2137 5 
 2422 1206 5 
 1552 1500 6 
 612 1093 5 
 1720 2025 1 
 1844 1654 10 
 2193 1739 9 
 731 468 10 
 719 2493 3 
 1713 963 1 
 2119 69 5 
 1341 446 5 
 385 1940 2 
 1126 1681 4 
 1493 182 10 
 767 373 10 
 364 1939 2 
 1401 1013 5 
 2243 562 3 
 1224 2277 7 
 2041 614 6 
 451 374 5 
 86 2118 10 
 1467 162 4 
 179 1820 7 
 1332 610 3 
 765 1416 7 
 14 249 9 
 1392 1729 1 
 1235 465 9 
 2435 104 10 
 1789 1216 9 
 2122 1511 5 
 1192 2296 7 
 2358 479 3 
 2211 1848 9 
 1280 2454 1 
 2491 907 8 
 2374 959 8 
 683 1102 4 
 343 1047 5 
 365 2429 7 
 1930 1169 4 
 2037 1586 7 
 1162 760 9 
 1143 101 3 
 664 1876 7 
 1576 666 1 
 57 344 9 
 1357 1650 3 
 1313 635 10 
 318 2 9 
 2488 120 5 
 609 1463 4 
 867 990 1 
 843 1091 1 
 1341 503 9 
 99 2146 1 
 299 645 1 
 2113 1166 6 
 986 1728 2 
 818 2268 4 
 687 2470 1 
 1899 1381 8 
 1383 1826 6 
 1108 241 6 
 1865 882 1 
 1751 1292 1 
 497 1600 7 
 1972 1455 4 
 109 1504 6 
 2466 1594 3 
 2125 2331 7 
 2000 2426 3 
 1332 85 5 
 1949 1047 4 
 1492 548 1 
 2344 1572 8 
 1249 1800 7 
 171 2101 3 
 1175 1003 4 
 2479 2420 4 
 1766 922 10 
 239 1592 8 
 798 315 4 
 563 2421 4 
 1673 589 8 
 8 546 4 
 176 1160 7 
 248 117 2 
 2045 1768 9 
 891 756 6 
 2357 1512 4 
 1126 79 6 
 1184 523 6 
 1444 2093 6 
 1541 444 8 
 930 225 4 
 6 2212 9 
 476 1591 5 
 2396 1603 6 
 1527 1562 10 
 2474 787 9 
 1248 1838 7 
 2174 1007 5 
 1015 2127 1 
 1575 1723 6 
 1707 1515 10 
 436 2 5 
 66 1559 6 
 989 1998 2 
 1465 747 7 
 1029 2037 5 
 1611 2207 2 
 267 937 7 
 1901 1368 2 
 1433 1721 2 
 28 2281 7 
 41 1821 2 
 2204 1936 9 
 1397 1905 7 
 1829 631 3 
 545 1845 7 
 2017 2187 6 
 1919 998 10 
 1124 441 9 
 1934 160 7 
 111 426 9 
 545 638 10 
 478 1883 2 
 1985 1442 3 
 952 1317 3 
 1767 2335 8 
 2454 669 1 
 1793 1144 7 
 1181 2132 5 
 1565 449 10 
 2190 1501 2 
 548 1111 8 
 112 610 2 
 2165 39 5 
 1099 67 3 
 1194 2476 3 
 1721 1740 8 
 2112 64 8 
 2468 1254 3 
 58 1183 6 
 729 397 3 
 1890 2020 7 
 2003 709 7 
 1297 1851 7 
 2235 764 9 
 1894 1172 2 
 1965 1271 6 
 593 1730 1 
 759 1655 9 
 2315 531 9 
 2122 577 10 
 1964 71 6 
 1914 346 7 
 312 1798 5 
 259 2449 7 
 853 122 6 
 865 81 1 
 911 359 3 
 661 2290 9 
 2042 733 7 
 247 2127 8 
 2332 140 8 
 2085 1019 8 
 1754 685 6 
 1160 1222 2 
 1682 1384 10 
 1997 286 7 
 1196 2230 6 
 2164 2044 8 
 796 821 7 
 1537 1861 8 
 1379 2414 1 
 1362 547 6 
 1405 857 5 
 235 223 2 
 311 477 6 
 2341 2427 4 
 1959 561 7 
 2308 406 6 
 2193 1304 4 
 565 1925 5 
 2383 1824 10 
 1801 1728 8 
 2385 1562 7 
 336 798 1 
 280 154 10 
 1558 1026 8 
 1536 2480 6 
 1777 1935 10 
 1578 2172 5 
 409 1428 8 
 639 717 4 
 1806 2218 4 
 2465 2191 8 
 354 2240 4 
 586 1742 1 
 1564 24 9 
 777 1771 3 
 2234 2257 10 
 1846 1349 3 
 1454 544 10 
 875 470 6 
 113 1507 3 
 481 2326 7 
 641 1196 9 
 2031 1063 7 
 957 152 10 
 700 516 1 
 879 514 10 
 670 949 5 
 776 1004 6 
 1639 666 2 
 1875 991 1 
 823 43 8 
 1958 1356 7 
 1844 730 9 
 2077 1422 6 
 1210 2192 7 
 1166 1837 7 
 2129 1835 6 
 866 384 3 
 1368 1929 5 
 1950 2432 6 
 339 1289 7 
 935 2159 8 
 1547 1113 5 
 663 591 8 
 1842 1908 5 
 198 1719 9 
 7 1959 10 
 1160 2151 6 
 1164 2312 3 
 28 804 10 
 573 1616 5 
 2054 400 2 
 698 126 10 
 251 1312 6 
 431 476 5 
 798 819 5 
 2220 916 4 
 1210 445 1 
 783 1747 8 
 1068 1132 5 
 685 948 2 
 757 92 7 
 2349 195 2 
 1696 1936 4 
 1968 963 7 
 2233 142 3 
 2394 907 6 
 388 1189 3 
 461 1187 2 
 117 348 10 
 855 2224 7 
 1958 1355 7 
 1888 1942 2 
 850 2360 2 
 1154 982 10 
 966 1648 4 
 1581 2083 6 
 852 232 6 
 266 751 10 
 2393 1072 3 
 1531 2382 10 
 115 1619 9 
 297 290 9 
 609 887 3 
 1903 369 9 
 187 2005 7 
 1126 1975 7 
 657 1731 9 
 724 1775 3 
 1746 862 7 
 1819 1883 3 
 409 1556 4 
 674 942 5 
 2281 2376 9 
 2324 536 5 
 2035 1628 2 
 1349 2413 8 
 1064 828 9 
 999 742 4 
 309 1118 7 
 1721 186 7 
 766 312 3 
 1546 1106 8 
 244 1602 9 
 1150 1580 4 
 84 480 7 
 2334 771 6 
 1122 2012 4 
 1494 897 1 
 934 1180 1 
 1750 1255 1 
 1436 768 4 
 2178 607 2 
 203 1854 10 
 720 2404 3 
 74 2319 4 
 1354 2088 4 
 1120 1214 6 
 1813 1730 5 
 2120 315 6 
 1744 526 8 
 1585 2126 2 
 314 1516 8 
 1459 1199 4 
 1772 1012 5 
 2182 564 5 
 1583 571 8 
 1677 215 3 
 1178 1875 10 
 2021 1690 4 
 1108 2216 6 
 465 2028 8 
 1007 797 1 
 1135 1815 9 
 348 918 4 
 2152 1832 2 
 801 996 4 
 229 1467 8 
 888 1302 4 
 410 1489 9 
 943 1142 2 
 1970 2316 8 
 1961 1998 5 
 1539 2241 4 
 540 2225 2 
 1553 1033 9 
 863 750 3 
 1274 907 5 
 2234 1300 6 
 1075 1371 6 
 955 264 2 
 177 1251 8 
 389 743 9 
 1886 494 8 
 1944 714 10 
 1619 2075 10 
 1701 1448 5 
 331 1211 2 
 2315 1622 8 
 164 1136 10 
 1989 327 3 
 638 93 10 
 2060 262 10 
 1397 1366 4 
 382 1463 3 
 2311 145 9 
 406 499 4 
 2473 1161 7 
 275 2133 3 
 2247 369 6 
 250 596 9 
 2253 593 9 
 1538 2078 8 
 1811 1418 5 
 1092 97 9 
 1990 786 8 
 2056 1234 6 
 1533 1256 1 
 1725 2072 3 
 2093 2236 7 
 2130 1120 7 
 478 1748 10 
 1794 2330 6 
 2134 598 3 
 1370 1683 10 
 1331 843 5 
 2225 962 1 
 1359 231 4 
 179 1298 1 
 2365 1719 8 
 1978 1389 6 
 921 818 7 
 921 511 3 
 528 238 7 
 813 2354 2 
 637 1899 6 
 620 104 5 
 1566 541 9 
 1347 1407 2 
 337 1709 3 
 533 392 9 
 1105 1419 8 
 2195 944 2 
 1207 1158 5 
 1137 1959 8 
 764 2336 6 
 1969 2292 4 
 858 265 1 
 1006 1125 8 
 662 1962 6 
 1215 1327 8 
 1574 1035 4 
 1460 2495 7 
 1992 233 9 
 516 1988 4 
 1285 2430 7 
 2137 1569 6 
 662 885 8 
 2050 204 4 
 1742 283 1 
 2305 199 8 
 2095 1320 6 
 375 277 9 
 905 41 7 
 2249 353 2 
 2268 132 3 
 1631 2406 2 
 910 1373 5 
 865 118 4 
 2442 1568 5 
 5 880 7 
 2071 2446 9 
 2130 1445 6 
 1217 1668 7 
 1838 197 2 
 1461 1803 10 
 1024 371 9 
 675 1439 4 
 2109 676 9 
 1351 1197 5 
 2173 2278 3 
 1374 2372 9 
 1059 2343 1 
 518 544 7 
 977 843 5 
 144 2189 7 
 2310 2290 3 
 209 2246 1 
 1463 1037 3 
 2151 1856 6 
 435 519 9 
 2397 2491 4 
 3 1086 4 
 2408 588 4 
 1758 16 7 
 355 1190 1 
 849 2237 4 
 26 1966 2 
 306 488 4 
 688 307 9 
 1306 422 3 
 2144 1029 8 
 73 2134 8 
 2415 64 7 
 2334 737 9 
 1979 2389 6 
 2023 2469 6 
 1477 1828 4 
 1726 1388 5 
 1652 931 5 
 1468 1471 4 
 2106 2130 2 
 608 1975 2 
 12 1828 8 
 2131 231 9 
 538 956 4 
 744 584 2 
 70 1457 8 
 938 1798 7 
 1576 794 6 
 2393 1680 5 
 478 585 3 
 2098 2234 5 
 2129 2052 1 
 649 1425 3 
 102 515 3 
 2412 650 10 
 241 303 6 
 1417 1131 8 
 158 274 5 
 2270 1617 8 
 707 958 2 
 1071 2051 10 
 2349 2275 6 
 269 2425 3 
 1756 2410 4 
 1984 1164 5 
 694 1413 2 
 1752 1628 7 
 2362 1291 6 
 909 535 6 
 2404 1911 5 
 500 2352 5 
 467 2395 6 
 2307 1387 8 
 278 1230 5 
 1989 292 4 
 2424 1733 2 
 1764 2458 10 
 2390 1482 4 
 729 45 2 
 330 1533 9 
 109 1660 8 
 1348 1685 6 
 1410 1342 8 
 1694 1467 2 
 1784 1900 10 
 1145 1151 7 
 345 300 4 
 1585 2279 8 
 2390 1218 6 
 2058 2218 10 
 1329 358 9 
 55 1385 2 
 2083 1952 5 
 1918 1037 5 
 1874 2364 2 
 830 1647 1 
 1604 841 2 
 2038 170 6 
 143 1212 9 
 1946 1166 5 
 16 600 2 
 339 793 2 
 1228 264 4 
 1810 1405 3 
 1927 2067 1 
 1245 1562 3 
 1426 1831 4 
 1293 287 1 
 1364 1494 2 
 415 1247 9 
 1324 214 3 
 652 324 2 
 758 1513 7 
 2280 765 9 
 2163 2229 10 
 1130 1306 8 
 2039 851 6 
 1573 1692 7 
 2179 900 9 
 2107 1167 7 
 2079 2173 7 
 966 2304 1 
 2363 2375 6 
 2000 1621 10 
 1902 937 9 
 1869 841 8 
 2134 1609 8 
 738 470 7 
 997 2293 10 
 2263 557 6 
 462 997 1 
 1820 1378 6 
 1635 2147 9 
 309 2333 7 
 2213 901 10 
 1597 445 10 
 1399 1274 2 
 488 38 8 
 116 1963 8 
 1503 2087 6 
 2383 486 4 
 1242 2419 9 
 1304 1606 10 
 1836 1332 7 
 1566 2264 2 
 839 1372 9 
 1880 590 7 
 161 1149 3 
 838 2115 7 
 1323 1880 10 
 2463 1085 5 
 1328 2135 8 
 2004 1019 1 
 787 1644 7 
 1571 1542 8 
 1663 2025 10 
 2309 310 7 
 134 2158 5 
 1577 2391 4 
 218 1562 5 
 1153 1967 4 
 1031 1879 3 
 855 640 7 
 35 1429 5 
 2488 1273 7 
 103 2124 3 
 465 1276 9 
 1665 843 6 
 1646 213 10 
 1807 2094 9 
 2252 2100 8 
 2318 804 7 
 1382 1282 5 
 2202 785 3 
 1246 2373 8 
 1988 1117 6 
 837 966 10 
 1414 595 6 
 1163 117 6 
 1173 647 1 
 1816 32 8 
 1501 472 9 
 1225 2216 8 
 539 2226 2 
 157 191 10 
 1702 261 10 
 980 663 5 
 2302 50 1 
 1159 844 10 
 990 2245 6 
 1813 317 7 
 1534 543 4 
 1699 2480 9 
 1771 1299 1 
 1277 2182 6 
 1360 224 4 
 1624 1378 4 
 1700 232 7 
 1706 217 1 
 1535 1504 1 
 2198 1715 8 
 2499 2054 1 
 368 2116 3 
 2439 2461 7 
 1491 983 1 
 40 566 6 
 2109 125 10 
 279 25 1 
 2089 1037 6 
 2265 1710 6 
 1511 1704 9 
 2317 2036 9 
 2322 1524 8 
 1700 2450 2 
 2355 814 6 
 1208 534 7 
 1411 721 7 
 13 2369 6 
 1638 2329 10 
 561 1121 1 
 1323 236 10 
 89 580 8 
 1737 2026 3 
 150 2265 3 
 319 363 5 
 400 592 6 
 351 1962 1 
 1427 442 3 
 1011 1525 10 
 1186 840 7 
 260 1040 10 
 1449 1089 8 
 923 483 9 
 234 1933 2 
 1042 1204 7 
 1163 1269 4 
 912 1471 8 
 585 146 6 
 454 812 6 
 1813 1308 3 
 317 1065 1 
 569 1027 7 
 2142 1147 6 
 893 1873 3 
 2490 2453 5 
 550 1525 1 
 1977 491 6 
 257 2265 1 
 799 1101 7 
 539 1906 1 
 340 1346 1 
 512 896 2 
 183 2446 3 
 1431 2157 8 
 1303 231 10 
 1041 1340 7 
 1013 583 4 
 1598 548 10 
 1310 2010 3 
 2390 2242 8 
 1018 1639 1 
 492 144 6 
 2375 1307 9 
 1588 986 4 
 1818 529 3 
 1689 1997 8 
 464 859 5 
 1583 255 5 
 984 1460 8 
 1179 2360 5 
 1395 2200 6 
 328 791 3 
 2221 2481 7 
 1922 597 8 
 1830 119 10 
 1978 1661 5 
 47 2397 8 
 49 936 6 
 1347 1522 8 
 490 334 7 
 2239 107 9 
 1229 776 10 
 1738 2024 9 
 1973 195 2 
 671 1693 9 
 702 1445 5 
 1356 847 9 
 2070 1858 5 
 699 2201 10 
 1224 1773 6 
 1450 1636 6 
 2262 222 7 
 2215 1782 9 
 848 1203 5 
 688 1555 4 
 1134 467 9 
 320 487 9 
 2165 913 6 
 253 1372 7 
 894 764 10 
 413 43 4 
 1219 1234 9 
 1010 1820 9 
 1447 1187 3 
 1391 1546 3 
 737 394 7 
 2254 21 1 
 706 1056 2 
 653 1883 10 
 1502 173 9 
 358 1110 3 
 578 924 7 
 2099 1938 5 
 1822 2036 10 
 1361 2316 2 
 42 2102 4 
 1882 418 9 
 802 499 5 
 752 2051 8 
 1353 1717 10 
 1201 1579 5 
 1976 389 5 
 2163 1878 9 
 268 1507 1 
 856 656 7 
 1398 1034 9 
 1377 1105 9 
 572 1783 7 
 1999 582 4 
 779 254 2 
 859 349 2 
 1991 979 4 
 284 2356 7 
 2103 621 2 
 1074 66 2 
 1893 2332 4 
 2227 1501 4 
 2338 2066 3 
 908 450 3 
 1020 175 4 
 605 2363 3 
 1038 2061 8 
 1664 986 9 
 893 414 4 
 2212 501 6 
 1240 1637 9 
 1590 852 7 
 2384 2439 5 
 1705 1593 3 
 238 575 8 
 807 1383 3 
 1087 1896 9 
 167 1481 7 
 634 1512 9 
 466 648 3 
 153 2141 1 
 1180 2068 9 
 206 705 5 
 1440 412 10 
 1892 2091 1 
 1116 554 10 
 113 1557 3 
 1237 1822 3 
 719 549 10 
 941 2081 5 
 2025 2359 1 
 2018 2074 10 
 2105 246 3 
 489 1867 3 
 350 818 9 
 1710 1790 5 
 1687 376 10 
 2343 112 8 
 501 2357 8 
 1402 1151 5 
 577 269 3 
 1817 1155 10 
 242 2123 2 
 804 1948 2 
 410 1209 2 
 2491 1920 6 
 818 198 3 
 640 805 7 
 29 2450 6 
 112 373 3 
 593 1784 7 
 1758 806 4 
 1736 509 3 
 70 875 2 
 1412 1313 5 
 213 2435 1 
 1829 318 5 
 398 1421 5 
 2201 1037 8 
 1567 1193 4 
 512 1068 2 
 513 1909 8 
 1170 1471 3 
 1926 1784 3 
 1503 320 4 
 2285 1897 7 
 1995 1934 7 
 2465 1368 3 
 1952 513 3 
 190 970 10 
 2230 1462 7 
 2360 2111 1 
 2447 897 1 
 752 47 1 
 1455 656 5 
 1155 103 10 
 1469 113 7 
 846 882 4 
 1016 1189 2 
 61 440 10 
 324 576 9 
 1609 1961 2 
 1893 930 7 
 398 2463 5 
 86 1996 2 
 1560 698 10 
 1232 604 8 
 2353 1860 3 
 929 2341 3 
 2448 171 6 
 1940 950 10 
 297 1083 6 
 1043 867 3 
 182 234 1 
 339 519 4 
 2189 1026 3 
 1836 612 1 
 1095 1518 4 
 2431 1168 6 
 1080 1585 9 
 807 1559 9 
 448 779 5 
 2194 432 7 
 472 1578 4 
 904 754 9 
 2347 1606 7 
 1396 1513 4 
 2410 1249 2 
 605 661 3 
 1828 112 1 
 2412 1199 4 
 788 1077 2 
 231 1118 1 
 1696 466 3 
 2185 1763 7 
 1616 866 6 
 296 1310 5 
 1532 2365 3 
 2261 95 4 
 1600 1263 5 
 64 1854 1 
 1603 1614 3 
 858 596 8 
 2048 768 7 
 2439 242 8 
 2071 1025 3 
 1412 2123 10 
 588 939 1 
 821 455 1 
 1916 2114 1 
 2481 2143 7 
 765 989 9 
 733 225 1 
 774 1437 9 
 2275 1788 9 
 2077 1625 9 
 389 1319 6 
 1061 1927 2 
 2165 1286 7 
 1721 2202 2 
 1179 1589 8 
 2259 8 4 
 1243 1473 5 
 1249 1730 1 
 663 489 6 
 1232 1911 9 
 794 386 10 
 1695 1134 4 
 1261 1215 8 
 978 1040 3 
 216 1042 9 
 683 975 3 
 1916 2169 10 
 1508 1124 1 
 2267 642 6 
 1342 1527 4 
 2214 1092 8 
 1174 1055 3 
 12 849 5 
 693 529 10 
 1016 631 2 
 30 756 5 
 1272 867 4 
 426 1853 3 
 2057 1309 4 
 862 2348 1 
 922 1926 5 
 2392 913 7 
 2256 2160 7 
 208 1478 5 
 613 114 10 
 2046 1483 2 
 2436 1704 10 
 2251 2055 10 
 2039 334 10 
 1441 1587 2 
 107 1849 1 
 1235 764 5 
 2446 779 7 
 480 312 7 
 583 2315 10 
 952 523 6 
 255 2342 9 
 1039 875 2 
 1598 1721 4 
 181 1844 5 
 919 574 6 
 1163 422 4 
 1158 210 4 
 232 449 10 
 1840 954 9 
 2380 2334 10 
 2178 2406 4 
 1343 1321 7 
 2128 117 9 
 1730 2296 1 
 1643 1857 3 
 2133 1360 10 
 1875 2125 1 
 2013 1557 9 
 427 436 1 
 1160 729 4 
 1101 251 9 
 80 2325 6 
 1569 747 9 
 1815 2348 10 
 1986 957 1 
 808 485 1 
 1300 2080 8 
 1042 804 1 
 2067 2168 1 
 1469 388 4 
 323 2161 8 
 164 2174 3 
 2285 1628 2 
 1130 2276 5 
 2171 73 8 
 1181 1111 3 
 156 1433 8 
 1765 1134 4 
 577 704 8 
 2370 2321 2 
 1747 2382 5 
 2154 1035 9 
 922 1633 6 
 631 1785 2 
 2388 1601 1 
 702 261 2 
 1942 1474 9 
 1988 427 2 
 2310 998 10 
 803 2283 6 
 521 2170 2 
 242 1131 7 
 793 1711 1 
 2201 88 7 
 2381 132 4 
 792 1095 6 
 952 1839 1 
 2260 1913 7 
 133 1770 7 
 408 101 8 
 858 2216 6 
 1164 1965 4 
 592 501 10 
 2147 1059 7 
 682 327 6 
 2148 1097 8 
 1134 691 1 
 2482 2243 10 
 1593 618 8 
 2495 1708 1 
 1135 809 1 
 2064 887 6 
 961 1961 7 
 2098 2112 1 
 118 868 9 
 1248 624 5 
 2009 1426 2 
 1081 647 5 
 385 1249 4 
 132 997 7 
 385 892 3 
 1662 367 10 
 2457 258 2 
 824 1445 1 
 2488 2474 8 
 916 1595 7 
 553 1072 2 
 2097 590 6 
 2174 2467 8 
 2312 1060 3 
 1782 707 2 
 551 86 8 
 1176 1036 2 
 176 1105 9 
 1000 646 7 
 1986 1831 3 
 929 153 8 
 1097 2329 8 
 393 462 3 
 530 1664 4 
 2352 1250 8 
 1619 1722 4 
 797 76 1 
 1921 554 7 
 2487 2285 8 
 2463 535 5 
 510 1988 2 
 1262 2316 9 
 961 1400 3 
 1928 602 7 
 1633 1330 3 
 1971 1625 6 
 2217 731 5 
 1675 2373 8 
 1537 1760 7 
 606 1926 7 
 2490 776 4 
 1818 1369 6 
 515 84 6 
 791 1668 7 
 1110 1676 6 
 2365 404 8 
 1564 1375 5 
 1650 1231 1 
 195 1017 2 
 1093 1835 10 
 2457 1987 6 
 131 1833 6 
 666 1044 5 
 1262 784 7 
 2207 982 2 
 2009 1390 10 
 2320 1122 7 
 1659 1362 8 
 1869 445 3 
 287 989 7 
 2164 804 4 
 387 1991 4 
 2058 1824 9 
 1052 1943 2 
 406 1142 5 
 1997 495 3 
 180 2120 8 
 1573 318 7 
 756 303 2 
 649 1170 10 
 504 1930 6 
 1601 1358 10 
 1021 1954 2 
 1054 2300 10 
 1409 1879 3 
 1471 1133 8 
 2461 1206 6 
 1117 335 4 
 523 466 4 
 1774 325 4 
 2355 2478 10 
 603 1814 3 
 1824 1133 4 
 766 1425 2 
 153 558 6 
 59 638 5 
 1112 1598 10 
 791 1864 2 
 1461 1207 2 
 238 2411 8 
 2145 2202 9 
 2171 657 10 
 393 1596 3 
 2250 1660 2 
 12 792 7 
 2336 1393 5 
 169 1022 9 
 864 531 9 
 802 1613 3 
 1709 1602 1 
 1588 997 5 
 2027 1746 4 
 80 13 8 
 314 1936 6 
 168 2372 5 
 795 716 3 
 2166 2135 8 
 1475 164 1 
 343 1954 6 
 608 2319 2 
 739 896 9 
 2269 1854 2 
 605 138 3 
 872 1168 3 
 1914 1688 2 
 2259 1542 9 
 2148 2193 7 
 1770 1264 1 
 1812 1701 6 
 89 141 7 
 2156 1242 10 
 1428 1160 8 
 158 2315 2 
 986 1345 9 
 2020 2348 1 
 2155 518 7 
 713 2045 6 
 1153 2168 3 
 1 916 10 
 1807 551 4 
 1859 1357 2 
 957 816 8 
 640 480 6 
 1193 806 5 
 472 1797 3 
 610 2007 2 
 1874 412 9 
 215 871 1 
 676 152 6 
 2419 1201 2 
 1642 424 7 
 897 2102 4 
 365 1825 1 
 2086 983 3 
 1431 408 2 
 187 1984 10 
 1850 155 7 
 2173 980 2 
 1202 174 9 
 158 1844 5 
 561 2289 5 
 2300 929 2 
 1586 2379 10 
 114 721 6 
 2021 160 4 
 1117 1156 2 
 1889 1522 6 
 1551 1689 3 
 2115 1119 4 
 2292 2288 5 
 2126 2283 3 
 1451 481 2 
 1457 1055 3 
 376 633 9 
 1309 1320 8 
 1149 163 7 
 1365 1426 4 
 1788 1657 2 
 962 2038 8 
 1984 1343 5 
 2063 1393 8 
 39 800 5 
 15 361 10 
 868 454 10 
 890 1689 1 
 1052 639 10 
 1176 2002 1 
 348 979 1 
 264 478 7 
 1862 900 3 
 2362 667 2 
 967 2287 4 
 14 1777 6 
 1547 474 7 
 1659 1911 6 
 1860 269 10 
 2382 624 7 
 1306 981 9 
 1062 720 9 
 2480 1831 7 
 1537 1096 4 
 159 2305 4 
 79 1060 3 
 1172 1451 7 
 1447 1795 6 
 2257 2310 6 
 997 1061 8 
 584 1415 5 
 383 2466 4 
 1839 1151 3 
 706 928 2 
 1762 858 7 
 1059 2399 7 
 2368 971 5 
 568 2096 6 
 176 1449 9 
 1631 1742 1 
 2089 194 1 
 1147 2373 10 
 827 317 4 
 1364 2213 6 
 617 1567 3 
 1795 1954 10 
 1801 418 8 
 48 1074 7 
 1415 804 4 
 1462 65 9 
 780 1180 8 
 1976 2091 7 
 1359 1947 7 
 1196 2244 2 
 1963 61 1 
 643 771 2 
 1092 405 10 
 1334 1385 10 
 248 80 7 
 1787 414 1 
 936 1660 5 
 2062 1232 2 
 1822 1912 5 
 34 734 3 
 908 2225 9 
 936 682 5 
 700 1010 2 
 985 598 7 
 1223 1488 9 
 191 2078 10 
 2322 785 4 
 1448 100 3 
 2379 752 4 
 1510 2460 8 
 2174 1602 6 
 1335 2339 7 
 1899 1315 10 
 1819 1040 6 
 1895 472 4 
 2075 408 8 
 381 1820 1 
 2273 1363 4 
 427 102 9 
 1776 1812 3 
 2167 1346 3 
 2086 1853 9 
 17 1921 1 
 147 830 9 
 2126 1628 3 
 1221 128 10 
 783 921 7 
 252 2499 8 
 683 2254 6 
 2192 314 3 
 1150 2011 7 
 624 1376 8 
 2447 2229 3 
 1180 1589 9 
 958 912 8 
 1825 1489 6 
 2018 683 3 
 1061 96 8 
 1360 1646 3 
 186 1299 7 
 969 2038 6 
 1481 2262 6 
 1196 535 10 
 101 691 4 
 1637 232 6 
 352 1714 7 
 1755 363 5 
 1818 417 3 
 2441 1244 1 
 89 558 2 
 179 1425 9 
 1246 1160 8 
 1558 2035 6 
 2379 1709 1 
 1302 881 9 
 1741 532 7 
 1197 1176 4 
 630 2251 2 
 1873 2069 1 
 2494 1510 6 
 660 848 6 
 1675 641 5 
 1538 1123 3 
 1654 217 3 
 2061 1123 6 
 1348 1977 4 
 1718 1252 2 
 2413 712 4 
 1896 2204 6 
 2306 1709 9 
 2238 599 5 
 2348 1353 8 
 332 882 4 
 796 2236 9 
 376 2225 8 
 942 1531 2 
 1093 1079 5 
 2278 1551 5 
 194 255 1 
 570 2495 9 
 435 2407 3 
 714 641 6 
 2140 1672 2 
 703 767 7 
 961 315 2 
 938 1032 4 
 407 2386 9 
 2257 2400 4 
 1296 1831 5 
 5 1990 1 
 544 1442 3 
 2455 1550 6 
 1949 41 3 
 104 1750 5 
 228 47 4 
 1690 1856 8 
 1559 1324 6 
 2460 1626 9 
 716 263 6 
 1708 1002 3 
 1177 264 9 
 2334 864 4 
 2272 1030 3 
 488 827 4 
 1860 1316 5 
 2475 505 3 
 1562 2176 5 
 453 1259 6 
 1801 2431 8 
 220 363 6 
 1242 2410 6 
 2429 892 7 
 2057 2406 1 
 2369 412 7 
 1045 805 8 
 268 537 9 
 392 2285 4 
 1386 1932 4 
 761 432 6 
 51 2421 6 
 1063 468 3 
 2130 2350 3 
 1940 1214 6 
 633 1255 9 
 1648 647 4 
 2479 185 5 
 1222 2093 2 
 1710 2021 9 
 688 402 3 
 2404 2253 9 
 1274 1611 8 
 1682 1521 10 
 634 856 6 
 1828 206 2 
 1252 1626 6 
 836 916 8 
 310 1263 9 
 1879 893 6 
 1413 432 4 
 1358 2241 8 
 77 1544 4 
 2231 92 2 
 943 2334 3 
 5 1582 3 
 1074 594 8 
 853 1625 1 
 2176 443 3 
 432 2053 7 
 1762 1177 1 
 2303 452 4 
 2185 1695 3 
 1112 752 6 
 1831 1176 10 
 1199 423 10 
 1267 420 3 
 196 1326 7 
 1543 1312 4 
 2229 729 9 
 136 495 10 
 1929 1692 7 
 1570 1628 2 
 1734 64 4 
 2347 1695 6 
 1804 2076 3 
 2084 1447 7 
 2402 1590 5 
 183 2386 3 
 1148 31 2 
 2200 829 1 
 2050 1780 6 
 1096 1383 4 
 684 287 4 
 1093 1956 8 
 1402 1147 9 
 10 
 1535 1211 57 1115 375 834 1232 2437 1330 2238 
