 2500 3125 
 1338 328 8 
 41 1338 10 
 1238 1338 4 
 1183 328 1 
 2095 1183 3 
 1044 328 6 
 1183 139 8 
 328 1866 9 
 2095 2229 2 
 41 1762 10 
 570 2095 9 
 1440 2095 1 
 1733 1762 2 
 812 1733 10 
 718 1440 4 
 139 100 1 
 812 947 10 
 1394 1733 4 
 1440 2266 4 
 2156 2095 10 
 812 1620 6 
 2229 841 4 
 2071 2229 2 
 376 1620 2 
 570 641 4 
 139 842 7 
 2266 208 6 
 208 2283 2 
 139 1046 9 
 430 947 10 
 812 653 1 
 818 2229 5 
 1874 718 8 
 623 1044 1 
 1044 325 10 
 2491 1046 1 
 208 2434 4 
 1714 430 5 
 1495 1620 1 
 1825 1762 6 
 1418 2491 5 
 1640 2434 3 
 2071 51 9 
 1488 818 4 
 2102 2095 10 
 1714 538 8 
 1394 499 3 
 1377 1640 9 
 1899 1046 3 
 916 718 2 
 2229 1497 5 
 1394 749 1 
 2462 1620 5 
 2462 2169 3 
 772 841 10 
 910 841 7 
 1440 733 10 
 1495 1445 7 
 548 733 9 
 1445 1466 8 
 611 841 9 
 1406 842 4 
 1640 2317 8 
 676 51 8 
 1733 272 9 
 806 947 4 
 1578 1418 10 
 1620 789 8 
 2434 2206 9 
 51 567 2 
 1044 817 10 
 1293 208 3 
 100 1095 6 
 1578 1646 6 
 328 2334 1 
 842 302 2 
 572 653 4 
 529 1466 9 
 1899 1739 1 
 154 2071 1 
 2317 1436 2 
 1377 50 2 
 1506 1238 10 
 570 2263 10 
 1440 1527 1 
 1498 733 10 
 1301 1436 10 
 139 2447 2 
 2266 468 8 
 923 2447 2 
 1646 2172 9 
 325 539 10 
 1406 1501 2 
 570 982 9 
 2071 38 2 
 1436 162 7 
 1017 1301 3 
 306 1445 10 
 468 1539 8 
 749 1869 1 
 268 1762 5 
 1058 1095 8 
 1338 97 10 
 1281 302 8 
 2209 947 5 
 2139 50 6 
 2491 1094 2 
 1640 1482 6 
 570 2478 5 
 1714 382 5 
 2488 2334 9 
 1095 1775 2 
 1338 1563 9 
 1413 2071 6 
 328 55 3 
 1262 1445 7 
 2418 749 6 
 1586 2209 8 
 1874 1353 2 
 2499 567 8 
 1760 1733 10 
 1506 1570 4 
 1228 162 10 
 16 1866 5 
 817 687 1 
 201 1095 8 
 1570 1484 10 
 623 2455 6 
 16 500 10 
 1620 1126 4 
 939 1640 9 
 982 1408 8 
 1753 1539 8 
 1445 1504 6 
 654 154 2 
 1238 1914 7 
 922 2447 8 
 749 1652 7 
 458 430 6 
 1139 789 10 
 1281 1347 4 
 1392 529 5 
 691 653 9 
 2434 1749 4 
 244 1484 9 
 1321 1488 10 
 563 1762 7 
 235 2263 1 
 1501 125 8 
 1689 1126 5 
 744 1394 8 
 1796 806 7 
 55 1806 4 
 237 2095 4 
 2375 623 4 
 2496 1058 8 
 690 1482 3 
 1733 1173 5 
 1484 881 9 
 769 548 10 
 261 1570 9 
 778 772 7 
 1869 628 10 
 244 170 8 
 2447 885 6 
 306 2030 2 
 2393 806 8 
 1563 1882 3 
 687 763 10 
 2485 1262 10 
 1228 1993 2 
 2245 1866 5 
 881 317 8 
 885 245 5 
 2119 1095 9 
 1893 376 5 
 1527 1452 6 
 458 32 2 
 563 1210 10 
 1786 916 7 
 2013 154 1 
 238 1527 2 
 1506 857 3 
 1206 317 9 
 1539 2249 6 
 2206 849 9 
 958 1689 5 
 60 849 7 
 314 1281 1 
 1105 1527 4 
 769 2109 5 
 1996 2172 3 
 1640 1975 6 
 1648 654 7 
 1231 1914 4 
 1899 1532 1 
 1843 1126 5 
 2220 1882 9 
 1906 676 8 
 2491 13 4 
 291 733 5 
 2153 2102 4 
 849 962 9 
 812 2346 6 
 154 1938 2 
 2462 998 5 
 2485 1633 5 
 178 499 2 
 1289 162 10 
 2407 1563 5 
 1488 148 7 
 1670 538 7 
 749 1129 4 
 291 44 4 
 2109 1567 8 
 1797 1996 9 
 2129 1377 2 
 234 718 4 
 539 1106 9 
 2375 1700 6 
 1722 1652 8 
 1843 4 7 
 4 31 10 
 1670 437 9 
 2476 1996 1 
 430 1332 2 
 2153 1233 5 
 897 1797 3 
 528 2209 3 
 1775 1117 3 
 917 244 9 
 1722 313 2 
 958 435 8 
 314 621 7 
 323 1786 3 
 2249 1969 5 
 1722 2186 1 
 214 31 3 
 60 19 1 
 2448 13 10 
 1379 2346 10 
 583 1046 8 
 1379 2259 5 
 634 2259 2 
 280 923 4 
 1567 1730 9 
 207 611 7 
 650 2266 8 
 1139 2378 5 
 323 1176 4 
 468 1569 1 
 1290 1105 10 
 611 1070 6 
 936 1452 6 
 1399 1070 7 
 1922 962 9 
 644 763 10 
 1787 1570 3 
 1176 1142 1 
 1590 437 4 
 291 1780 6 
 1135 812 1 
 876 44 4 
 593 1173 2 
 1040 1938 8 
 1377 93 2 
 147 100 9 
 2171 528 5 
 2172 2 8 
 437 545 6 
 1806 2376 9 
 1457 1126 2 
 559 1753 1 
 2037 2249 8 
 2249 957 5 
 261 199 7 
 1584 817 2 
 2372 170 2 
 386 628 10 
 207 1937 7 
 548 1003 10 
 436 2171 7 
 792 634 6 
 2409 2488 2 
 2131 1231 6 
 1374 2334 6 
 1517 1413 3 
 1198 1578 6 
 2156 251 2 
 1825 2230 9 
 1569 2085 4 
 345 1445 7 
 2107 1040 7 
 1331 1753 5 
 2431 529 1 
 270 234 4 
 970 1796 10 
 199 336 8 
 898 1488 1 
 1574 1497 7 
 468 23 2 
 529 1950 7 
 545 2292 8 
 613 32 1 
 87 690 3 
 687 490 8 
 958 211 8 
 160 806 9 
 2273 430 5 
 2334 549 1 
 393 2393 1 
 868 2346 4 
 1994 1574 6 
 1093 1210 3 
 201 1309 8 
 797 1825 4 
 644 2316 4 
 314 1048 6 
 763 383 7 
 1737 1775 3 
 1126 2377 3 
 1978 2409 3 
 314 2451 2 
 1436 796 9 
 1505 97 6 
 1785 2434 2 
 1995 538 4 
 1262 2426 10 
 2250 2346 5 
 383 1460 2 
 1293 263 2 
 1689 1693 9 
 634 1691 8 
 1581 947 2 
 460 1321 6 
 993 1749 8 
 650 1630 2 
 2129 2021 10 
 968 1452 7 
 529 53 6 
 671 1737 1 
 2377 391 10 
 1729 2250 7 
 2242 1452 9 
 334 1787 8 
 1986 1691 6 
 1581 2412 10 
 2423 1457 10 
 1577 1978 4 
 2256 147 4 
 2378 2313 1 
 811 1825 1 
 491 1714 8 
 563 1393 8 
 1106 1979 6 
 627 528 2 
 1181 1922 4 
 2245 1870 2 
 889 2129 1 
 235 981 4 
 1436 2096 7 
 885 1554 5 
 528 651 5 
 1984 1093 2 
 183 2478 3 
 1786 657 10 
 280 1859 4 
 1616 529 1 
 1071 1866 10 
 1455 2230 3 
 1739 1884 1 
 1859 2082 3 
 1950 1168 8 
 1830 41 3 
 2499 2182 7 
 969 1044 9 
 1996 1537 4 
 1700 2341 8 
 437 2237 3 
 950 345 8 
 1265 1640 10 
 611 2014 4 
 125 1930 5 
 2491 470 3 
 2317 86 2 
 105 981 5 
 1673 1418 4 
 1964 170 10 
 1017 1324 3 
 1595 1673 2 
 443 1620 10 
 489 1570 10 
 2273 2138 4 
 217 1762 7 
 731 749 7 
 885 421 3 
 2453 1700 3 
 2014 315 7 
 563 1536 8 
 864 1689 1 
 2082 664 10 
 1262 2287 2 
 50 17 2 
 1368 962 9 
 478 2014 5 
 2093 1413 10 
 261 2117 2 
 1747 1620 3 
 1268 201 6 
 1516 139 1 
 2159 1882 6 
 1051 2273 10 
 414 1567 6 
 1870 925 2 
 1488 223 1 
 2476 517 1 
 1469 1670 9 
 147 1277 4 
 2423 863 5 
 1507 769 7 
 1424 323 10 
 503 2377 4 
 2357 1504 7 
 255 2453 4 
 1737 795 9 
 732 1806 9 
 1494 235 9 
 1938 2111 4 
 1717 470 1 
 468 1134 10 
 334 833 1 
 1144 1324 3 
 1378 857 7 
 1975 1933 3 
 923 1273 9 
 2311 2378 10 
 1747 1186 10 
 1971 2030 6 
 2401 1392 3 
 2287 2029 4 
 268 303 1 
 1785 1030 4 
 28 1210 10 
 1347 1055 9 
 1111 1093 8 
 712 1501 3 
 765 2030 1 
 1866 2084 6 
 382 1252 10 
 2029 1842 4 
 364 1842 5 
 922 1360 8 
 1689 861 8 
 1172 1332 7 
 301 712 2 
 1003 2122 5 
 677 1516 4 
 1040 1814 7 
 327 303 1 
 2447 2056 5 
 860 13 2 
 2194 1051 5 
 226 2242 9 
 1365 1399 8 
 1228 996 8 
 234 2232 4 
 1231 1421 10 
 830 1484 3 
 908 690 1 
 1295 1494 4 
 1956 908 3 
 576 654 2 
 1017 2150 8 
 1454 201 4 
 965 2376 6 
 998 598 10 
 1498 342 3 
 897 2336 4 
 1626 2375 7 
 1595 454 8 
 16 1655 5 
 1112 772 7 
 277 763 4 
 2346 356 7 
 1166 1874 5 
 559 802 8 
 811 1234 9 
 327 2374 6 
 279 1830 7 
 926 2111 5 
 1416 749 10 
 1797 1934 2 
 2239 125 4 
 1689 1783 7 
 2256 1423 5 
 660 2153 5 
 1455 1948 8 
 2250 420 7 
 609 885 3 
 1055 1428 9 
 2374 379 7 
 449 2334 1 
 1954 1590 1 
 1983 1198 4 
 2131 1862 4 
 629 687 6 
 931 970 10 
 718 1104 6 
 1763 1532 8 
 153 1436 2 
 2063 1655 1 
 458 1970 9 
 861 264 10 
 792 2345 8 
 134 1797 9 
 1775 54 5 
 1133 1539 4 
 2014 1127 7 
 817 20 2 
 926 2116 8 
 2343 765 2 
 2220 1249 10 
 2357 2099 10 
 145 1859 10 
 1811 503 2 
 1396 2453 10 
 1899 720 2 
 1733 358 3 
 1322 2107 7 
 737 1938 3 
 2159 569 5 
 1592 559 6 
 1500 2096 3 
 1046 1962 1 
 272 225 6 
 52 627 10 
 1115 2341 9 
 1195 245 4 
 768 1569 2 
 325 1164 6 
 497 2311 8 
 301 1349 7 
 838 802 2 
 301 2261 9 
 606 2376 3 
 1714 1367 5 
 1419 2139 10 
 391 1804 1 
 1321 39 7 
 1764 962 4 
 1181 1650 1 
 470 2036 8 
 1969 300 2 
 1309 1430 4 
 833 1438 4 
 1084 1176 9 
 1422 897 4 
 576 164 3 
 433 2423 6 
 1843 2044 5 
 2188 2376 2 
 1915 687 3 
 1258 1586 3 
 1205 2071 3 
 391 1288 6 
 657 2355 2 
 301 493 5 
 445 765 5 
 2277 2418 8 
 1667 1577 7 
 1862 329 3 
 2273 1125 1 
 2143 1324 1 
 1893 510 5 
 1797 79 10 
 1134 172 10 
 2106 1173 9 
 294 2447 1 
 183 1325 4 
 2313 2026 2 
 1678 134 6 
 468 1855 3 
 765 2079 1 
 255 484 6 
 2153 116 9 
 482 864 5 
 2453 49 3 
 2491 596 8 
 1446 420 2 
 727 154 2 
 897 2466 5 
 154 1429 10 
 76 563 6 
 1110 1763 1 
 853 969 8 
 1310 998 6 
 2422 1937 9 
 1857 1115 1 
 1674 1633 6 
 806 1782 9 
 1958 1440 5 
 490 1593 4 
 939 1061 10 
 2412 479 7 
 1547 768 4 
 1771 653 6 
 1506 1712 4 
 1582 303 6 
 437 240 6 
 1655 1375 6 
 763 1204 10 
 1949 857 6 
 2217 1516 8 
 1880 1739 7 
 906 125 10 
 620 2194 5 
 2317 662 8 
 1238 1493 2 
 2024 1379 6 
 620 1856 3 
 637 23 2 
 1854 690 9 
 2025 484 5 
 387 1048 6 
 2217 156 6 
 1922 1738 7 
 1848 2186 9 
 1512 2453 4 
 1848 738 8 
 1848 1613 1 
 2222 1497 1 
 1350 1290 10 
 1779 802 1 
 644 90 7 
 2153 1358 7 
 1880 710 8 
 1786 1232 5 
 811 181 2 
 956 637 2 
 1857 126 4 
 222 598 6 
 1575 162 4 
 2499 2479 7 
 956 1562 9 
 2032 1760 2 
 545 1491 8 
 951 1655 10 
 1725 1578 6 
 1767 489 2 
 1044 819 6 
 2249 2218 10 
 2479 845 3 
 804 1424 9 
 1075 1691 7 
 36 364 3 
 1496 2156 6 
 1547 2174 3 
 44 480 7 
 751 164 4 
 2266 684 1 
 1293 952 6 
 268 290 8 
 1048 10 6 
 1938 1380 9 
 739 958 4 
 364 1034 2 
 982 149 7 
 1017 546 7 
 49 1708 5 
 2269 2026 4 
 809 2431 10 
 651 298 5 
 666 1578 7 
 182 1811 10 
 2166 2316 9 
 87 1412 8 
 1441 52 4 
 677 1720 1 
 1886 1648 4 
 1381 2336 6 
 1694 147 8 
 1778 300 2 
 1607 1231 3 
 2042 237 8 
 2347 1797 5 
 2448 2161 10 
 754 1886 9 
 1681 153 9 
 1845 183 6 
 2488 114 3 
 2478 1615 7 
 2159 1443 6 
 76 1337 6 
 1666 2042 3 
 1915 2135 3 
 2448 1029 5 
 592 1111 8 
 64 1870 9 
 118 1848 6 
 252 629 9 
 199 1669 1 
 528 378 8 
 928 2063 9 
 276 2014 1 
 276 1961 5 
 846 690 7 
 1378 1229 10 
 1133 1989 7 
 1168 1130 8 
 926 397 1 
 1123 1613 10 
 1130 948 8 
 2217 1264 5 
 1228 122 9 
 2150 707 2 
 2083 445 9 
 716 28 3 
 1084 2248 3 
 1003 1953 5 
 2214 737 6 
 969 735 1 
 654 605 4 
 637 1624 3 
 1551 2239 1 
 2346 1334 4 
 1274 1232 1 
 648 1494 2 
 1115 1974 10 
 1259 2159 6 
 51 590 3 
 1495 2330 4 
 335 885 1 
 1415 122 1 
 1310 1568 7 
 716 2252 9 
 1333 1106 4 
 1352 280 9 
 740 1168 2 
 1796 505 7 
 2313 1609 3 
 517 675 2 
 1599 2182 1 
 1349 941 3 
 734 490 1 
 1144 1320 9 
 116 521 6 
 1153 93 10 
 1930 1354 9 
 106 2423 3 
 1690 1168 4 
 2378 1236 3 
 840 797 10 
 402 510 10 
 1869 1543 8 
 67 1986 8 
 627 2053 5 
 2293 482 2 
 676 2424 9 
 480 2055 4 
 122 953 9 
 1044 2181 10 
 655 735 5 
 2424 1247 6 
 14 842 4 
 838 161 8 
 1172 2257 8 
 2476 94 5 
 2119 1080 1 
 568 548 7 
 956 1573 8 
 241 1322 6 
 1636 1584 6 
 883 493 9 
 1374 473 6 
 2499 2438 10 
 147 1985 1 
 511 567 8 
 1105 2350 1 
 245 856 2 
 532 1590 3 
 246 1636 1 
 2087 1775 7 
 533 1739 10 
 2137 54 3 
 1184 671 3 
 1626 2264 6 
 832 156 1 
 58 908 7 
 1869 1781 9 
 1075 1065 8 
 948 887 4 
 2384 1584 5 
 772 2369 8 
 124 965 9 
 450 315 6 
 117 657 4 
 2382 1673 2 
 2285 1268 10 
 1892 1058 4 
 2399 2111 2 
 11 592 10 
 1388 2263 4 
 557 1375 8 
 1105 103 2 
 511 895 8 
 1599 1928 7 
 313 2498 1 
 279 1662 5 
 895 565 6 
 1640 2009 1 
 243 2071 10 
 1036 1785 8 
 5 1624 1 
 2078 557 2 
 2254 134 5 
 420 1217 10 
 2318 778 2 
 1650 368 1 
 1962 1973 2 
 882 1234 6 
 2252 168 1 
 891 2237 5 
 958 1194 2 
 1192 2079 3 
 208 21 6 
 1198 1758 7 
 1334 1883 6 
 1865 2378 2 
 709 280 2 
 156 1472 7 
 490 794 4 
 954 634 10 
 1843 1218 4 
 151 1563 5 
 1440 65 10 
 2498 829 6 
 1289 2227 6 
 2089 2451 3 
 882 1600 1 
 1426 1181 2 
 1172 1318 3 
 44 42 8 
 2187 1232 5 
 2178 263 8 
 2332 1507 8 
 234 1266 3 
 2022 147 3 
 1457 1835 9 
 2196 1388 5 
 158 1669 10 
 551 1953 1 
 1969 1356 10 
 250 105 2 
 2272 2178 5 
 1999 1125 5 
 2329 393 8 
 771 1416 3 
 414 2049 4 
 2058 2272 8 
 2144 1869 4 
 93 1798 7 
 2213 1712 10 
 1497 556 9 
 847 1488 2 
 137 2451 3 
 787 1360 9 
 2126 1574 10 
 756 1767 5 
 2463 621 4 
 677 424 3 
 423 982 10 
 2245 2120 10 
 2311 253 3 
 1762 893 1 
 1844 1985 1 
 1779 448 6 
 1788 627 3 
 1993 351 5 
 1786 457 4 
 1652 165 5 
 1792 1624 10 
 2343 699 10 
 266 1445 5 
 1722 2306 8 
 2174 496 6 
 687 1053 3 
 711 2181 10 
 1061 859 8 
 1564 1365 10 
 1859 1772 8 
 1870 1535 5 
 2072 778 2 
 613 1644 1 
 1767 839 5 
 670 1949 9 
 1896 172 3 
 413 1496 3 
 2006 1989 6 
 642 1166 8 
 524 1532 8 
 588 183 2 
 596 285 8 
 696 623 5 
 2107 2413 4 
 914 1153 8 
 2049 1731 3 
 1322 2090 6 
 849 394 6 
 515 323 5 
 1259 2483 2 
 1198 308 3 
 1496 1244 5 
 2257 1936 1 
 1975 2286 1 
 1126 752 2 
 142 557 9 
 1273 1006 4 
 1448 2478 7 
 1295 1920 2 
 2204 1413 9 
 473 1149 9 
 2232 1776 2 
 1273 1545 8 
 2245 152 4 
 539 2492 5 
 1458 4 2 
 1264 333 7 
 1382 2393 3 
 1415 1124 5 
 2370 79 6 
 2354 789 7 
 787 2020 2 
 162 452 2 
 1716 2485 8 
 2473 158 9 
 254 1516 9 
 931 815 9 
 1234 1773 7 
 2487 106 5 
 69 1517 2 
 2154 1375 7 
 2266 1696 1 
 1080 1257 9 
 1417 2126 2 
 2111 1132 7 
 98 2431 5 
 1831 235 10 
 2407 871 9 
 161 1561 3 
 203 1866 7 
 79 745 4 
 918 2399 5 
 1320 1220 4 
 1282 2227 3 
 1130 810 6 
 6 2413 3 
 1472 1519 10 
 1895 2082 2 
 1754 2346 2 
 1994 392 6 
 1216 1922 8 
 124 2038 3 
 2423 136 9 
 2224 499 7 
 1266 878 3 
 1912 1053 3 
 310 327 2 
 2290 2329 9 
 2350 646 1 
 1083 2257 5 
 2362 1590 5 
 2090 2005 10 
 2373 1616 10 
 2257 2494 8 
 2477 2362 5 
 2488 2124 1 
 1466 1389 4 
 1703 923 3 
 2364 2020 9 
 742 1289 3 
 1840 1164 7 
 2422 1222 1 
 1306 145 4 
 2164 795 1 
 1126 1411 7 
 1568 867 5 
 2314 52 8 
 1193 98 7 
 720 1926 4 
 1777 480 6 
 832 723 6 
 388 2143 6 
 618 454 2 
 36 1052 4 
 2093 2238 4 
 2074 1110 10 
 2332 630 5 
 1021 1950 2 
 965 2446 10 
 1889 2217 8 
 376 1513 4 
 393 1686 3 
 359 2318 10 
 695 557 1 
 2151 1249 7 
 1865 1868 9 
 1073 1249 8 
 572 1342 2 
 2305 1374 9 
 2170 1229 3 
 2129 1710 9 
 1312 2030 9 
 1771 2127 9 
 285 1305 10 
 2213 284 5 
 357 2306 9 
 42 287 7 
 2224 1101 1 
 1797 2060 6 
 121 2178 4 
 2265 739 5 
 1739 360 8 
 427 734 5 
 1662 2253 8 
 25 2256 9 
 2061 2009 8 
 1299 2401 5 
 709 1594 2 
 447 263 10 
 1042 2204 10 
 2002 2038 4 
 2076 306 2 
 129 1696 6 
 593 307 9 
 1107 2277 10 
 969 1657 6 
 2133 2170 1 
 1085 181 8 
 1576 1236 7 
 1006 1013 9 
 1322 2260 8 
 296 2129 5 
 549 904 5 
 638 1749 3 
 1004 1216 7 
 303 2295 8 
 1896 293 2 
 2133 1121 1 
 1999 705 8 
 2412 9 5 
 1048 140 7 
 65 703 7 
 628 99 10 
 100 960 7 
 1946 1337 10 
 302 1602 2 
 2022 346 3 
 2276 737 1 
 846 1471 10 
 1114 246 8 
 861 824 7 
 2245 1847 4 
 1599 18 5 
 572 643 5 
 421 174 10 
 298 1526 1 
 2126 1572 1 
 898 1410 4 
 863 2489 8 
 1509 563 2 
 1702 2137 7 
 98 184 10 
 1953 2344 3 
 15 731 6 
 869 1013 3 
 2412 66 10 
 1286 2196 6 
 1782 580 10 
 383 2101 2 
 2250 536 1 
 1716 2456 6 
 147 127 7 
 2085 920 5 
 633 391 5 
 1108 1126 9 
 1493 1952 8 
 379 1653 6 
 1041 2355 3 
 774 2154 6 
 2165 183 10 
 1230 1762 4 
 604 1139 2 
 186 690 3 
 1330 2370 9 
 767 1938 2 
 2471 140 5 
 255 820 3 
 473 1292 9 
 1927 2373 7 
 665 1416 9 
 2172 625 3 
 722 1198 1 
 577 1130 1 
 1108 1605 2 
 2104 2313 1 
 2274 2137 10 
 966 676 4 
 2419 342 1 
 1881 2082 1 
 1508 2407 7 
 480 721 9 
 2194 2092 3 
 1523 1273 8 
 81 1058 4 
 427 799 5 
 907 184 6 
 820 1755 10 
 1303 2357 9 
 719 1382 8 
 1041 800 4 
 1846 931 2 
 97 782 10 
 2151 438 6 
 950 750 10 
 1240 2456 10 
 2266 1585 8 
 668 1613 3 
 2467 925 8 
 1868 2298 10 
 875 1331 4 
 1750 1393 3 
 2060 513 9 
 2471 2034 7 
 2467 1872 2 
 150 2266 6 
 1432 646 2 
 1180 1229 4 
 2211 1702 6 
 513 210 6 
 1887 621 3 
 1340 1782 2 
 2148 792 6 
 2382 483 4 
 121 1540 4 
 1194 326 3 
 1175 99 2 
 1769 604 9 
 721 367 10 
 1770 145 4 
 1291 1773 3 
 1150 127 4 
 1653 2189 4 
 560 1394 8 
 511 571 7 
 198 1753 9 
 1717 2323 10 
 335 1897 5 
 2187 1583 6 
 210 1120 9 
 1158 1497 5 
 2360 1206 3 
 142 2405 3 
 819 362 3 
 1263 952 5 
 2054 1252 9 
 2270 402 8 
 353 869 4 
 1200 2109 5 
 1483 646 7 
 654 2356 6 
 1590 777 10 
 1876 1198 10 
 1757 1249 5 
 1083 616 3 
 403 1274 2 
 1823 1135 7 
 1479 2451 10 
 133 1689 3 
 1564 2019 5 
 950 575 1 
 1292 1020 9 
 345 1315 5 
 1167 1164 10 
 1689 1492 1 
 1677 387 6 
 1132 855 1 
 1360 785 7 
 1415 1345 7 
 1242 651 10 
 1855 1278 9 
 53 790 6 
 1113 1840 6 
 927 2096 1 
 1735 618 7 
 723 1154 8 
 1122 960 7 
 2420 2095 3 
 885 242 10 
 502 21 6 
 396 1150 3 
 2445 1936 3 
 1293 1005 2 
 1751 266 4 
 450 2197 2 
 754 455 10 
 217 698 9 
 160 1558 6 
 1608 721 6 
 1045 1127 10 
 345 1836 3 
 304 904 4 
 460 404 9 
 1678 2371 8 
 2367 1231 2 
 1874 1032 7 
 904 755 3 
 1662 2411 6 
 257 1217 8 
 239 19 1 
 1386 58 7 
 2215 2364 1 
 1706 1386 10 
 2356 685 5 
 1972 1500 8 
 252 1727 9 
 2145 118 8 
 998 1019 10 
 633 523 7 
 1209 2292 1 
 2091 203 7 
 1695 1379 9 
 1173 1079 10 
 1283 263 1 
 1113 200 8 
 2037 1942 6 
 64 1275 6 
 1831 1468 7 
 272 472 7 
 2394 613 10 
 1526 622 3 
 371 863 4 
 93 945 8 
 2139 743 9 
 2104 2452 3 
 820 1088 6 
 1705 687 6 
 2395 1749 3 
 2014 1442 2 
 1844 1477 4 
 1623 2087 8 
 2043 234 8 
 1708 2208 8 
 234 177 8 
 708 1706 10 
 246 2398 10 
 534 1573 6 
 584 1040 7 
 1260 66 2 
 563 2123 6 
 51 614 2 
 1965 1139 7 
 1269 10 9 
 13 2236 6 
 2099 736 7 
 796 2146 2 
 567 1272 6 
 1496 1223 5 
 667 478 10 
 1133 278 4 
 1695 1556 2 
 396 350 8 
 124 1795 4 
 2142 1484 9 
 1642 1906 7 
 156 1170 9 
 2474 962 10 
 1651 651 5 
 849 508 3 
 1136 590 1 
 2173 1583 1 
 769 1851 8 
 2079 1092 9 
 532 1744 1 
 1910 328 8 
 313 912 7 
 1091 2043 7 
 2377 1096 5 
 469 533 10 
 1753 1384 10 
 2247 1783 4 
 817 757 6 
 1676 124 10 
 1081 69 3 
 1943 156 5 
 204 1773 4 
 561 1914 9 
 356 586 3 
 2131 535 7 
 944 2476 9 
 1021 1756 2 
 1436 144 2 
 1713 423 8 
 522 576 3 
 964 335 9 
 2225 2438 2 
 704 588 5 
 1483 1188 5 
 1907 777 9 
 762 1263 7 
 2116 602 8 
 671 1904 2 
 451 291 2 
 1731 775 5 
 1803 152 2 
 1010 1021 10 
 1225 641 9 
 1506 2436 9 
 963 2166 3 
 1857 74 6 
 860 2207 10 
 1782 297 3 
 1123 2461 6 
 1119 1703 2 
 2166 1326 8 
 2002 1028 7 
 2474 2421 4 
 2466 1891 3 
 1903 287 1 
 1786 1161 3 
 391 341 9 
 331 668 10 
 1219 634 1 
 662 1688 6 
 1965 1916 4 
 193 1537 10 
 2479 543 4 
 1802 296 6 
 14 1901 6 
 1001 524 1 
 629 1684 2 
 1873 1496 3 
 760 1508 4 
 566 1061 10 
 1347 258 4 
 1735 1525 7 
 1585 474 3 
 1595 1917 10 
 680 508 8 
 1717 123 3 
 2097 1796 5 
 2217 1538 1 
 14 2045 6 
 293 1598 2 
 1628 817 5 
 2461 1879 2 
 1203 314 8 
 1114 259 9 
 2185 2036 9 
 1203 2080 1 
 809 1766 9 
 513 1799 10 
 2410 2266 7 
 2122 1529 9 
 2348 511 9 
 930 1851 1 
 2402 1535 5 
 1883 418 5 
 1857 2282 4 
 363 1106 7 
 604 355 2 
 1960 151 8 
 739 689 2 
 1177 539 10 
 368 1395 10 
 1656 863 6 
 435 370 10 
 567 1821 1 
 1874 1852 4 
 1104 2175 1 
 501 2127 5 
 2268 1257 8 
 541 1722 1 
 498 2137 9 
 883 1808 2 
 1976 437 5 
 681 1608 4 
 1661 2102 4 
 819 1171 8 
 1697 1681 5 
 853 262 9 
 53 2205 1 
 2317 694 2 
 871 1462 9 
 748 765 5 
 1935 912 2 
 1265 1820 10 
 222 2098 1 
 1919 345 7 
 2397 928 1 
 783 1563 1 
 2050 832 5 
 1856 674 4 
 1590 1929 8 
 994 501 6 
 275 482 8 
 217 1391 2 
 2342 252 8 
 693 2186 9 
 2026 269 4 
 788 1079 10 
 920 1813 3 
 624 1930 4 
 2024 1522 8 
 1825 2481 7 
 1009 2402 7 
 714 1120 3 
 1018 952 3 
 1541 1862 3 
 1022 1594 8 
 439 750 3 
 591 480 7 
 2293 980 1 
 2313 415 9 
 190 2032 3 
 1975 1294 3 
 2433 654 8 
 2252 852 9 
 733 656 4 
 697 420 1 
 1525 1002 5 
 69 1967 7 
 1313 1029 9 
 383 320 10 
 423 339 9 
 79 1520 1 
 2387 1139 6 
 1249 848 7 
 290 603 6 
 632 895 10 
 1589 2119 5 
 1382 2203 2 
 69 410 7 
 2388 1345 3 
 655 141 8 
 2145 1709 2 
 2347 1801 8 
 2079 1955 8 
 1039 2471 8 
 406 2154 6 
 1822 566 10 
 674 2380 2 
 1459 1260 10 
 338 2124 4 
 80 1570 10 
 2465 1753 8 
 2468 812 9 
 2390 1115 4 
 448 96 9 
 1610 2151 1 
 1214 2492 4 
 638 344 7 
 289 1417 2 
 372 1360 8 
 2475 569 10 
 1458 1740 6 
 1701 1607 4 
 1822 311 6 
 218 910 2 
 941 1732 1 
 1143 1946 10 
 2327 469 6 
 2120 1639 5 
 1036 2040 1 
 24 1423 10 
 384 44 1 
 182 2414 8 
 873 1797 10 
 2158 795 6 
 2241 9 9 
 1924 1962 4 
 47 1797 2 
 1064 69 7 
 1915 1658 3 
 1784 2378 5 
 2209 108 9 
 483 1016 8 
 1062 674 8 
 1159 1955 7 
 1927 1213 5 
 264 398 2 
 1440 2177 2 
 1463 664 9 
 1073 1668 6 
 397 1355 5 
 447 1464 2 
 1361 928 6 
 620 2081 10 
 1296 561 6 
 1491 607 5 
 1516 1060 4 
 2119 409 5 
 216 832 10 
 1966 2204 6 
 1650 2484 10 
 2118 898 6 
 945 542 3 
 475 1710 4 
 1580 1766 1 
 2304 1681 5 
 1868 1815 6 
 776 2384 7 
 2245 640 10 
 2067 1802 8 
 813 200 6 
 2079 1741 10 
 637 233 6 
 246 1645 1 
 921 154 10 
 709 2320 7 
 2178 1898 5 
 57 1203 1 
 601 491 6 
 1355 1346 8 
 839 213 1 
 408 2087 1 
 2489 2385 4 
 164 972 1 
 1051 109 1 
 1496 1824 5 
 1083 1414 4 
 2124 194 6 
 905 86 4 
 1795 836 4 
 1622 522 5 
 1066 590 4 
 1925 1969 4 
 1714 1649 9 
 914 1997 10 
 872 501 4 
 269 7 8 
 766 287 7 
 2297 1149 3 
 880 2445 6 
 1961 1647 1 
 2062 638 4 
 1887 1629 3 
 525 1318 5 
 319 1942 3 
 1751 322 6 
 2272 1226 10 
 844 314 1 
 2041 676 6 
 892 2463 9 
 219 1733 8 
 2327 862 6 
 2410 247 4 
 2288 90 3 
 2235 787 8 
 958 228 3 
 1051 702 7 
 1912 992 9 
 366 712 5 
 232 1477 6 
 2098 1344 4 
 2120 1841 1 
 1098 1984 9 
 1539 929 1 
 532 429 8 
 1820 1819 2 
 891 726 9 
 2219 147 4 
 76 1603 1 
 2093 75 4 
 354 596 1 
 1993 2315 1 
 16 647 9 
 894 1824 1 
 1155 1020 4 
 2326 1948 4 
 126 2300 3 
 975 1155 8 
 2010 1778 2 
 2267 892 9 
 2000 1198 7 
 997 845 3 
 2243 778 9 
 2304 143 8 
 1680 2055 10 
 1914 946 1 
 1520 1078 10 
 2176 771 9 
 1803 2472 8 
 1363 2448 9 
 2291 2336 3 
 2477 111 3 
 1436 1403 10 
 865 521 7 
 255 527 5 
 1239 87 1 
 1031 1667 7 
 2267 2180 7 
 460 1174 5 
 2009 2015 4 
 108 1641 2 
 830 932 5 
 1162 2445 4 
 2417 402 1 
 1140 2232 2 
 550 118 2 
 1672 2250 3 
 1566 2332 6 
 664 507 9 
 913 1194 8 
 55 581 8 
 2068 360 3 
 2441 1240 4 
 685 138 3 
 1425 1281 10 
 1866 986 8 
 2500 1291 9 
 690 2331 5 
 2423 466 1 
 1718 654 2 
 1296 2210 2 
 1519 701 8 
 801 878 7 
 187 94 8 
 1514 871 3 
 1233 2162 4 
 211 1849 6 
 340 285 5 
 2362 399 1 
 1846 2130 10 
 2260 585 7 
 2301 768 10 
 723 2234 9 
 2151 1359 6 
 1580 155 6 
 506 771 9 
 2079 1818 2 
 989 469 4 
 499 1067 7 
 1086 1583 10 
 1231 2244 7 
 380 194 1 
 1954 1807 7 
 2368 1195 7 
 164 2339 5 
 2446 2396 2 
 2182 417 4 
 45 2116 1 
 859 1271 4 
 1560 45 4 
 886 646 4 
 1615 1151 2 
 157 1567 8 
 520 1375 9 
 1419 2121 2 
 901 1846 2 
 554 1440 8 
 375 897 9 
 175 2185 9 
 558 414 4 
 1370 207 5 
 365 307 5 
 1036 1481 1 
 2459 2080 5 
 2446 1759 5 
 2135 2031 5 
 1467 1795 1 
 171 774 7 
 850 667 1 
 1323 1610 2 
 561 281 7 
 1241 768 3 
 1734 403 2 
 1077 1607 2 
 741 1458 10 
 622 224 2 
 1303 2110 7 
 466 1157 6 
 1822 385 9 
 1569 1141 1 
 1043 1258 5 
 1906 1103 7 
 1363 2322 3 
 1889 1861 6 
 336 822 6 
 425 151 4 
 903 914 9 
 1408 84 1 
 1509 803 9 
 1296 2328 4 
 1588 1962 7 
 1612 1150 3 
 703 113 10 
 2451 1246 1 
 1250 929 1 
 1800 1538 4 
 1131 1895 3 
 2395 617 3 
 1810 703 4 
 509 723 2 
 298 764 2 
 2172 961 10 
 2381 219 3 
 703 2363 6 
 290 2493 3 
 583 1982 9 
 2019 1100 2 
 1721 806 9 
 2157 45 8 
 2092 1736 4 
 1126 615 6 
 542 728 9 
 343 946 5 
 971 1710 10 
 2070 1739 2 
 1979 599 2 
 1253 1520 8 
 248 2022 1 
 545 2147 3 
 1875 156 10 
 2117 1699 1 
 781 1333 5 
 1399 2349 4 
 485 1095 2 
 828 449 8 
 377 581 1 
 1236 949 4 
 2393 2312 6 
 1362 624 7 
 2230 2310 9 
 1961 814 6 
 1621 2342 4 
 1762 784 2 
 1859 2012 3 
 2416 2498 1 
 1105 2108 9 
 1423 463 7 
 2451 1918 9 
 2482 240 10 
 1739 1643 2 
 631 242 8 
 55 2429 7 
 1405 1937 8 
 450 169 3 
 2331 1478 1 
 1110 56 3 
 552 668 2 
 531 1572 10 
 576 2450 5 
 1357 1795 10 
 1433 1662 5 
 1399 835 7 
 673 414 7 
 877 225 3 
 1391 834 7 
 470 1838 1 
 1862 1435 4 
 2071 1297 1 
 1502 607 2 
 926 1748 1 
 276 594 8 
 855 540 8 
 1543 2149 9 
 1829 1935 8 
 1037 50 7 
 1278 2228 1 
 814 649 2 
 1461 1670 2 
 1793 1514 7 
 2486 2230 2 
 566 2351 1 
 2432 577 8 
 536 481 5 
 1502 2428 10 
 2439 2230 5 
 1593 347 10 
 631 2048 8 
 793 1418 9 
 306 1877 4 
 1559 1994 3 
 1011 2217 9 
 663 2500 9 
 364 1447 2 
 1393 274 7 
 644 1794 4 
 1554 271 2 
 720 191 6 
 1609 758 1 
 1414 2192 6 
 1452 1490 10 
 1509 442 9 
 202 1120 7 
 1761 1438 1 
 76 1211 9 
 1888 1358 1 
 328 934 8 
 1838 1550 4 
 312 906 7 
 887 1285 4 
 195 301 7 
 1096 866 8 
 2407 2338 8 
 408 159 1 
 2275 764 3 
 1528 1502 1 
 1401 2378 8 
 1090 21 6 
 765 2223 6 
 63 1929 4 
 858 1418 3 
 2464 598 4 
 664 900 3 
 1556 553 10 
 135 568 1 
 2011 590 7 
 1407 1523 10 
 997 1178 5 
 1951 1159 3 
 923 2200 2 
 2217 85 3 
 1631 992 4 
 2285 29 3 
 2192 514 4 
 644 1072 4 
 2396 933 3 
 2400 1648 7 
 11 61 10 
 2249 1148 4 
 2455 1254 6 
 1963 1136 3 
 1893 324 8 
 1644 942 6 
 68 1344 9 
 2388 2035 10 
 1341 2236 7 
 632 2193 3 
 561 1959 5 
 563 1400 4 
 485 1069 2 
 1971 102 8 
 2385 1557 10 
 40 1324 6 
 1298 2400 8 
 1844 1208 5 
 2279 214 10 
 342 215 10 
 1705 495 2 
 1728 742 7 
 2134 2211 3 
 230 756 4 
 2412 1476 4 
 1431 1321 7 
 1686 911 8 
 1068 2241 9 
 2321 1755 5 
 444 335 7 
 2139 1860 9 
 524 1089 5 
 395 993 5 
 505 678 1 
 1033 758 3 
 758 1390 2 
 331 1169 3 
 2246 1301 5 
 1181 1376 2 
 1843 1038 5 
 1915 1850 2 
 1689 405 8 
 78 914 8 
 2333 613 1 
 646 1913 3 
 1113 2251 5 
 419 609 1 
 902 1903 1 
 686 1325 3 
 2269 1215 3 
 656 955 1 
 1258 2278 6 
 326 2136 8 
 1201 824 2 
 1977 1892 1 
 1511 2488 7 
 54 798 7 
 2484 1900 10 
 2243 959 6 
 2285 2132 1 
 2287 1826 1 
 205 2222 4 
 1668 661 1 
 2167 1538 4 
 2201 743 10 
 843 279 7 
 1130 431 8 
 286 2327 1 
 1724 701 3 
 1049 1355 3 
 1805 2405 8 
 2302 1808 3 
 2470 1754 9 
 2352 1092 9 
 1509 2004 5 
 446 695 6 
 516 404 4 
 206 1997 1 
 948 2280 9 
 1786 1237 6 
 2235 3 3 
 578 280 1 
 1492 416 3 
 1101 1191 7 
 1864 1103 10 
 945 1530 7 
 2211 1185 2 
 1916 600 5 
 1534 1283 8 
 1998 2186 1 
 826 210 9 
 1809 1796 10 
 683 1161 4 
 1308 2126 10 
 66 196 2 
 1228 672 3 
 989 1335 4 
 55 1833 8 
 870 1101 1 
 692 871 6 
 1070 295 9 
 1115 1316 9 
 495 477 1 
 1957 2448 9 
 1545 555 2 
 507 1682 10 
 2093 316 8 
 719 973 8 
 323 1789 8 
 2094 843 4 
 400 954 5 
 431 564 7 
 2346 1409 3 
 382 1348 2 
 225 547 6 
 292 1822 1 
 246 1601 2 
 2198 960 7 
 1054 323 1 
 825 529 4 
 179 293 10 
 2168 549 9 
 1717 2190 6 
 374 826 2 
 2057 1496 4 
 706 1414 7 
 2016 2204 2 
 1491 1311 5 
 2332 2497 1 
 1480 219 10 
 692 46 9 
 748 83 7 
 2050 700 8 
 1121 1398 5 
 2208 2240 10 
 221 2264 2 
 37 1494 4 
 1878 365 2 
 1372 2410 9 
 2440 2451 10 
 1444 362 4 
 2409 1707 6 
 1857 1863 9 
 89 1781 5 
 2163 793 3 
 1381 2066 2 
 1449 1856 4 
 911 1499 3 
 1179 2176 3 
 1104 197 10 
 1597 1390 2 
 1923 1173 2 
 1839 2300 8 
 2059 1384 3 
 2289 2322 9 
 116 1618 6 
 2158 1451 2 
 1434 19 9 
 1410 1606 1 
 2103 981 10 
 173 2423 4 
 1062 236 7 
 1579 1172 1 
 1691 512 1 
 1790 1993 6 
 256 2438 2 
 169 1765 3 
 704 426 8 
 1300 1907 5 
 770 2268 9 
 94 1047 2 
 874 1325 9 
 1940 622 2 
 2037 1990 5 
 919 1998 3 
 1076 2162 9 
 1062 1128 4 
 2114 1747 1 
 1090 587 1 
 2221 2394 5 
 209 1600 10 
 659 1630 9 
 2406 1803 6 
 938 404 7 
 1810 976 4 
 1637 1674 6 
 1024 1919 9 
 89 1327 9 
 1510 1496 3 
 1681 1056 7 
 544 1066 1 
 1336 1085 6 
 1389 854 1 
 388 1742 5 
 1953 1304 3 
 2299 1423 4 
 565 1470 9 
 2233 512 9 
 635 1630 5 
 2155 1244 9 
 1189 1773 7 
 996 1261 5 
 115 1272 9 
 1820 2073 3 
 2498 1909 6 
 504 972 8 
 1371 287 10 
 1890 678 3 
 26 497 9 
 394 807 4 
 128 1608 4 
 1515 1215 7 
 888 2448 8 
 2222 132 6 
 1316 1619 7 
 1931 1805 7 
 39 212 3 
 1539 2160 3 
 1243 1652 6 
 134 2469 8 
 1309 494 8 
 1380 746 4 
 1757 231 10 
 773 1870 7 
 345 977 1 
 1293 1544 7 
 2069 666 5 
 909 1311 4 
 1489 1472 3 
 1895 1828 7 
 107 1808 2 
 1762 937 7 
 1414 2430 1 
 19 1138 8 
 808 2243 2 
 536 1549 6 
 641 2340 4 
 2296 1205 10 
 786 2146 1 
 915 2283 8 
 1734 2437 10 
 626 2265 6 
 2180 2337 8 
 1339 2349 6 
 657 101 6 
 2469 2408 8 
 1136 1057 7 
 2473 282 2 
 2457 1293 9 
 791 1868 1 
 1662 1675 8 
 2023 1644 6 
 2019 82 4 
 856 305 4 
 1351 513 1 
 601 59 10 
 1489 2442 6 
 979 1294 7 
 999 2045 10 
 1991 568 3 
 1026 973 10 
 1059 338 5 
 881 816 5 
 332 986 3 
 2258 1949 2 
 805 1688 10 
 2027 1734 7 
 938 2125 8 
 587 1704 2 
 34 2180 2 
 1387 1338 3 
 448 1834 5 
 1552 2471 9 
 189 1455 1 
 1182 1110 3 
 2080 1663 7 
 1248 828 5 
 1746 421 6 
 104 1861 10 
 1922 574 5 
 1576 2490 4 
 1879 1027 2 
 1212 1380 6 
 363 1542 1 
 712 2047 4 
 2218 1531 3 
 1359 88 9 
 1236 2231 10 
 1834 597 5 
 273 697 5 
 163 1880 4 
 1146 324 5 
 2393 2353 9 
 450 1768 4 
 1453 264 3 
 260 2207 10 
 2018 1663 6 
 1591 475 4 
 1856 688 5 
 1897 2335 6 
 2431 2415 8 
 1474 2247 9 
 1707 486 6 
 1612 1456 5 
 237 1692 1 
 167 1868 6 
 1812 928 5 
 1158 2284 1 
 281 990 1 
 1801 2212 1 
 1679 211 5 
 1302 2043 5 
 1085 2389 1 
 879 1282 4 
 1932 508 2 
 1187 1417 4 
 516 459 3 
 369 175 2 
 58 619 1 
 611 1571 3 
 5 1671 9 
 1188 1614 10 
 1366 1661 5 
 1638 726 6 
 1221 950 5 
 1461 1397 6 
 679 1938 6 
 2051 799 2 
 829 12 10 
 2175 1555 5 
 797 2366 4 
 2149 1475 8 
 185 1689 7 
 1014 584 6 
 2412 73 1 
 1069 1587 4 
 1364 378 9 
 1314 2200 8 
 503 1665 10 
 1255 1281 10 
 1518 1358 2 
 373 1923 2 
 197 432 4 
 119 2407 1 
 383 715 8 
 480 1343 7 
 390 1049 7 
 2319 1802 6 
 48 684 7 
 453 1451 4 
 2435 11 4 
 748 2141 4 
 95 1525 10 
 120 684 1 
 1 154 3 
 594 43 1 
 176 2442 2 
 1122 1939 3 
 2075 1776 10 
 456 1168 3 
 2329 1726 5 
 2342 2307 10 
 2100 1253 5 
 159 110 10 
 1319 3 1 
 2150 1945 10 
 985 2209 10 
 707 1199 9 
 1876 1012 10 
 842 1202 2 
 1789 309 7 
 330 2270 6 
 2498 1871 3 
 1000 4 8 
 2448 2480 10 
 168 612 5 
 682 204 1 
 1344 1190 2 
 1905 1758 6 
 192 1178 1 
 2403 817 9 
 669 718 9 
 2280 896 7 
 1156 1175 9 
 1853 769 6 
 1270 258 10 
 856 337 5 
 1324 645 2 
 1402 1686 8 
 1685 1516 4 
 1660 1884 7 
 1264 1524 9 
 1635 287 4 
 780 688 4 
 21 2033 1 
 1604 2197 9 
 1996 1245 4 
 1116 1401 6 
 1194 940 3 
 2183 2167 8 
 1033 1816 9 
 1006 488 5 
 1894 1204 7 
 634 1921 5 
 373 1287 8 
 266 33 7 
 35 1589 3 
 1277 1317 5 
 2113 720 3 
 961 747 3 
 1649 1235 5 
 2105 2101 4 
 1389 582 4 
 19 579 5 
 397 166 2 
 1097 868 9 
 1683 1481 1 
 1743 933 6 
 1486 1836 3 
 487 205 7 
 799 995 1 
 2081 422 5 
 321 260 3 
 733 518 6 
 1627 2484 7 
 2253 2088 2 
 1257 1383 1 
 1280 502 1 
 389 524 3 
 1761 636 5 
 596 1988 7 
 1752 2278 4 
 1437 1661 4 
 1082 1916 5 
 1154 1165 8 
 2386 954 6 
 608 1486 7 
 624 1832 8 
 1698 75 9 
 2160 658 3 
 676 1450 5 
 1500 1503 9 
 1745 1030 2 
 1700 1420 10 
 1908 1281 6 
 991 539 1 
 1845 1227 4 
 142 1369 1 
 281 2184 6 
 316 821 6 
 476 1623 1 
 1063 1979 10 
 1263 462 8 
 1109 1341 10 
 530 1038 2 
 6 249 10 
 987 1058 8 
 1273 1256 10 
 1186 130 1 
 856 146 10 
 1659 2073 10 
 1008 455 1 
 1565 818 7 
 1546 1795 8 
 467 418 5 
 1981 657 3 
 2068 652 6 
 1260 2262 4 
 839 729 3 
 345 1099 4 
 1719 1457 1 
 2365 2237 8 
 382 753 2 
 1786 1611 8 
 1714 22 5 
 2361 1894 1 
 2383 2204 9 
 233 2017 8 
 1078 2152 9 
 1328 1005 10 
 188 2355 7 
 440 1860 10 
 499 1473 9 
 1342 1373 3 
 72 1907 3 
 1439 879 7 
 2427 237 9 
 264 2391 6 
 779 258 2 
 1825 71 5 
 2136 465 8 
 2286 412 8 
 1794 988 3 
 2443 502 4 
 131 2084 10 
 1158 2202 8 
 833 2324 7 
 1787 1711 8 
 155 2001 2 
 978 158 5 
 1687 332 10 
 161 935 10 
 503 2086 6 
 227 1810 1 
 1754 823 3 
 2325 1604 6 
 1047 2128 10 
 290 92 3 
 1210 519 1 
 112 1363 9 
 2177 1774 4 
 653 62 1 
 499 1197 2 
 589 88 7 
 1147 773 6 
 1858 705 9 
 1038 537 6 
 1317 1284 1 
 1128 1487 10 
 1715 197 6 
 1199 2007 3 
 2271 2214 7 
 344 1987 10 
 588 639 4 
 2077 2006 3 
 861 1485 8 
 1329 1718 6 
 440 1087 2 
 1208 2199 10 
 1385 385 10 
 1145 398 9 
 938 2064 3 
 741 180 4 
 1091 1944 2 
 1560 610 2 
 503 1791 6 
 943 727 3 
 1396 2112 8 
 827 2413 8 
 1976 1553 9 
 142 1817 1 
 2160 759 7 
 1209 1902 6 
 1427 981 6 
 361 835 1 
 2394 974 4 
 123 2065 9 
 2255 5 6 
 831 2486 2 
 407 498 8 
 2449 849 10 
 1626 730 4 
 2404 127 6 
 1023 1761 10 
 930 595 6 
 2140 1038 3 
 1526 434 10 
 602 8 5 
 1402 983 10 
 1867 2421 9 
 1944 2379 6 
 2039 182 5 
 229 252 1 
 2325 464 2 
 1163 2034 6 
 2196 349 4 
 1992 1631 3 
 2425 2064 1 
 1868 381 4 
 1743 77 1 
 1160 94 3 
 1911 1868 3 
 1907 890 3 
 1814 2115 7 
 1015 551 5 
 1504 283 2 
 989 401 9 
 2299 1980 10 
 282 1404 9 
 812 2216 2 
 267 1178 8 
 288 1498 2 
 851 2178 1 
 1962 526 9 
 1617 941 10 
 1448 2195 1 
 1887 713 2 
 899 2029 1 
 1256 1035 7 
 91 598 4 
 2360 461 5 
 1625 983 6 
 1618 348 9 
 1267 523 8 
 1189 1533 8 
 1276 140 1 
 1654 502 10 
 2454 1172 3 
 1152 2447 9 
 1921 1596 3 
 411 1665 8 
 1885 40 7 
 1723 934 2 
 573 600 7 
 1548 1326 8 
 1483 1224 5 
 2191 2216 8 
 2008 1021 5 
 251 1307 10 
 1526 220 4 
 726 2046 2 
 30 20 1 
 27 502 10 
 1050 228 3 
 1941 1900 2 
 1291 428 9 
 1251 1458 10 
 2052 108 2 
 1280 2458 2 
 1455 1632 10 
 1279 2175 7 
 2309 987 7 
 2495 2047 6 
 1844 1968 9 
 586 2303 10 
 1025 2060 4 
 299 1687 6 
 724 735 1 
 1204 1521 7 
 843 884 8 
 1007 922 9 
 2028 401 4 
 184 1074 3 
 1677 2226 7 
 1827 2266 3 
 924 453 9 
 471 1957 8 
 984 804 9 
 2208 2359 5 
 1465 2483 2 
 363 352 4 
 2179 2037 7 
 837 1454 3 
 265 2167 10 
 49 967 10 
 1837 1624 9 
 492 1805 5 
 1785 1664 2 
 2444 43 7 
 725 1598 7 
 1573 2003 4 
 1000 1634 6 
 2392 1464 7 
 320 441 3 
 761 1608 10 
 2281 312 10 
 2095 2294 7 
 1118 2384 8 
 70 2002 8 
 2460 645 5 
 1251 717 7 
 2308 1775 5 
 562 1371 5 
 2358 1318 5 
 318 2146 6 
 154 1137 2 
 1849 1102 1 
 146 1207 3 
 1947 1684 4 
 95 1196 4 
 502 2331 3 
 2090 2043 6 
 1705 2400 8 
 2011 570 6 
 2158 241 1 
 1781 1695 10 
 1267 1493 10 
 635 2435 4 
 427 96 8 
 1159 47 5 
 2318 1677 9 
 1395 619 10 
 1610 2354 7 
 13 267 8 
 1474 551 7 
 1616 981 6 
 542 2450 10 
 2139 1912 10 
 230 1574 3 
 2407 315 1 
 276 2037 5 
 2145 773 6 
 1386 1631 2 
 889 1738 4 
 1988 2083 9 
 2198 2336 9 
 321 2229 6 
 952 527 6 
 1455 1170 1 
 1884 1759 9 
 1716 1918 7 
 1777 2075 7 
 2240 1384 9 
 2017 1203 5 
 1309 562 6 
 917 145 5 
 238 681 6 
 1493 1913 7 
 467 172 7 
 1288 576 5 
 1795 1205 10 
 587 2224 7 
 2458 1646 7 
 1500 1758 6 
 1703 582 8 
 2212 480 8 
 1749 1478 7 
 566 1567 9 
 1769 2254 9 
 196 1335 7 
 1706 2177 2 
 1348 1368 2 
 405 2091 6 
 1325 986 3 
 1677 2149 1 
 1457 859 9 
 1695 1625 1 
 1543 727 2 
 1018 201 2 
 1351 2154 10 
 180 1884 9 
 2410 1276 4 
 1610 1978 3 
 1552 1446 2 
 2246 872 10 
 304 935 3 
 299 807 1 
 241 195 5 
 1948 1344 10 
 1792 210 9 
 2019 1289 2 
 1863 2105 6 
 2317 570 6 
 2282 780 4 
 1259 2377 8 
 587 53 8 
 413 1019 1 
 1117 519 10 
 575 793 7 
 684 1783 7 
 155 89 2 
 2096 2420 9 
 650 8 7 
 635 1960 1 
 1545 2317 2 
 2137 1739 7 
 1401 1005 6 
 1471 2296 2 
 1573 1980 3 
 547 89 3 
 772 657 1 
 1927 2080 5 
 130 1391 6 
 2010 2051 3 
 2359 856 8 
 2427 814 6 
 671 202 10 
 2029 57 2 
 842 1321 5 
 2111 439 7 
 286 2201 6 
 939 2069 4 
 1354 2256 2 
 1691 1146 9 
 1419 1454 7 
 41 1635 8 
 49 142 9 
 139 970 9 
 601 1393 2 
 1338 839 8 
 1389 2465 3 
 1360 1721 8 
 1380 1881 4 
 825 1228 5 
 1523 402 9 
 2195 2255 3 
 1517 922 3 
 315 952 2 
 1318 1585 2 
 1850 136 2 
 716 510 5 
 2261 2497 4 
 2234 1248 3 
 2076 759 8 
 1161 1116 7 
 2402 1028 1 
 1988 1331 5 
 1507 1253 7 
 169 159 6 
 1791 1844 7 
 1568 1905 6 
 1201 265 10 
 436 375 4 
 2370 2487 6 
 891 8 9 
 1317 332 4 
 1415 719 4 
 1850 534 6 
 549 1305 4 
 978 1555 4 
 35 2068 9 
 1565 1661 6 
 859 195 6 
 2318 1268 6 
 2021 1678 10 
 1289 886 8 
 1899 526 8 
 2274 283 6 
 1830 119 6 
 570 2444 1 
 704 1332 1 
 2180 67 3 
 1072 1578 7 
 1028 959 6 
 1252 2146 1 
 1051 2183 6 
 574 1620 7 
 2206 154 5 
 399 1569 4 
 1159 435 5 
 1523 2249 9 
 1504 1367 9 
 511 1309 8 
 228 1948 4 
 1806 1363 2 
 1758 2418 6 
 2150 773 2 
 1710 759 1 
 2185 946 1 
 2184 2328 3 
 472 63 6 
 1937 1823 7 
 1407 1664 10 
 1517 1354 3 
 852 1121 10 
 780 53 5 
 1630 2245 6 
 2292 1308 8 
 947 1552 10 
 1774 2118 8 
 2234 365 9 
 1193 1198 7 
 1790 1854 8 
 1748 2178 6 
 115 941 7 
 1529 2066 9 
 1556 1073 5 
 2357 458 3 
 402 1668 8 
 592 1106 10 
 962 283 3 
 1628 1956 10 
 1431 2433 3 
 2198 535 8 
 2320 2256 3 
 1567 2016 9 
 775 1709 1 
 1188 1442 4 
 380 1697 10 
 875 1492 5 
 29 2477 1 
 358 286 7 
 2141 709 1 
 1643 1223 6 
 424 2370 5 
 1959 138 5 
 1731 1484 8 
 1105 557 9 
 607 1140 2 
 1636 32 5 
 1726 211 9 
 1217 1305 1 
 1706 786 9 
 1164 2246 5 
 2311 795 5 
 965 245 1 
 1092 1075 1 
 1392 467 5 
 104 2279 2 
 1171 372 3 
 1167 1187 3 
 2392 1396 3 
 1727 500 3 
 469 1046 4 
 221 887 5 
 680 1595 5 
 445 930 7 
 1745 1744 2 
 1493 292 9 
 196 1534 2 
 1477 1806 4 
 2186 2462 8 
 264 308 8 
 1603 2144 5 
 1628 811 2 
 219 1732 8 
 1407 2294 1 
 385 1030 3 
 2267 953 7 
 866 1333 8 
 1358 144 2 
 582 2188 6 
 1681 1029 10 
 683 140 4 
 45 2176 2 
 129 1543 9 
 656 2182 10 
 1784 165 6 
 1373 1557 9 
 795 1117 7 
 552 1451 6 
 2430 2433 4 
 645 1537 10 
 956 855 6 
 2454 302 10 
 1909 2425 4 
 1782 1095 9 
 605 768 5 
 15 549 2 
 1328 190 1 
 675 1938 4 
 902 2307 2 
 224 1593 5 
 2312 1481 7 
 584 116 8 
 674 200 8 
 457 1426 10 
 1634 748 6 
 1885 1846 7 
 633 943 9 
 1139 2069 8 
 2218 1199 6 
 506 2220 8 
 1126 1832 5 
 242 581 10 
 1717 269 9 
 1764 2196 2 
 2162 498 1 
 2014 127 3 
 2466 1549 9 
 1913 183 8 
 1622 1015 4 
 943 2168 2 
 846 1847 5 
 1770 470 4 
 243 384 7 
 696 1344 8 
 429 155 8 
 1967 1520 10 
 565 809 7 
 491 841 7 
 248 642 10 
 2238 270 5 
 498 1644 3 
 1820 1188 6 
 982 1409 6 
 2177 1913 10 
 1771 2023 3 
 769 711 10 
 2422 1112 7 
 555 2451 6 
 1839 2489 9 
 338 2478 4 
 1014 1999 9 
 307 1263 9 
 883 2041 10 
 446 2145 10 
 674 190 8 
 1442 2314 6 
 1501 136 8 
 956 719 1 
 2279 1135 5 
 1460 1593 2 
 1033 600 8 
 81 1197 7 
 2458 1258 5 
 782 2125 3 
 2461 160 7 
 1909 369 10 
 1563 1046 4 
 191 266 7 
 1055 1848 7 
 1130 1858 8 
 90 1174 9 
 1262 1208 2 
 286 653 8 
 1549 1734 2 
 1430 1591 1 
 1918 744 10 
 785 460 3 
 2175 315 8 
 682 1888 10 
 1994 335 8 
 346 1885 3 
 736 1360 9 
 1274 1071 3 
 2313 1885 9 
 393 1613 5 
 665 2177 6 
 231 815 1 
 1260 1007 3 
 270 1153 5 
 543 1255 8 
 1190 1201 8 
 985 1871 5 
 2170 2221 3 
 3 1164 2 
 1547 680 5 
 1261 1879 6 
 2204 2083 10 
 1429 2463 3 
 1254 1972 6 
 47 2111 9 
 1818 2450 8 
 1774 1870 4 
 974 612 3 
 47 1513 9 
 1949 1305 5 
 808 1490 1 
 1685 1500 7 
 1489 1135 7 
 177 2206 7 
 1919 1080 3 
 1863 384 2 
 1194 1469 9 
 2381 610 10 
 755 1371 5 
 103 1827 9 
 2152 895 1 
 569 2037 10 
 289 1800 5 
 1198 1407 7 
 1161 1286 2 
 1674 1974 1 
 1452 256 2 
 593 1663 6 
 1589 643 4 
 1474 1659 4 
 147 1696 9 
 1874 1303 3 
 317 2327 6 
 323 1175 9 
 1443 1843 2 
 647 1041 9 
 1084 1603 10 
 1620 2214 3 
 415 451 6 
 2200 1227 5 
 1107 671 2 
 2185 592 7 
 242 1171 2 
 1196 989 2 
 1682 1550 5 
 2200 265 3 
 1252 1174 10 
 944 1482 2 
 1001 274 6 
 1377 758 3 
 2416 1364 10 
 1902 962 8 
 264 2056 3 
 1462 31 2 
 382 1958 1 
 892 1381 3 
 989 1416 3 
 1193 751 9 
 2402 1755 7 
 1166 497 1 
 344 176 10 
 147 412 2 
 1008 2428 2 
 1320 1356 3 
 160 1170 10 
 975 2072 2 
 969 482 4 
 387 1857 6 
 1093 658 7 
 2412 2464 3 
 2121 1707 9 
 1 1343 7 
 686 2012 6 
 1799 1820 5 
 46 126 6 
 2421 2245 2 
 1380 1869 6 
 741 1154 10 
 1037 1105 4 
 958 2116 2 
 393 2046 8 
 2237 1167 9 
 2392 770 6 
 2374 113 8 
 546 1061 9 
 119 2477 9 
 1095 2027 2 
 11 423 7 
 2019 336 9 
 1036 1916 4 
 1501 936 8 
 2426 21 9 
 1550 2355 8 
 1240 795 9 
 2114 2125 9 
 1380 2050 8 
 1779 1287 1 
 2026 2231 9 
 60 787 10 
 1187 2071 4 
 175 1369 2 
 2427 1627 10 
 2414 520 3 
 62 1717 5 
 2342 208 9 
 330 55 9 
 2276 1221 4 
 2263 25 1 
 1040 1283 10 
 51 2063 8 
 1503 1065 10 
 1547 124 4 
 2012 712 7 
 507 1658 3 
 1472 1984 4 
 1145 1849 8 
 2318 1334 9 
 261 1913 5 
 1869 1072 6 
 30 1378 1 
 15 961 10 
 1662 785 3 
 1940 1838 2 
 1844 192 5 
 1255 196 10 
 600 1312 8 
 1726 1673 9 
 1211 1052 2 
 73 2408 1 
 1736 962 2 
 781 1447 1 
 2251 556 9 
 1865 1042 8 
 1197 2062 1 
 529 72 6 
 1032 1177 7 
 710 1629 2 
 721 2142 7 
 1164 127 7 
 111 1768 4 
 2346 1646 3 
 2020 632 4 
 945 2242 5 
 511 1140 3 
 570 330 3 
 1160 788 4 
 551 2235 8 
 1746 1865 9 
 2402 1386 4 
 1377 1508 2 
 1367 1562 10 
 396 965 6 
 403 844 1 
 1789 682 8 
 2000 561 8 
 291 96 2 
 776 976 9 
 633 163 9 
 1971 1390 6 
 1035 423 8 
 1669 1742 8 
 1452 2435 6 
 1802 43 3 
 97 1334 8 
 591 1484 4 
 718 64 3 
 1218 1499 7 
 797 475 1 
 36 1524 6 
 689 1439 7 
 1900 2481 1 
 1240 1584 10 
 1967 1874 2 
 2094 193 2 
 809 45 5 
 240 1662 5 
 799 2291 10 
 695 2275 10 
 1821 1308 5 
 898 2121 10 
 638 1389 3 
 2381 777 5 
 812 1129 9 
 1161 2458 2 
 1950 2379 1 
 1432 927 3 
 1993 251 8 
 1465 1533 8 
 1337 126 8 
 171 1553 10 
 1380 2027 7 
 2070 1313 6 
 559 1243 5 
 2210 1384 10 
 2420 1490 3 
 878 1142 3 
 1927 1227 8 
 2349 1113 2 
 1665 224 3 
 205 763 7 
 1217 848 9 
 2242 562 8 
 208 165 7 
 1420 1014 1 
 2416 2143 6 
 1108 1396 8 
 460 769 1 
 1726 2257 4 
 1200 2411 5 
 1083 2353 9 
 2063 620 2 
 1542 416 6 
 304 660 7 
 613 826 8 
 1342 127 1 
 1107 974 9 
 2242 1791 3 
 1190 1429 8 
 2302 1834 4 
 1339 276 9 
 2399 1098 3 
 1438 606 2 
 1266 420 4 
 1797 2012 2 
 2057 2498 3 
 496 2431 3 
 98 1334 5 
 726 1665 6 
 2419 293 1 
 1270 256 5 
 1066 1926 4 
 1703 633 1 
 2406 1115 5 
 1257 1932 7 
 2112 400 10 
 1524 610 2 
 2321 2254 7 
 1003 268 10 
 192 332 10 
 555 1759 2 
 1917 134 7 
 981 1885 2 
 1298 809 10 
 843 292 8 
 1285 833 2 
 1298 536 7 
 963 1638 4 
 68 429 5 
 2431 1265 10 
 1123 1099 6 
 1397 1233 7 
 2127 1523 7 
 1321 414 7 
 941 650 1 
 2099 1838 4 
 1951 524 7 
 2194 686 5 
 1844 741 6 
 1929 2027 2 
 2068 1244 7 
 79 689 5 
 2408 2086 6 
 2384 555 8 
 780 1225 5 
 372 1320 8 
 1674 825 5 
 311 582 5 
 1181 1740 1 
 2122 402 9 
 1916 334 4 
 416 145 10 
 1039 1901 3 
 73 1277 5 
 1660 2205 10 
 1164 695 10 
 780 280 2 
 2154 1607 8 
 968 2095 3 
 417 
 604 1969 78 204 1381 418 1309 1868 2146 2214 208 1717 337 966 423 
 1837 2422 2470 2488 440 2275 1364 1323 38 1317 1995 1441 157 1946 656 
 1197 741 758 2263 1708 253 191 1621 767 1762 2391 2279 2427 188 536 
 1024 575 980 910 1190 2370 2417 1749 666 1047 603 2358 2075 2171 1416 
 809 1360 1344 1011 599 1918 1602 21 667 1055 932 1226 1219 2266 1134 
 1232 1871 820 1472 1745 389 626 530 1534 1432 837 2462 112 1631 1485 
 364 647 1392 477 2046 134 1076 764 245 2355 728 1812 2165 2147 1618 
 761 66 1818 160 2199 2065 1686 847 1888 317 1386 29 1262 1292 2269 
 168 1960 2056 1674 744 53 2298 2463 562 1193 232 2249 1289 1361 1625 
 2233 1652 1426 432 2440 2364 754 319 795 302 1753 119 711 558 2225 
 2300 1964 291 532 248 1183 1083 691 170 1727 971 312 2287 648 2274 
 708 1814 1883 838 1274 586 1380 1156 798 58 1415 113 1358 762 1009 
 2344 347 107 1171 281 774 892 760 439 327 1807 611 1945 509 1363 
 1985 310 1971 1865 877 292 1942 260 2412 991 1511 961 825 1238 2258 
 1738 2082 2200 1696 2235 1058 277 912 2215 1336 2073 699 579 1113 10 
 233 548 1736 1962 178 2481 290 2486 1443 2144 2459 150 504 605 11 
 1133 2155 272 2474 1619 1294 866 1666 392 1421 1761 751 2156 915 2002 
 353 2361 1356 1297 1976 3 2206 521 2346 1120 1427 1207 934 557 2243 
 2016 335 1324 54 1287 131 1906 933 1831 2113 2330 890 149 1068 1270 
 1230 1250 1321 876 1896 165 686 179 1413 574 1498 2210 1396 1008 5 
 1046 2007 257 1544 1130 2282 1675 1491 2051 452 2164 1627 374 733 921 
 1982 1851 97 1793 341 1729 1172 502 582 2185 909 1994 1461 2396 1929 
 2184 83 512 1191 1843 1154 61 929 2244 1097 1422 1015 1329 2192 1282 
 755 441 1260 1933 457 111 917 2354 125 1959 1633 1824 1353 590 1073 
 2246 176 529 6 1789 1330 533 1053 48 1496 332 266 276 1253 223 
 1264 2353 488 1383 900 1811 1271 415 293 1829 258 483 324 752 1296 
 1796 1668 1794 2090 1307 2049 786 1431 1107 695 1400 636 499 772 870 
 569 589 1536 810 2466 32 1750 279 1850 1495 286 638 
