 2500 5000 
 2393 260 9 
 260 685 2 
 2429 685 2 
 2262 2393 9 
 2262 897 9 
 2 260 7 
 626 260 3 
 2393 585 1 
 2262 143 1 
 2 1715 8 
 897 1052 9 
 2470 143 10 
 2343 1052 7 
 2393 1708 9 
 897 458 10 
 2429 2264 3 
 626 2251 1 
 957 260 10 
 260 728 4 
 1183 2264 6 
 1952 1183 10 
 2393 1021 5 
 2262 1048 7 
 2429 1225 4 
 2429 2173 9 
 2116 2343 6 
 2262 1926 2 
 1150 1952 6 
 2470 2293 2 
 1225 833 5 
 1225 878 5 
 2 1843 5 
 626 1280 5 
 1048 1840 9 
 2326 2251 9 
 538 2 1 
 1216 957 5 
 2343 447 5 
 1364 447 8 
 1048 124 3 
 2 191 4 
 585 926 4 
 1843 2249 7 
 635 2393 1 
 191 1903 8 
 260 1448 4 
 1048 327 10 
 786 1021 4 
 143 1080 6 
 1708 2376 7 
 538 193 5 
 833 1900 7 
 124 747 7 
 2133 1840 10 
 458 2320 10 
 1115 2 5 
 1715 1332 4 
 1179 1952 5 
 124 710 2 
 606 897 7 
 2393 782 4 
 251 2116 2 
 154 2133 10 
 2326 1804 6 
 2355 124 2 
 2414 143 8 
 1332 1409 6 
 1715 1886 10 
 2201 2262 6 
 2429 508 9 
 2414 1177 2 
 786 2050 3 
 1065 1903 9 
 854 538 1 
 1364 1303 1 
 1080 1758 1 
 1448 123 6 
 597 957 10 
 729 2050 8 
 2110 926 2 
 219 1303 5 
 296 2116 1 
 2313 1715 9 
 2116 517 10 
 1727 729 3 
 1048 658 9 
 782 1651 3 
 1773 729 1 
 2262 716 3 
 124 2484 8 
 2027 2429 10 
 957 43 2 
 687 1150 5 
 2462 782 10 
 1651 2055 2 
 854 1204 5 
 2221 1048 8 
 538 2230 2 
 1620 1332 10 
 120 538 9 
 327 1611 7 
 635 1465 1 
 2249 2239 1 
 2482 120 8 
 2438 2313 4 
 1815 1225 7 
 447 1581 6 
 1665 1303 8 
 1332 2386 2 
 199 597 6 
 2487 296 2 
 410 1804 7 
 1967 1280 1 
 1843 1391 8 
 2312 2414 5 
 256 1581 10 
 594 2355 10 
 889 447 5 
 2326 660 6 
 2389 2251 6 
 1929 251 4 
 1767 251 8 
 593 660 1 
 1199 154 6 
 371 1611 3 
 2471 926 5 
 124 167 5 
 1929 944 4 
 2310 1080 2 
 120 294 10 
 878 633 10 
 124 1990 10 
 1317 1886 8 
 1152 1886 7 
 1313 120 6 
 243 1715 5 
 2208 2313 3 
 1357 957 2 
 710 101 6 
 2055 1209 10 
 782 325 8 
 1943 833 6 
 1665 1016 8 
 1843 2420 9 
 2133 1343 6 
 147 1581 6 
 1138 167 4 
 483 1708 1 
 2466 167 9 
 260 1896 1 
 1665 1441 8 
 2121 716 6 
 463 1900 10 
 2111 2393 1 
 1840 1480 2 
 824 2466 8 
 1943 2265 2 
 2116 1647 7 
 1021 873 3 
 1955 147 2 
 536 1715 8 
 143 13 3 
 747 671 3 
 154 1137 2 
 1412 1448 3 
 2326 1334 6 
 447 1889 3 
 2393 2182 3 
 2279 458 10 
 198 1343 8 
 2484 307 4 
 1979 660 8 
 776 1152 5 
 43 2433 8 
 1611 1082 4 
 2397 508 9 
 85 897 10 
 307 2136 9 
 635 955 1 
 1179 2016 2 
 1834 517 6 
 1785 327 3 
 1406 2312 4 
 612 716 7 
 1052 1633 7 
 1752 1952 9 
 605 517 10 
 557 660 4 
 2019 1115 9 
 2055 1534 4 
 120 2025 4 
 617 1926 5 
 557 416 2 
 1615 889 6 
 955 33 1 
 1740 410 10 
 767 260 8 
 660 59 8 
 2249 1126 3 
 2121 2088 4 
 1021 266 4 
 2019 2084 10 
 2013 2 1 
 429 2279 2 
 2248 606 10 
 2050 556 6 
 1006 2110 6 
 1179 2205 4 
 1660 729 7 
 2148 2248 8 
 2376 2142 6 
 922 1303 4 
 2190 2466 6 
 187 410 1 
 506 1406 9 
 138 1052 8 
 1406 1732 10 
 168 1303 10 
 2013 1709 4 
 1479 1990 2 
 1534 1664 2 
 123 58 2 
 1115 1875 3 
 1183 768 5 
 1732 835 8 
 1660 1318 7 
 2121 1488 3 
 1372 1488 8 
 2469 1448 9 
 1351 2429 7 
 2042 710 2 
 1487 767 4 
 633 1002 2 
 782 1805 1 
 1021 880 7 
 260 1535 1 
 874 1150 5 
 1806 1199 6 
 833 207 6 
 454 1804 6 
 2367 1303 6 
 782 1097 7 
 43 827 3 
 1581 1381 9 
 597 1877 2 
 60 1620 6 
 2203 167 9 
 1496 1767 1 
 1572 1216 4 
 1487 1756 10 
 2222 957 1 
 42 2293 10 
 874 2362 6 
 1179 534 9 
 1358 1535 3 
 1375 1065 10 
 1019 1280 1 
 2308 1804 7 
 266 330 4 
 1454 2173 7 
 792 187 10 
 1952 50 7 
 1660 721 1 
 1139 1097 6 
 1617 193 7 
 865 2389 6 
 382 1080 1 
 554 1216 9 
 116 1364 3 
 2025 94 7 
 2452 327 3 
 1470 1967 4 
 1840 409 6 
 49 2265 2 
 823 167 6 
 1179 552 5 
 739 1225 5 
 536 2277 8 
 878 28 7 
 782 741 8 
 755 1955 1 
 290 1633 9 
 168 1695 7 
 434 123 3 
 1633 157 5 
 1487 1190 9 
 1138 1689 9 
 2466 1560 7 
 343 1709 8 
 1750 2264 3 
 951 827 7 
 1161 534 3 
 2027 2168 2 
 880 1667 2 
 1993 60 3 
 1071 585 8 
 2471 1429 4 
 2121 1847 3 
 550 2027 6 
 1758 2363 6 
 1520 1903 9 
 536 109 4 
 2415 256 3 
 1002 1720 9 
 1128 294 3 
 802 1496 7 
 1665 2459 10 
 188 955 1 
 945 167 7 
 1621 873 9 
 1097 2035 6 
 1628 594 5 
 199 126 4 
 1767 133 9 
 565 2420 9 
 1318 1173 10 
 556 2002 4 
 1627 2168 6 
 2471 2071 10 
 1682 1280 1 
 1756 406 10 
 961 2042 3 
 59 1997 8 
 290 2330 7 
 785 1052 3 
 60 1324 10 
 1190 2113 10 
 2355 448 1 
 1492 897 7 
 2330 324 10 
 1513 2470 9 
 1834 1405 3 
 1160 1225 8 
 1065 677 10 
 1603 747 5 
 1019 1144 7 
 1903 918 8 
 1886 2085 8 
 294 587 3 
 2261 677 9 
 2 1868 6 
 802 701 5 
 2268 123 1 
 2173 1631 5 
 2133 1322 5 
 1343 1154 6 
 1063 2111 8 
 1862 1488 1 
 1084 2050 10 
 1448 56 7 
 266 2383 3 
 917 1173 9 
 2250 1868 6 
 1173 1034 5 
 625 154 4 
 1126 1427 3 
 1229 243 3 
 1238 2262 4 
 522 243 1 
 2110 1592 9 
 2299 1929 7 
 178 1209 4 
 1795 517 3 
 833 1821 2 
 1654 1372 6 
 165 28 7 
 1235 728 6 
 1664 2328 9 
 76 1720 5 
 554 3 1 
 2452 1352 4 
 508 727 6 
 2436 552 6 
 157 1707 9 
 406 2219 5 
 874 1749 9 
 982 1749 5 
 781 1615 10 
 1065 1794 8 
 2252 605 4 
 840 554 9 
 349 1773 2 
 1715 1483 3 
 894 3 6 
 724 534 1 
 1273 1052 5 
 447 662 3 
 2391 1660 1 
 805 1709 2 
 1276 685 6 
 623 2221 1 
 2261 942 6 
 2007 296 3 
 1377 982 2 
 2386 2318 4 
 1043 1806 1 
 1148 1313 3 
 1161 1338 4 
 1929 1462 8 
 538 1328 9 
 1134 2484 5 
 536 2063 7 
 463 2233 8 
 1875 125 8 
 408 2027 1 
 678 606 6 
 1013 517 10 
 1640 2050 8 
 302 1993 7 
 2299 1737 5 
 2096 2222 5 
 682 785 3 
 2498 682 1 
 1142 824 8 
 347 1727 3 
 40 944 1 
 1364 261 8 
 175 1142 7 
 1527 147 5 
 2066 154 8 
 191 1549 5 
 880 925 4 
 1324 1858 10 
 2219 1245 3 
 50 1556 8 
 2442 1082 5 
 1968 307 4 
 1542 1667 5 
 123 1610 7 
 2200 101 3 
 268 1019 9 
 1322 1415 10 
 596 175 3 
 779 1758 6 
 1617 390 4 
 1896 2282 4 
 251 1226 8 
 2158 2085 5 
 1550 880 7 
 1843 340 9 
 219 111 9 
 2123 2208 10 
 2002 734 8 
 2146 2249 9 
 1474 2389 10 
 1860 2 9 
 1508 178 10 
 1226 1703 10 
 855 1794 7 
 108 2436 1 
 2033 1351 1 
 2431 168 8 
 51 1190 3 
 2016 2483 2 
 120 1176 10 
 24 1406 9 
 1204 320 3 
 13 2342 2 
 949 587 2 
 980 447 9 
 2391 2243 7 
 2451 1479 3 
 261 563 3 
 702 2121 3 
 2168 870 5 
 96 1134 1 
 2069 716 9 
 1979 1747 10 
 1865 835 1 
 732 1889 5 
 1678 199 9 
 1197 1016 4 
 464 325 10 
 2310 421 5 
 302 1435 8 
 929 2459 8 
 1511 2113 10 
 1124 1280 9 
 2362 1336 2 
 1466 2391 3 
 1862 2372 9 
 1721 2190 10 
 1214 2013 9 
 267 133 3 
 2320 1306 4 
 235 1628 4 
 880 1506 10 
 343 255 5 
 732 2020 3 
 483 2430 4 
 1801 710 6 
 559 464 2 
 1843 1998 6 
 656 840 6 
 2253 1334 6 
 728 1994 4 
 785 584 2 
 2158 1830 8 
 745 2096 2 
 2313 15 9 
 1510 2088 8 
 1145 85 2 
 702 2155 5 
 1527 979 1 
 2398 2442 8 
 1267 138 4 
 1415 1478 1 
 2176 1740 5 
 484 2482 9 
 1429 1042 1 
 1861 1448 4 
 729 2246 8 
 745 2130 10 
 1097 2257 9 
 1406 849 8 
 682 1073 8 
 521 1372 9 
 2245 1148 7 
 449 554 5 
 64 1429 1 
 541 408 4 
 701 771 1 
 59 1959 10 
 2282 174 5 
 559 1871 1 
 1410 873 8 
 147 1884 7 
 644 1689 1 
 1057 541 1 
 1426 957 1 
 207 1869 10 
 1650 2219 9 
 1571 2466 7 
 92 1280 7 
 1999 133 2 
 413 755 2 
 653 587 8 
 519 15 3 
 60 1673 8 
 29 1860 6 
 2448 1610 9 
 60 240 8 
 58 499 9 
 605 624 1 
 1903 2439 4 
 2453 1152 10 
 889 828 1 
 809 2310 4 
 1633 2129 7 
 717 1611 10 
 1479 1674 8 
 508 394 8 
 2096 1068 4 
 2494 2282 4 
 568 2142 4 
 1172 2439 9 
 2198 2249 8 
 400 1721 8 
 1572 475 5 
 930 1572 7 
 1359 92 2 
 106 2069 4 
 2306 240 3 
 1618 2268 7 
 1355 1267 8 
 2085 1281 1 
 101 6 5 
 893 1611 5 
 1784 781 6 
 538 1399 8 
 531 1161 6 
 2242 43 4 
 894 131 8 
 249 1267 4 
 229 2330 7 
 1868 1970 4 
 2251 1308 9 
 168 341 6 
 2059 741 4 
 2038 2013 2 
 413 1671 9 
 379 873 1 
 1721 680 9 
 1052 1248 9 
 570 1758 6 
 2253 886 3 
 2033 299 7 
 98 717 3 
 2184 2200 2 
 1595 522 3 
 1715 2080 8 
 1470 405 10 
 1414 1377 7 
 1551 596 1 
 2405 1715 2 
 109 2120 9 
 1285 85 3 
 1217 1640 4 
 501 1391 1 
 744 508 3 
 430 734 1 
 2313 163 4 
 357 1415 3 
 1410 1288 10 
 2011 1926 3 
 1334 2481 5 
 1703 177 10 
 197 536 9 
 1700 406 5 
 665 626 9 
 1960 464 10 
 804 1815 9 
 504 266 9 
 380 2320 9 
 437 955 1 
 455 2330 7 
 1022 1470 10 
 1134 2106 6 
 348 556 4 
 1073 566 10 
 1862 2394 7 
 28 649 3 
 447 1975 8 
 2430 18 7 
 2 2214 5 
 1714 193 4 
 799 2 5 
 551 1749 4 
 1727 180 4 
 1868 1698 1 
 1707 300 1 
 2158 730 5 
 2131 942 8 
 80 341 9 
 1406 523 10 
 1322 1456 3 
 1832 517 10 
 396 429 2 
 137 951 9 
 169 1080 10 
 2060 191 6 
 1235 1028 3 
 143 608 3 
 404 584 4 
 2060 1292 9 
 560 330 6 
 1081 1628 8 
 2310 1275 6 
 2225 596 3 
 2003 1660 1 
 2298 1238 7 
 849 285 8 
 2119 2293 4 
 1744 1595 7 
 1628 87 1 
 2040 1611 1 
 2156 1022 10 
 2096 663 5 
 2326 1079 6 
 2381 2431 9 
 1783 1154 10 
 107 824 6 
 2003 11 8 
 878 1954 5 
 2450 330 8 
 1446 2391 1 
 1785 2169 3 
 1237 2451 10 
 1069 1511 1 
 561 1179 5 
 859 1709 2 
 878 16 5 
 766 557 5 
 1889 1086 5 
 24 1512 6 
 2286 2342 9 
 1709 1111 3 
 559 1764 2 
 556 414 3 
 1643 92 7 
 1134 145 4 
 2313 815 3 
 1909 1603 10 
 584 1663 10 
 1521 925 6 
 2069 1193 2 
 1313 780 5 
 1950 508 9 
 1272 2148 8 
 1664 1555 2 
 1356 2279 3 
 1797 1306 5 
 2489 644 9 
 846 2221 2 
 802 2170 1 
 2085 1669 5 
 1084 363 6 
 702 2231 2 
 2393 1675 7 
 1123 2484 1 
 1016 2406 3 
 1104 1551 5 
 1731 665 7 
 957 2287 2 
 340 1041 8 
 1550 686 3 
 2055 1924 2 
 96 2235 3 
 1140 1858 4 
 658 995 2 
 826 2433 8 
 1669 1946 3 
 1510 1198 9 
 54 2230 3 
 2235 1386 2 
 1542 1155 10 
 1340 1556 10 
 2342 1944 5 
 2354 1352 8 
 2427 1069 7 
 1707 1192 2 
 924 835 1 
 1981 2442 8 
 1139 1687 5 
 1665 589 3 
 1804 2056 8 
 1998 213 3 
 2039 1144 3 
 1633 989 4 
 1785 1158 4 
 1460 840 8 
 103 2342 6 
 1660 648 7 
 1101 414 4 
 2033 1383 4 
 644 2137 1 
 1401 2342 5 
 2483 1906 9 
 565 844 4 
 633 1246 4 
 1773 399 3 
 1141 2469 7 
 2404 523 2 
 495 1225 3 
 1002 432 7 
 483 159 2 
 2477 1708 3 
 311 1727 2 
 2453 1249 1 
 2386 1962 7 
 300 2311 1 
 349 1222 5 
 396 1350 5 
 1867 463 5 
 1162 1028 5 
 1465 2437 2 
 820 1621 6 
 846 2134 2 
 1266 1216 2 
 510 2205 6 
 276 2111 3 
 40 1220 3 
 801 1303 6 
 1302 2310 10 
 593 190 5 
 36 2427 5 
 15 1894 1 
 684 1581 10 
 2378 608 10 
 1614 167 10 
 2427 581 3 
 2252 1430 1 
 1387 1744 3 
 263 2498 9 
 328 1303 5 
 538 2181 2 
 263 289 1 
 451 538 1 
 625 1064 2 
 1924 2500 5 
 229 1385 2 
 2400 1581 3 
 741 195 9 
 1411 1875 3 
 2372 1230 1 
 483 932 6 
 1459 1235 2 
 757 945 10 
 849 938 5 
 2039 1927 10 
 2360 1478 1 
 164 1647 7 
 2391 2005 8 
 439 2133 5 
 801 2490 7 
 1427 1252 7 
 2306 1027 4 
 623 452 9 
 2449 1124 9 
 1615 278 6 
 580 1981 6 
 2007 935 5 
 1262 123 4 
 1859 2462 9 
 1349 2027 3 
 950 243 8 
 1647 2473 5 
 1709 471 4 
 536 711 7 
 1667 2350 3 
 13 1919 5 
 421 128 2 
 66 656 6 
 1076 815 2 
 1088 1190 6 
 685 2352 9 
 1845 2312 9 
 2058 1021 9 
 866 878 2 
 1698 1818 5 
 343 1833 7 
 2382 2487 5 
 1161 102 4 
 1555 1408 2 
 712 767 4 
 2427 2197 5 
 1329 2156 9 
 854 1770 9 
 2036 1272 1 
 2258 276 4 
 1076 1591 5 
 917 1035 1 
 1461 1871 3 
 874 1799 10 
 2388 2430 10 
 2191 1193 5 
 1065 1608 7 
 1010 594 10 
 1727 360 2 
 2400 807 3 
 522 628 4 
 1818 2408 8 
 289 194 5 
 836 1302 1 
 430 1495 3 
 1308 1742 4 
 1424 1441 10 
 1662 1981 1 
 1333 1795 8 
 102 1816 8 
 1465 2304 5 
 2131 1648 1 
 557 2041 6 
 968 1534 10 
 1475 1275 5 
 2317 1799 7 
 235 467 8 
 169 1165 6 
 1070 1805 7 
 1875 987 9 
 2230 1538 3 
 12 1665 7 
 1425 164 3 
 2484 470 7 
 100 43 3 
 1662 1882 2 
 1001 1886 8 
 1377 1932 2 
 2315 349 4 
 1455 710 8 
 1361 2363 2 
 1716 404 8 
 685 588 1 
 108 1905 5 
 13 1916 9 
 1280 407 3 
 2185 1821 7 
 1068 1692 3 
 516 2389 3 
 3 1953 10 
 35 2148 4 
 2190 97 3 
 2352 1504 2 
 869 844 2 
 89 739 5 
 841 409 5 
 1910 449 8 
 1404 360 2 
 1470 607 4 
 1905 2062 6 
 497 1861 1 
 2014 1806 1 
 823 1557 10 
 2315 1825 6 
 2475 240 6 
 1933 1651 8 
 1784 899 2 
 762 1707 5 
 534 2124 4 
 1254 251 10 
 1154 1518 7 
 2007 2291 9 
 2182 1937 1 
 831 682 2 
 819 767 2 
 2272 347 10 
 1206 1614 5 
 2010 2449 8 
 2222 1434 3 
 1139 537 3 
 1835 143 10 
 1201 2013 6 
 2 1890 9 
 2 1652 5 
 1120 1235 3 
 1943 1777 3 
 2077 1267 9 
 1492 1092 3 
 1152 2266 6 
 1653 1627 4 
 1626 2096 7 
 447 962 3 
 2157 1896 4 
 641 405 3 
 543 1654 4 
 2146 2338 4 
 1586 594 10 
 802 65 4 
 343 720 8 
 1651 579 2 
 1527 2309 4 
 56 1580 7 
 1705 2158 2 
 2449 77 8 
 1266 1310 2 
 2493 1456 5 
 1778 2258 6 
 306 2243 1 
 1602 1019 8 
 302 1032 3 
 1801 491 2 
 155 1372 3 
 2475 1772 1 
 504 305 3 
 1906 569 5 
 621 267 4 
 751 2293 3 
 898 1238 3 
 177 1638 10 
 1906 1347 4 
 366 1868 9 
 514 2007 7 
 1387 1363 1 
 2391 1728 5 
 1658 1610 10 
 2192 989 7 
 2456 1204 2 
 1795 420 6 
 2028 116 8 
 1553 267 1 
 1120 1044 8 
 159 1156 7 
 2387 51 1 
 1410 231 8 
 586 154 3 
 857 1671 4 
 2083 1994 9 
 556 459 1 
 746 1549 9 
 506 718 10 
 299 549 2 
 680 1390 10 
 691 2243 8 
 1073 1914 4 
 1188 1747 2 
 455 1844 8 
 1142 2445 10 
 562 2272 5 
 2248 1679 6 
 1479 808 9 
 1372 1893 7 
 1987 2342 2 
 1344 894 5 
 839 1092 2 
 2068 87 1 
 870 1337 9 
 234 1336 6 
 2016 1186 9 
 1093 2482 8 
 19 2498 2 
 141 2068 10 
 490 1999 7 
 1366 1511 10 
 235 664 8 
 773 1349 7 
 1801 1677 9 
 1071 872 6 
 956 836 8 
 139 2124 7 
 2057 2169 6 
 1674 282 2 
 1557 2344 4 
 167 75 2 
 2484 2472 8 
 1508 1298 9 
 605 1331 2 
 398 873 3 
 939 1387 6 
 393 406 5 
 1752 719 1 
 854 2149 3 
 1571 904 8 
 49 468 7 
 625 530 8 
 2248 355 6 
 1630 1429 7 
 327 1171 6 
 318 1173 2 
 642 1492 10 
 1885 1480 6 
 553 608 8 
 366 1701 2 
 2498 1397 10 
 2360 1606 5 
 404 274 1 
 2111 1118 5 
 1257 421 3 
 1216 309 3 
 443 195 1 
 318 2171 2 
 1032 974 1 
 1563 1092 7 
 57 1967 8 
 2271 1115 7 
 2006 711 6 
 1042 2188 7 
 1366 1839 6 
 784 155 2 
 2482 515 1 
 2483 41 9 
 740 57 5 
 2347 1674 6 
 25 2 9 
 1289 75 1 
 50 2496 5 
 2260 581 9 
 211 701 9 
 760 553 2 
 1305 1487 7 
 1718 596 5 
 8 898 6 
 1518 1939 10 
 69 463 2 
 1813 18 5 
 581 1004 7 
 82 2342 10 
 2090 2496 10 
 2349 2493 1 
 1631 1236 9 
 2422 1663 10 
 2009 2106 9 
 2263 2456 6 
 74 945 1 
 2065 1885 4 
 1176 2476 10 
 1186 1473 7 
 2429 610 10 
 1785 1539 5 
 2028 1607 5 
 491 2051 10 
 1942 1021 1 
 1994 216 9 
 1379 831 2 
 939 1575 8 
 716 469 9 
 1860 994 10 
 1801 2283 10 
 1402 1627 6 
 170 898 8 
 1305 206 1 
 395 137 3 
 2001 1654 1 
 1156 1107 2 
 1114 2404 9 
 628 615 4 
 807 1200 9 
 893 683 3 
 2154 1534 3 
 153 410 6 
 158 605 8 
 1304 120 1 
 1163 211 7 
 743 2205 1 
 1549 477 2 
 611 2169 2 
 216 2178 4 
 355 132 9 
 2409 2452 6 
 2390 1698 1 
 995 640 4 
 803 76 2 
 1450 380 4 
 1752 1489 8 
 794 517 3 
 2433 1309 3 
 209 2257 5 
 1371 1862 3 
 1734 1092 8 
 2488 1204 2 
 1849 974 5 
 1961 2119 7 
 1822 2062 5 
 2195 720 9 
 437 883 8 
 145 911 4 
 1043 1438 10 
 2367 1100 9 
 1455 308 7 
 825 1334 2 
 2219 2339 2 
 1311 1953 2 
 784 2241 2 
 1299 2318 3 
 2338 1486 7 
 1027 666 6 
 2199 2173 10 
 387 1677 6 
 2415 1516 3 
 2198 670 5 
 1058 1893 1 
 1089 1516 2 
 1387 1122 1 
 1682 1413 10 
 1853 1862 4 
 755 1522 7 
 318 2301 3 
 1079 1681 9 
 1973 410 6 
 1040 593 9 
 403 6 4 
 628 1899 8 
 1938 2253 5 
 477 887 7 
 689 1171 10 
 2149 1017 7 
 1982 1414 5 
 4 1716 4 
 502 640 8 
 635 2048 10 
 2184 1977 8 
 2422 2392 7 
 343 84 6 
 282 1974 5 
 1238 2067 10 
 253 395 1 
 68 2439 5 
 1946 2474 5 
 560 783 5 
 2196 608 3 
 589 976 10 
 1244 413 4 
 1584 2344 9 
 880 356 8 
 624 2358 10 
 2297 131 1 
 234 1325 6 
 532 2415 4 
 685 474 6 
 223 865 7 
 1827 808 7 
 897 236 5 
 2462 2441 9 
 639 1749 3 
 1630 2280 8 
 495 27 6 
 1239 1280 10 
 2174 2188 2 
 1119 390 7 
 893 1243 2 
 2144 2287 7 
 799 2255 7 
 1937 1956 9 
 1184 2192 1 
 1683 628 9 
 379 959 2 
 795 1861 9 
 643 3 8 
 161 2239 3 
 349 778 8 
 1323 1357 4 
 1873 451 4 
 405 914 9 
 1972 12 6 
 1656 691 3 
 2143 1104 4 
 902 897 5 
 1801 257 3 
 2118 327 1 
 1512 2332 10 
 1786 347 3 
 199 2411 3 
 1484 2265 10 
 604 390 1 
 481 1896 3 
 909 1356 9 
 670 2145 3 
 1709 277 6 
 1228 994 9 
 2083 1056 8 
 2248 462 3 
 1780 719 2 
 1898 1358 6 
 708 1994 4 
 401 532 6 
 2253 2319 2 
 1518 548 9 
 1168 642 4 
 1189 1359 6 
 63 747 7 
 2277 1407 3 
 316 532 3 
 1739 1310 5 
 1615 344 4 
 2109 1633 9 
 835 1078 8 
 990 663 4 
 2347 2093 3 
 168 892 2 
 293 1186 6 
 460 1628 5 
 1819 1832 6 
 490 558 5 
 708 582 6 
 1835 1353 7 
 660 67 8 
 12 577 2 
 2032 40 5 
 482 1071 5 
 306 1820 2 
 1506 2454 2 
 323 2309 4 
 987 1613 2 
 1252 1588 4 
 2480 1004 5 
 29 218 7 
 1497 582 5 
 1190 2227 7 
 1160 1012 7 
 2341 1682 1 
 1440 1673 2 
 300 1872 1 
 1454 1876 3 
 1716 1949 8 
 934 1867 5 
 2041 697 7 
 242 2394 4 
 363 590 10 
 400 254 2 
 1446 419 9 
 710 1247 9 
 1025 2051 6 
 1145 735 5 
 1076 62 1 
 1832 1121 1 
 104 1399 1 
 2084 1203 7 
 414 34 10 
 1957 102 6 
 1953 339 7 
 433 1128 6 
 104 295 10 
 1719 274 7 
 97 99 10 
 224 1289 9 
 1070 1103 3 
 1680 1450 4 
 682 1624 10 
 225 1082 9 
 2186 1034 8 
 523 1676 10 
 1366 2425 2 
 981 502 10 
 2043 1361 7 
 2400 1992 9 
 570 1320 9 
 241 67 8 
 1695 2292 6 
 1493 2263 3 
 2435 785 2 
 96 1761 5 
 47 1206 10 
 1677 2004 6 
 619 2405 7 
 2354 1545 1 
 1631 1616 4 
 2450 2331 9 
 537 2407 2 
 22 276 9 
 492 889 7 
 2198 2336 9 
 1455 1170 1 
 1884 1759 9 
 1716 1918 7 
 1777 2075 7 
 2043 2017 5 
 681 1262 6 
 1913 1627 2 
 172 1606 6 
 576 1168 8 
 1205 2476 3 
 1758 1348 7 
 566 1567 9 
 405 2091 6 
 1325 986 3 
 124 1457 4 
 1625 107 7 
 727 480 5 
 2329 180 8 
 1610 1978 3 
 1552 1446 2 
 2393 304 4 
 807 166 1 
 195 1108 8 
 1344 2479 8 
 1539 1753 9 
 1289 331 8 
 1485 2282 4 
 865 1259 10 
 53 1806 2 
 1019 214 5 
 1783 1544 1 
 8 1704 3 
 1401 1005 6 
 282 1573 8 
 2080 1110 1 
 1391 1490 9 
 671 202 10 
 2029 57 2 
 1054 2111 2 
 2201 1491 4 
 324 1691 5 
 41 1635 8 
 49 142 9 
 139 970 9 
 839 1922 6 
 2465 641 6 
 876 825 5 
 1176 1523 2 
 2255 575 7 
 922 573 2 
 1318 1585 2 
 391 716 3 
 1175 2261 10 
 1116 1665 10 
 1988 1331 5 
 159 1380 8 
 1568 1905 6 
 1201 265 10 
 2487 1388 4 
 8 2141 6 
 949 1850 3 
 1398 549 6 
 795 978 7 
 837 35 9 
 2021 1678 10 
 570 2444 1 
 704 1332 1 
 2180 67 3 
 1684 1028 4 
 1317 574 7 
 399 1569 4 
 2249 2224 7 
 1367 2025 3 
 1309 1811 1 
 2150 773 2 
 63 1263 8 
 1823 1572 6 
 612 852 5 
 53 1087 7 
 1813 947 7 
 2074 1193 5 
 1592 1790 8 
 1093 2357 2 
 2433 567 9 
 2320 2256 3 
 2185 775 7 
 7 1188 6 
 1697 2355 4 
 1492 1227 1 
 1537 2141 3 
 138 1215 7 
 1105 557 9 
 1726 211 9 
 1164 2246 5 
 1092 1075 1 
 1392 467 5 
 315 1171 2 
 536 1167 5 
 700 2392 6 
 622 1727 2 
 591 469 5 
 1042 445 4 
 1556 1745 7 
 292 2011 1 
 1534 272 6 
 1822 264 2 
 1628 811 2 
 1802 1407 10 
 1577 866 6 
 683 140 4 
 45 2176 2 
 2217 656 9 
 165 1436 6 
 795 1117 7 
 552 1451 6 
 990 1782 5 
 675 1938 4 
 902 2307 2 
 224 1593 5 
 2312 1481 7 
 1903 674 1 
 1937 457 6 
 2437 1634 3 
 1335 1885 8 
 943 2014 5 
 2218 1199 6 
 506 2220 8 
 2183 1764 9 
 447 2162 2 
 130 2014 1 
 1913 183 8 
 243 384 7 
 696 1344 8 
 248 642 10 
 1027 498 7 
 749 1820 5 
 1409 1279 9 
 1913 2333 8 
 2023 697 4 
 711 2302 10 
 555 2451 6 
 2002 338 10 
 989 1014 8 
 2433 446 9 
 1276 1501 1 
 1985 956 3 
 475 1033 3 
 1231 782 9 
 514 2461 1 
 369 2302 7 
 1046 778 1 
 1501 1130 8 
 1785 90 5 
 286 653 8 
 1591 46 8 
 744 2278 4 
 460 634 9 
 682 1888 10 
 1994 335 8 
 346 1885 3 
 665 2177 6 
 1255 1858 5 
 1201 1878 4 
 733 3 5 
 1398 2204 9 
 2463 718 6 
 2232 1818 10 
 1059 808 6 
 214 1685 6 
 177 2206 7 
 683 1863 2 
 1469 2002 10 
 610 2300 4 
 895 33 3 
 2037 2251 2 
 1800 1140 5 
 1407 1661 5 
 1286 499 7 
 1452 256 2 
 1478 1589 3 
 770 1474 7 
 769 147 7 
 2131 1874 6 
 2327 1450 2 
 1175 2079 6 
 647 1041 9 
 2396 1620 9 
 702 415 2 
 337 2185 3 
 1578 242 5 
 339 1196 4 
 326 1682 7 
 265 526 6 
 944 1482 2 
 1477 1377 4 
 552 2416 6 
 962 1907 2 
 1462 31 2 
 382 1958 1 
 535 989 6 
 637 1193 4 
 1755 1593 5 
 344 176 10 
 147 412 2 
 319 1320 6 
 1170 2419 4 
 2072 307 4 
 387 1857 6 
 1716 2412 10 
 723 2121 7 
 1343 1525 3 
 2421 2245 2 
 1433 741 5 
 2283 1037 5 
 393 2046 8 
 2237 1167 9 
 2208 119 10 
 2050 1095 9 
 2019 336 9 
 1036 1916 4 
 1501 936 8 
 2355 1986 5 
 2212 1380 9 
 1770 1779 6 
 60 787 10 
 1187 2071 4 
 175 1369 2 
 520 541 1 
 1717 1052 10 
 208 2062 2 
 55 2181 10 
 1221 942 10 
 1040 1283 10 
 1830 1503 5 
 2312 1547 1 
 799 2012 3 
 1658 709 6 
 1334 2097 2 
 1869 1072 6 
 129 15 4 
 785 679 8 
 1844 192 5 
 1255 196 10 
 1211 1052 2 
 73 2408 1 
 1736 962 2 
 781 1447 1 
 2 529 1 
 1271 1032 5 
 1629 434 3 
 1164 127 7 
 111 1768 4 
 1111 511 5 
 668 570 2 
 600 1160 4 
 912 551 9 
 2402 1386 4 
 1562 2393 2 
 235 1789 3 
 1988 2000 3 
 96 329 4 
 2106 1971 6 
 1476 1035 2 
 1742 1776 6 
 714 97 6 
 670 1218 6 
 1520 797 2 
 689 1439 7 
 99 1240 7 
 2455 1967 8 
 1183 2094 1 
 466 809 1 
 2275 2382 8 
 2275 638 6 
 1950 2379 1 
 1465 1533 8 
 1770 171 7 
 2027 1712 9 
 1313 1321 3 
 1243 1051 9 
 1384 2415 10 
 1227 1996 10 
 1113 451 7 
 1760 208 1 
 1586 1420 5 
 2143 1341 5 
 1396 1768 2 
 2216 2063 3 
 476 1542 2 
 613 826 8 
 1342 127 1 
 1791 526 5 
 932 1339 2 
 2077 2399 5 
 606 424 6 
 420 789 8 
 2012 453 9 
 496 2431 3 
 1165 726 7 
 1270 256 5 
 1066 1926 4 
 146 2406 5 
 2112 400 10 
 1524 610 2 
 192 332 10 
 843 292 8 
 963 1638 4 
 1098 2431 6 
 2295 1123 5 
 1301 1397 5 
 1665 2127 7 
 137 2099 8 
 880 1951 3 
 1662 2194 3 
 1129 1844 3 
 689 1241 10 
 2384 555 8 
 1036 372 6 
 825 1112 2 
 1181 1740 1 
 334 904 2 
 780 280 2 
 2095 640 3 
 204 1381 2 
 337 966 2 
 1837 2422 10 
 2488 440 10 
 38 1317 8 
 758 2263 7 
 1762 2391 10 
 536 1024 3 
 980 910 5 
 2171 1416 4 
 1360 1344 5 
 599 1918 7 
 1055 932 5 
 1219 2266 5 
 1232 1871 4 
 1472 1745 2 
 1534 1432 4 
 2462 112 7 
 1485 364 3 
 2046 134 5 
 2147 1618 4 
 160 2199 9 
 1888 317 6 
 1292 2269 8 
 1193 232 9 
 754 319 4 
 2300 1964 2 
 1183 1083 3 
 1197 971 2 
 2274 708 8 
 1274 586 6 
 798 58 6 
 113 1358 4 
 1009 2344 2 
 1807 611 8 
 310 1971 8 
 877 292 8 
 991 1511 4 
 2258 1738 9 
 2200 1696 9 
 912 2215 6 
 611 1047 1 
 150 504 3 
 11 1133 9 
 1619 1696 6 
 866 1666 2 
 1421 160 8 
 915 2002 2 
 2361 1356 6 
 1976 3 9 
 521 21 10 
 1207 934 3 
 1287 131 8 
 890 558 1 
 1250 1321 4 
 686 179 6 
 574 1498 9 
 1396 1008 1 
 452 2164 7 
 374 733 4 
 1982 1851 1 
 1793 341 7 
 2184 83 3 
 61 929 9 
 1097 1422 5 
 1282 755 2 
 1260 1933 2 
 1824 1353 3 
 1073 78 9 
 1253 1193 8 
 223 1264 9 
 1383 900 8 
 293 1829 2 
 786 1431 5 
 2463 695 6 
 636 499 1 
 772 870 3 
 589 1536 4 
 2466 32 7 
 279 1850 6 
 1325 1596 5 
 1087 368 7 
 672 679 5 
 456 1501 10 
 2153 1164 3 
 1026 926 5 
 2031 1415 10 
 95 1270 7 
 1691 2369 5 
 2202 942 5 
 1443 1413 2 
 441 1416 2 
 1671 2228 6 
 2064 2148 8 
 2079 1980 9 
 1293 302 4 
 436 336 6 
 2285 338 10 
 1777 796 1 
 334 117 8 
 601 68 8 
 1357 694 4 
 288 551 6 
 1730 2174 10 
 212 1802 6 
 2413 16 6 
 1548 18 10 
 1106 1248 9 
 848 1524 5 
 1006 2044 9 
 2086 568 9 
 1532 150 1 
 1617 713 2 
 2437 2385 4 
 2316 61 1 
 653 1941 1 
 602 2237 10 
 295 1295 3 
 1789 1395 9 
 603 768 5 
 2010 1449 10 
 817 2463 9 
 654 843 10 
 615 375 4 
 632 1404 8 
 2456 690 4 
 2423 1750 1 
 1121 1622 7 
 1046 1500 3 
 977 295 9 
 637 233 5 
 1587 1627 9 
 1131 2222 9 
 846 2356 6 
 821 1721 2 
 527 2218 10 
 791 198 9 
 1234 619 2 
 949 2114 10 
 1578 1423 4 
 954 1782 3 
 1668 2356 2 
 518 980 8 
 1636 2354 5 
 1224 626 10 
 4 818 1 
 389 1549 8 
 230 1070 4 
 95 2135 1 
 382 736 6 
 790 1105 2 
 1641 499 7 
 1848 679 1 
 931 2219 3 
 227 329 6 
 1887 2246 7 
 1748 1107 10 
 418 120 8 
 1094 740 5 
 1984 128 4 
 1340 350 5 
 982 2289 6 
 1836 15 9 
 1004 1765 2 
 333 803 3 
 1127 2186 8 
 1060 432 4 
 2053 499 7 
 2402 1277 5 
 1830 2417 8 
 438 2332 9 
 631 1756 4 
 1099 2201 6 
 273 2013 4 
 2120 2325 3 
 1901 934 9 
 175 997 7 
 228 2439 1 
 259 926 7 
 2210 343 3 
 1067 2300 2 
 861 256 6 
 2232 2030 2 
 1891 1630 7 
 384 244 9 
 958 1324 9 
 849 2024 10 
 956 1637 7 
 2302 2234 8 
 804 2052 4 
 1232 2351 4 
 399 2259 5 
 146 2432 10 
 539 787 3 
 868 1249 3 
 736 23 9 
 1654 1579 8 
 2499 966 1 
 1257 237 1 
 1948 785 8 
 472 1218 9 
 320 546 5 
 1736 1699 10 
 1647 1774 10 
 738 2372 5 
 583 654 7 
 1775 2262 1 
 1657 1742 4 
 2115 2419 5 
 1941 1969 4 
 342 817 10 
 1594 755 1 
 352 1334 4 
 2365 843 8 
 2410 1448 7 
 2393 2236 10 
 428 1714 10 
 373 1624 2 
 2012 298 2 
 2263 184 3 
 1782 882 7 
 296 1354 9 
 400 661 1 
 1125 1401 6 
 1210 1875 7 
 1202 2392 5 
 1109 2425 8 
 144 1067 3 
 2229 2135 9 
 523 1601 10 
 14 1088 4 
 1995 304 9 
 2290 817 6 
 774 977 8 
 1853 322 4 
 2073 1758 10 
 260 1290 1 
 919 2006 8 
 1226 669 6 
 819 884 3 
 1546 520 1 
 560 303 9 
 1216 423 10 
 1875 1045 10 
 2247 1498 4 
 2376 465 6 
 1010 1166 7 
 1892 520 2 
 119 1852 7 
 965 1661 6 
 1729 727 3 
 527 1702 1 
 1472 1879 2 
 2108 1166 4 
 1625 2335 9 
 1001 916 8 
 2478 1452 8 
 411 1524 7 
 2316 907 1 
 2215 2303 2 
 592 274 6 
 2015 2282 8 
 1517 1343 9 
 1296 2243 3 
 2147 2128 3 
 2051 725 8 
 1420 901 1 
 1107 1135 10 
 1091 1044 6 
 763 2157 1 
 1947 346 10 
 2211 2099 10 
 1194 1588 7 
 659 2169 4 
 2347 2163 7 
 1418 139 6 
 507 1083 10 
 338 162 6 
 1895 1961 1 
 2346 2144 4 
 1405 998 9 
 674 1509 5 
 1598 1257 5 
 2183 1649 8 
 1813 1810 8 
 756 859 8 
 616 1076 2 
 2284 2313 10 
 740 110 5 
 948 582 9 
 1307 299 6 
 2100 2191 8 
 2348 1585 3 
 559 345 6 
 578 2095 7 
 63 246 6 
 2321 330 6 
 2447 2027 3 
 31 2314 4 
 1564 1662 3 
 2368 1243 10 
 952 491 3 
 606 2324 6 
 964 2201 9 
 1989 687 6 
 1784 1612 6 
 2260 1841 3 
 1284 539 4 
 44 1230 8 
 1690 1161 2 
 2230 1265 2 
 1226 149 7 
 2071 2370 3 
 1564 383 9 
 31 2008 8 
 1720 891 9 
 1398 813 2 
 1294 1630 9 
 392 395 1 
 806 1432 1 
 433 1159 3 
 463 442 4 
 1954 2270 4 
 521 2281 9 
 890 1023 10 
 2208 2126 2 
 1235 1644 5 
 248 185 2 
 1317 1020 6 
 1511 10 7 
 2391 1965 8 
 814 889 10 
 941 394 4 
 1518 2359 9 
 370 2252 8 
 802 1258 7 
 818 1722 6 
 221 866 4 
 2475 651 7 
 595 1396 10 
 1814 717 1 
 2125 957 7 
 1710 2020 1 
 217 659 3 
 1856 2033 4 
 284 951 9 
 1645 46 9 
 1818 2364 2 
 570 858 8 
 494 193 4 
 1688 781 8 
 2229 1897 1 
 2258 2345 7 
 2304 26 1 
 737 941 7 
 540 315 9 
 1030 1421 1 
 993 1277 8 
 1447 122 10 
 43 312 4 
 99 564 4 
 2060 1864 8 
 245 496 3 
 497 367 9 
 1471 922 4 
 2160 2188 8 
 559 1269 6 
 1846 145 6 
 2462 287 9 
 1361 1915 8 
 688 507 7 
 71 758 2 
 1673 960 8 
 432 2047 7 
 1419 895 7 
 599 1600 2 
 668 2187 2 
 814 1788 3 
 636 354 8 
 488 955 8 
 919 239 7 
 1459 871 9 
 214 2305 7 
 687 2486 10 
 1038 785 4 
 1840 1505 5 
 1049 604 6 
 2273 691 4 
 535 1000 3 
 630 907 2 
 2479 365 4 
 1878 270 10 
 1187 933 9 
 61 52 10 
 2006 1362 5 
 239 297 1 
 44 1826 6 
 2298 1007 10 
 406 1541 1 
 1963 2009 4 
 1665 851 9 
 1923 1112 8 
 1764 1467 3 
 1233 1473 2 
 2244 540 5 
 1494 1810 5 
 470 1169 3 
 927 237 6 
 2323 1774 7 
 114 628 9 
 1281 1327 5 
 513 1419 1 
 1983 1671 7 
 1468 464 8 
 1743 2336 4 
 254 2034 1 
 1186 853 2 
 1198 1291 4 
 2277 657 6 
 620 1957 2 
 2320 152 8 
 1646 216 2 
 805 362 4 
 376 680 8 
 1780 377 7 
 1954 2175 7 
 2396 542 10 
 2489 1050 10 
 1746 1997 10 
 417 1099 1 
 422 412 1 
 937 2029 7 
 1723 1746 7 
 1649 850 7 
 2228 359 1 
 1515 370 7 
 976 1444 8 
 965 136 4 
 706 1397 3 
 885 1885 3 
 194 181 3 
 378 89 3 
 808 121 4 
 356 1368 2 
 502 1185 1 
 2078 208 1 
 1162 283 6 
 1642 311 6 
 1793 2374 8 
 1914 135 8 
 220 1335 8 
 1255 652 3 
 1928 610 3 
 25 598 3 
 528 456 1 
 1093 2322 8 
 1713 2323 8 
 1827 830 7 
 928 1890 1 
 238 677 3 
 2380 1471 10 
 2259 1528 10 
 687 1499 4 
 2044 985 8 
 1237 903 8 
 950 1881 10 
 1266 1576 10 
 1075 1400 1 
 1766 413 10 
 206 999 4 
 2207 702 10 
 1195 1124 1 
 420 2294 10 
 810 1014 8 
 1551 182 10 
 655 2003 4 
 116 2022 4 
 1698 1090 10 
 324 1212 1 
 855 975 5 
 1655 497 10 
 1261 1228 8 
 442 1733 10 
 1297 410 2 
 2159 95 5 
 916 627 2 
 1931 1410 5 
 208 1157 1 
 1548 500 3 
 571 393 7 
 2005 1442 3 
 1735 1914 3 
 645 1451 6 
 300 692 7 
 2117 2219 3 
 547 1937 10 
 225 461 4 
 505 1175 2 
 1451 2428 3 
 825 30 9 
 227 118 1 
 2016 1599 8 
 1803 327 10 
 105 2388 2 
 667 2461 7 
 1923 996 4 
 388 1073 4 
 1918 2426 3 
 953 552 1 
 1445 915 9 
 1825 905 6 
 1877 1609 10 
 1419 2132 5 
 2165 1801 6 
 1701 1393 2 
 1373 1427 4 
 2215 1146 2 
 1464 996 3 
 1570 1612 2 
 111 1330 3 
 1031 22 1 
 2286 1792 6 
 1531 1535 3 
 2268 86 3 
 479 2164 1 
 850 1694 5 
 2450 1003 10 
 1632 318 6 
 58 2104 1 
 1711 549 10 
 610 2377 10 
 1443 1149 2 
 134 764 5 
 1670 121 7 
 777 2182 2 
 790 2107 7 
 1925 1800 5 
 1085 1081 7 
 2240 66 9 
 1778 984 5 
 1695 1597 10 
 427 468 3 
 1540 2182 10 
 2468 1987 8 
 627 2226 6 
 1458 1031 1 
 2060 2403 1 
 1108 1316 3 
 1781 1402 7 
 1551 2371 4 
 999 1326 3 
 2458 1248 9 
 704 881 10 
 842 1431 4 
 399 2288 8 
 2491 334 6 
 746 81 5 
 588 629 10 
 576 2213 4 
 1763 1209 10 
 403 226 9 
 1917 97 9 
 840 402 10 
 472 2395 6 
 664 533 7 
 1345 265 4 
 125 2485 5 
 500 2054 5 
 812 2242 5 
 1590 1922 9 
 2367 2098 6 
 1921 1736 1 
 972 1615 4 
 258 1457 5 
 158 646 4 
 39 1447 4 
 1511 1029 3 
 1686 711 3 
 1945 1844 10 
 567 1530 5 
 1966 414 9 
 2018 1209 6 
 658 2151 6 
 1639 2387 1 
 994 353 4 
 2062 847 4 
 2103 813 9 
 2443 1747 7 
 1049 2497 6 
 1761 1102 1 
 2067 450 7 
 2496 525 7 
 926 545 6 
 1248 860 4 
 1529 13 3 
 1926 2122 6 
 2312 1365 4 
 379 973 1 
 834 602 9 
 1550 9 10 
 1817 737 2 
 590 2045 3 
 2189 7 6 
 2024 512 9 
 609 684 5 
 1510 247 6 
 674 1208 9 
 304 1771 6 
 1897 275 10 
 1806 1174 3 
 676 1556 10 
 782 1015 4 
 1680 759 7 
 575 722 8 
 1053 1743 3 
 1842 1821 7 
 1388 1403 5 
 1231 875 6 
 881 222 1 
 650 1050 10 
 2457 1522 6 
 906 2137 7 
 489 2198 6 
 1389 1547 7 
 646 698 5 
 2469 2276 5 
 197 967 1 
 1866 730 2 
 731 970 1 
 1098 1374 1 
 490 2446 4 
 1495 1514 10 
 365 1902 5 
 665 1507 2 
 510 983 5 
 1179 1574 4 
 905 2267 5 
 1855 2205 8 
 1417 514 1 
 151 441 7 
 386 1243 1 
 1312 1105 8 
 8 485 7 
 2412 2209 2 
 888 1424 10 
 1077 1426 2 
 373 793 9 
 1533 2424 4 
 1213 1674 8 
 203 1933 5 
 1346 2014 6 
 544 2281 3 
 294 856 8 
 2084 988 3 
 275 1526 4 
 2377 493 3 
 5 1479 5 
 673 2329 9 
 2085 2440 8 
 364 2373 4 
 443 1787 9 
 608 752 7 
 1505 1831 8 
 313 406 8 
 667 1519 5 
 83 788 3 
 2287 1378 5 
 1074 942 3 
 618 1601 10 
 173 1216 3 
 2107 969 10 
 1047 748 4 
 1604 370 7 
 809 156 10 
 1732 351 5 
 1228 72 3 
 17 2277 6 
 1787 2495 6 
 1970 1278 10 
 1930 1104 1 
 2229 1143 8 
 800 890 3 
 1498 1911 2 
 2101 1609 9 
 1804 1838 2 
 1242 2462 5 
 468 2467 4 
 1906 838 1 
 1300 2088 2 
 1981 1428 1 
 397 1747 5 
 1856 435 3 
 1132 1657 1 
 145 1370 9 
 815 2353 1 
 2447 381 3 
 1314 1795 4 
 940 1974 6 
 1051 1 9 
 1315 833 2 
 1096 1350 2 
 816 1753 7 
 1559 211 2 
 2253 832 8 
 604 2087 5 
 48 2129 4 
 2124 91 10 
 1857 205 8 
 946 1505 3 
 716 1394 2 
 1319 1816 1 
 281 439 6 
 1039 1265 8 
 1693 1877 7 
 863 1128 6 
 1828 492 9 
 1965 896 10 
 1754 368 9 
 703 2408 8 
 1492 1751 3 
 1485 301 10 
 37 1434 6 
 2296 899 10 
 1870 837 5 
 55 252 3 
 1153 1650 5 
 867 1553 10 
 1485 70 3 
 924 2375 5 
 141 2334 6 
 81 2434 10 
 2139 24 5 
 2376 1724 1 
 1437 2277 6 
 361 1867 7 
 835 913 1 
 1920 1841 10 
 1757 1952 5 
 1672 1965 8 
 262 777 10 
 2460 2476 3 
 148 1475 3 
 557 1812 7 
 923 538 4 
 1037 524 7 
 407 1880 7 
 1026 2340 6 
 250 1602 8 
 693 789 1 
 2105 2444 5 
 1991 87 7 
 750 1768 6 
 2179 1183 1 
 1965 2366 6 
 1870 572 9 
 2152 1959 6 
 211 1251 9 
 1378 1940 5 
 1191 2327 7 
 1529 321 1 
 1061 1962 7 
 2076 1270 2 
 186 1674 3 
 1502 604 4 
 323 992 10 
 210 1261 2 
 1854 185 9 
 1797 2401 4 
 1398 478 4 
 2200 753 9 
 1265 1463 6 
 953 879 6 
 291 1100 3 
 39 426 3 
 1735 431 5 
 355 1904 2 
 674 385 8 
 1414 1543 6 
 1219 2102 2 
 1108 2070 9 
 469 2238 6 
 755 20 7 
 908 1682 5 
 13 862 7 
 271 1890 5 
 34 1566 6 
 515 715 9 
 978 1180 7 
 417 1561 1 
 1731 1382 5 
 1808 1627 7 
 269 471 8 
 1729 1883 9 
 99 1725 10 
 729 2418 6 
 845 383 4 
 358 804 4 
 1565 157 1 
 1256 1361 3 
 345 765 6 
 1903 2223 7 
 215 493 10 
 148 761 2 
 699 834 10 
 1838 314 9 
 309 425 7 
 829 808 6 
 1335 1809 10 
 1983 742 10 
 1223 1180 2 
 707 1973 8 
 444 2023 7 
 2477 2092 7 
 2081 781 6 
 200 390 10 
 2197 1151 9 
 1268 143 9 
 2082 538 4 
 1072 2166 3 
 555 1453 7 
 2254 1897 6 
 2239 1623 5 
 628 88 2 
 2281 2061 9 
 1935 2008 4 
 705 1946 1 
 1869 487 1 
 1791 1062 7 
 1605 2081 6 
 1558 808 4 
 79 1945 3 
 1583 1956 9 
 2473 486 4 
 2480 1934 2 
 667 93 1 
 1912 1534 9 
 1174 2167 8 
 714 1178 9 
 614 1472 4 
 92 920 4 
 189 1762 7 
 2221 2089 5 
 264 1011 4 
 517 822 3 
 1841 1582 5 
 2161 1710 6 
 1147 747 9 
 2140 760 3 
 473 1623 3 
 2237 2464 3 
 1741 2266 3 
 1936 2188 5 
 541 864 3 
 201 2170 7 
 1136 2225 5 
 2049 1824 1 
 989 2138 2 
 486 1182 5 
 2337 487 8 
 503 2122 3 
 1588 1659 4 
 1769 376 7 
 1639 1706 7 
 1866 1376 9 
 581 1796 8 
 509 2190 4 
 1201 1554 7 
 1863 1018 1 
 921 1661 6 
 1908 1549 2 
 755 2492 3 
 2026 262 10 
 475 1798 8 
 1711 2172 6 
 1676 2193 3 
 115 1448 1 
 5 272 4 
 81 1318 4 
 461 1242 9 
 1659 2285 7 
 2149 337 2 
 249 1590 8 
 1155 237 1 
 14 482 5 
 2345 1366 6 
 760 1208 8 
 1780 492 1 
 155 18 2 
 2004 1640 2 
 2239 1888 8 
 2184 656 6 
 1264 492 10 
 1639 1866 10 
 1432 1190 4 
 1966 1603 7 
 2277 1185 5 
 97 2363 8 
 2086 1083 1 
 708 123 6 
 1239 826 2 
 1937 1943 4 
 1071 1895 10 
 2119 1294 9 
 2414 491 5 
 452 84 6 
 2314 1870 4 
 1678 1343 2 
 2333 278 4 
 1342 304 6 
 541 862 10 
 773 1720 5 
 2345 1582 7 
 1606 2261 9 
 1822 140 3 
 2161 1423 8 
 610 2478 10 
 2005 165 3 
 143 1481 10 
 1938 1101 1 
 46 829 9 
 597 2182 4 
 1160 1823 8 
 2353 261 9 
 1854 129 6 
 1844 796 4 
 1695 159 5 
 596 2263 3 
 177 1444 3 
 2072 717 7 
 436 498 10 
 1730 936 8 
 146 934 1 
 416 1631 5 
 1502 1900 9 
 2394 862 9 
 1286 1144 5 
 1585 73 1 
 1144 918 9 
 1716 23 1 
 584 754 7 
 949 2256 2 
 255 2017 6 
 459 859 5 
 785 1979 10 
 557 1618 9 
 1187 32 8 
 67 2268 2 
 726 118 7 
 350 1953 2 
 2099 1968 5 
 1284 2102 3 
 1245 1637 9 
 1673 2180 4 
 1852 1298 7 
 1319 2177 1 
 2478 1073 5 
 1701 1875 4 
 419 502 3 
 893 1245 8 
 733 1586 10 
 33 2241 10 
 1551 130 9 
 2128 2209 4 
 2238 39 3 
 1724 1444 3 
 2203 2207 9 
 2153 201 9 
 539 1231 3 
 2270 2408 1 
 1290 677 7 
 82 1006 2 
 2347 1330 5 
 1478 599 7 
 1284 1824 2 
 1510 790 7 
 899 1429 2 
 545 1667 6 
 1000 1792 6 
 2169 360 1 
 1148 309 10 
 2175 1119 2 
 719 1766 3 
 1185 346 3 
 1618 172 3 
 847 2037 3 
 1623 541 9 
 1984 1464 5 
 2290 2257 5 
 1904 957 3 
 1083 2165 4 
 904 639 4 
 2353 486 1 
 320 1974 6 
 152 2363 3 
 461 1916 8 
 1306 490 7 
 768 206 5 
 2078 2464 4 
 1622 1684 9 
 1737 744 8 
 1512 113 7 
 1223 639 9 
 957 2392 10 
 1451 2474 7 
 1521 1175 6 
 1996 1081 5 
 2378 246 4 
 532 433 6 
 2365 1792 4 
 1766 2310 8 
 834 966 6 
 1298 751 8 
 93 357 8 
 806 4 7 
 407 170 1 
 1511 160 5 
 2016 677 4 
 2254 413 4 
 856 1126 4 
 1180 1392 3 
 606 2035 9 
 402 1787 9 
 1452 542 1 
 419 705 3 
 1592 1779 3 
 1620 1476 5 
 654 1701 2 
 1687 1307 7 
 2419 1755 2 
 2430 2399 7 
 1814 623 7 
 512 2252 1 
 1005 143 6 
 584 533 9 
 832 652 4 
 173 2316 1 
 71 407 1 
 2464 2102 5 
 1156 3 2 
 414 1594 4 
 16 1605 2 
 2265 1696 6 
 2314 2419 1 
 440 1620 1 
 561 1321 3 
 1840 636 2 
 259 993 5 
 1342 2065 5 
 1794 637 8 
 2264 214 7 
 1484 428 2 
 1651 485 3 
 1343 917 8 
 2424 2350 3 
 1051 376 8 
 95 729 10 
 51 488 7 
 166 215 2 
 370 2197 6 
 2377 342 7 
 1629 699 10 
 239 1634 6 
 2038 1862 1 
 1131 2439 10 
 1451 140 3 
 830 958 3 
 2119 2010 7 
 2156 782 5 
 1647 2187 8 
 998 1505 7 
 989 1317 9 
 2062 791 3 
 953 882 1 
 1736 808 1 
 904 126 6 
 958 1966 4 
 1827 1732 9 
 1826 1024 8 
 714 1661 2 
 1903 1692 1 
 1487 230 9 
 2196 2406 5 
 1991 606 4 
 1528 2329 5 
 1607 1590 9 
 1247 365 5 
 557 704 1 
 570 1315 8 
 955 2363 3 
 1273 2020 8 
 2217 1980 5 
 721 1173 3 
 455 2114 2 
 1327 789 1 
 878 636 9 
 1263 1509 2 
 1433 2259 5 
 1391 944 3 
 855 1214 5 
 1144 2198 1 
 2073 2473 9 
 1810 548 10 
 208 2375 5 
 2124 2438 7 
 114 303 4 
 1312 1941 10 
 963 1713 9 
 1205 847 6 
 1289 1417 3 
 1023 1813 7 
 9 1557 1 
 2342 1628 6 
 1602 283 7 
 395 1749 3 
 1701 444 5 
 2474 472 2 
 2093 287 3 
 2381 600 8 
 37 560 2 
 760 927 10 
 1425 1383 1 
 886 1425 1 
 315 157 1 
 669 2226 10 
 1999 188 1 
 901 1371 4 
 661 178 1 
 1945 431 6 
 1317 1561 2 
 1336 2416 1 
 1009 188 9 
 539 1367 3 
 2438 1572 5 
 1314 498 10 
 2188 252 4 
 677 1358 7 
 242 530 5 
 2221 177 6 
 1775 809 7 
 423 686 7 
 2265 2307 1 
 556 593 10 
 214 965 9 
 855 544 5 
 1400 443 1 
 1804 1351 7 
 1881 1747 3 
 1834 161 8 
 1606 2245 10 
 236 846 10 
 369 286 5 
 1444 283 3 
 2031 1345 2 
 1363 112 8 
 2214 88 4 
 608 614 8 
 1265 810 1 
 1487 1961 9 
 390 1088 1 
 235 1039 4 
 2205 1477 1 
 1541 1577 5 
 401 1564 7 
 1282 635 2 
 1203 1626 8 
 554 544 5 
 2441 876 1 
 958 1248 3 
 1004 2087 6 
 741 404 5 
 269 1950 2 
 727 355 9 
 184 2368 4 
 910 1851 3 
 1290 695 5 
 563 348 3 
 988 46 10 
 2264 632 2 
 575 2188 6 
 302 269 8 
 130 1162 7 
 1741 1723 2 
 2072 2373 9 
 1352 1000 5 
 2178 1790 10 
 1688 1142 3 
 1162 1733 8 
 759 716 2 
 427 607 8 
 734 685 7 
 2158 2465 7 
 2069 1487 5 
 2410 1350 2 
 2374 2205 2 
 706 2101 9 
 546 418 2 
 1982 1784 3 
 1270 743 9 
 424 1999 7 
 554 2252 8 
 1883 1077 3 
 2410 2498 8 
 1587 1628 8 
 1171 485 10 
 683 990 6 
 312 710 7 
 1109 962 5 
 588 1187 1 
 944 1072 1 
 823 201 1 
 1542 546 8 
 395 1185 9 
 69 1344 2 
 1104 1522 8 
 1352 314 2 
 2191 841 7 
 1774 2249 6 
 1932 1338 3 
 1223 144 6 
 148 2470 3 
 1012 2422 5 
 1618 1468 5 
 1040 2285 4 
 307 2049 5 
 1489 1032 7 
 1877 863 6 
 1572 985 4 
 1257 722 1 
 1987 1080 7 
 593 13 10 
 1086 1680 10 
 1526 136 3 
 1374 709 3 
 500 2166 2 
 7 466 10 
 1370 1001 8 
 2123 809 6 
 485 461 7 
 1461 2026 10 
 2323 1799 2 
 1986 654 4 
 52 1152 2 
 2296 1819 4 
 765 1195 4 
 640 52 8 
 695 1090 8 
 887 467 9 
 129 561 9 
 1691 2304 5 
 1982 1839 9 
 250 77 5 
 641 1902 4 
 497 2237 6 
 10 1590 1 
 958 2049 5 
 478 1276 10 
 1799 68 5 
 1966 1521 5 
 1338 508 8 
 2430 1123 1 
 1132 1497 8 
 1873 1656 8 
 1132 2274 1 
 1983 2057 5 
 2458 1146 3 
 1243 2454 8 
 211 1528 4 
 2205 889 10 
 22 984 6 
 2299 1378 3 
 33 1589 6 
 903 221 9 
 2184 667 3 
 1872 1266 5 
 1248 2221 6 
 1319 1332 5 
 443 43 7 
 570 1249 3 
 329 1914 9 
 1208 2362 5 
 511 2478 4 
 2024 1817 6 
 710 1748 5 
 561 1378 2 
 818 50 3 
 2142 522 1 
 1527 682 4 
 1720 3 3 
 103 1439 7 
 131 2100 7 
 1845 1640 6 
 333 1739 2 
 1804 1232 8 
 1643 1430 1 
 16 2422 5 
 1606 1443 9 
 1875 178 8 
 820 924 8 
 1412 2261 7 
 1094 184 9 
 890 1912 4 
 1293 830 7 
 870 1445 10 
 1859 2347 4 
 1700 1888 9 
 1380 634 8 
 1449 1570 2 
 1661 1203 9 
 683 2302 10 
 1623 262 7 
 1537 1845 9 
 719 2439 6 
 66 938 9 
 2278 354 10 
 854 214 7 
 361 2078 9 
 1299 2186 3 
 1947 51 3 
 873 190 3 
 411 706 5 
 1707 2379 9 
 1650 416 10 
 2361 1970 5 
 460 163 7 
 1799 655 9 
 213 648 8 
 664 2065 4 
 1103 1967 1 
 677 2215 10 
 1603 2489 5 
 1831 71 8 
 1825 1686 6 
 494 1396 8 
 585 2174 8 
 801 900 3 
 484 835 2 
 79 215 2 
 1197 1691 10 
 934 547 8 
 359 793 6 
 1569 1480 2 
 2372 1329 8 
 1039 1434 8 
 1505 137 1 
 2261 1019 6 
 2002 1489 2 
 1247 890 8 
 381 1205 8 
 988 58 1 
 786 699 10 
 1932 575 8 
 1501 2212 7 
 2145 2265 10 
 2304 2056 2 
 96 1044 10 
 333 1890 2 
 421 960 1 
 899 1829 8 
 2422 446 5 
 630 632 8 
 1075 592 10 
 158 414 9 
 1019 1530 3 
 1476 2406 5 
 1525 2249 1 
 1165 2446 2 
 1856 1935 9 
 1377 1869 6 
 1069 2474 7 
 1307 1165 6 
 2167 348 10 
 31 747 2 
 1863 1514 5 
 1878 130 5 
 2212 2235 4 
 1226 1205 6 
 2195 2075 9 
 245 2426 8 
 1645 1201 1 
 663 1415 1 
 414 379 5 
 2055 1927 8 
 2219 1514 10 
 37 2263 7 
 1395 70 4 
 1607 152 10 
 2329 572 2 
 623 1704 1 
 243 519 5 
 381 1880 9 
 1224 2135 5 
 2138 2444 3 
 2074 706 6 
 2004 480 9 
 39 218 6 
 1889 2232 4 
 685 1351 7 
 2070 1328 10 
 2149 1136 8 
 698 2271 7 
 2488 1780 6 
 1921 1438 2 
 593 2211 3 
 744 1131 5 
 1603 1455 6 
 1298 2401 9 
 2196 576 5 
 1060 151 6 
 58 1143 8 
 862 2406 3 
 724 859 4 
 349 2476 4 
 247 1806 4 
 680 1129 1 
 2084 786 1 
 383 423 8 
 636 1394 10 
 1540 2077 1 
 128 2033 8 
 2088 1053 9 
 2038 1422 1 
 196 316 4 
 1999 1057 8 
 673 1698 4 
 1400 1465 3 
 632 818 2 
 1997 696 7 
 725 2329 8 
 185 148 9 
 438 1419 2 
 240 881 8 
 1102 1963 4 
 1123 2477 6 
 1834 1323 3 
 2282 1828 9 
 1745 1158 5 
 488 1477 2 
 1567 1551 2 
 1036 2469 2 
 848 1700 5 
 1833 430 4 
 1782 2242 3 
 1159 785 2 
 1634 151 2 
 1888 545 5 
 2484 1420 9 
 1432 1961 6 
 636 1348 6 
 1548 63 7 
 789 556 2 
 1175 1645 1 
 833 1394 3 
 365 1220 10 
 1867 28 3 
 794 22 3 
 2130 2362 3 
 1208 60 1 
 781 2397 5 
 418 1112 8 
 2086 757 2 
 1158 1598 9 
 1455 2286 6 
 480 2283 3 
 1888 1785 9 
 178 2147 2 
 2300 1258 8 
 682 1148 1 
 1504 2406 10 
 1926 1599 4 
 2219 1321 7 
 542 1521 2 
 690 1354 8 
 1272 618 3 
 1043 2023 10 
 60 651 1 
 805 2309 9 
 2459 2386 6 
 951 700 1 
 2432 1354 5 
 2235 901 2 
 646 1795 3 
 2004 1685 9 
 1694 237 3 
 1893 1019 4 
 2328 2357 2 
 661 577 4 
 1628 774 5 
 2434 59 10 
 88 58 7 
 967 188 8 
 489 1944 9 
 1702 326 9 
 1488 1060 9 
 672 805 5 
 1821 2389 2 
 1824 1660 9 
 1747 690 5 
 1406 405 9 
 2473 48 3 
 1079 504 9 
 244 585 10 
 1334 977 4 
 382 2359 9 
 1482 54 4 
 672 2498 8 
 2076 1975 8 
 2252 64 8 
 1340 2266 3 
 1714 1200 6 
 1364 2024 8 
 690 1720 3 
 2269 117 10 
 1158 2440 2 
 2045 2371 10 
 2480 485 9 
 1131 354 5 
 1994 1804 4 
 478 1539 7 
 571 2039 1 
 683 660 2 
 1355 315 5 
 280 2477 5 
 632 864 9 
 1701 1170 6 
 554 1128 10 
 1216 292 4 
 110 642 9 
 2179 1614 6 
 1840 1467 9 
 1466 676 8 
 17 398 7 
 804 292 9 
 1067 50 4 
 1625 547 8 
 1403 2056 3 
 1902 440 2 
 434 1909 7 
 750 1491 5 
 1416 877 10 
 1581 1844 5 
 862 1362 4 
 2324 248 9 
 2412 226 5 
 978 2024 6 
 2436 790 3 
 259 2182 8 
 1526 1549 8 
 463 737 8 
 477 881 6 
 2377 885 7 
 2052 583 6 
 1227 464 8 
 130 2210 10 
 1928 858 7 
 1951 1254 3 
 2434 547 8 
 878 416 9 
 874 925 6 
 1365 2095 10 
 2449 641 10 
 437 2029 5 
 1911 158 10 
 417 5 7 
 295 1966 5 
 2355 1262 5 
 147 1093 7 
 1173 2073 2 
 1837 2218 3 
 2412 513 1 
 1673 1325 3 
 1570 638 3 
 1976 1668 6 
 807 1637 2 
 2159 2471 7 
 30 668 9 
 1952 1314 1 
 1911 955 8 
 2246 2112 2 
 755 1076 5 
 1395 1674 5 
 1684 281 10 
 1737 895 4 
 2394 280 3 
 2193 495 3 
 1708 194 5 
 1047 880 10 
 512 1833 5 
 1384 2370 5 
 1701 1280 2 
 1571 1452 2 
 1009 2389 10 
 1271 933 1 
 1590 1896 5 
 191 967 10 
 1174 1441 5 
 1775 693 9 
 1111 2127 2 
 1655 25 9 
 1753 700 3 
 2261 1623 3 
 2055 2382 6 
 1258 1446 6 
 1412 2168 4 
 1894 1176 8 
 2295 501 9 
 210 2262 9 
 1317 2447 6 
 18 1865 8 
 2088 1819 8 
 1644 259 2 
 1856 2097 5 
 1889 1563 1 
 1227 286 8 
 1539 1617 2 
 566 1687 6 
 463 2388 7 
 1220 668 2 
 1764 861 6 
 2488 2435 3 
 1634 1466 4 
 1966 1491 3 
 1219 2190 2 
 1605 1983 2 
 47 2445 7 
 1060 2425 2 
 687 1504 5 
 2442 752 6 
 1723 2205 5 
 749 1889 1 
 577 1453 9 
 2193 1013 5 
 1550 2488 4 
 1833 1404 1 
 37 2061 3 
 1508 1774 5 
 1004 872 9 
 485 411 9 
 504 179 6 
 1968 1311 3 
 1832 2114 9 
 72 1054 2 
 2415 1918 7 
 1212 2306 7 
 1542 1908 3 
 1000 1176 2 
 1798 1866 2 
 1179 2122 4 
 586 887 4 
 2075 1675 5 
 1017 1365 2 
 2147 909 3 
 2416 50 7 
 214 2354 6 
 456 1812 9 
 1547 2144 9 
 1742 324 7 
 1488 1238 10 
 1628 634 4 
 893 1050 10 
 841 1868 5 
 1623 1003 5 
 1633 1576 7 
 760 1832 3 
 751 1410 8 
 953 2014 2 
 1737 299 2 
 1834 1091 5 
 235 1788 5 
 1425 1016 2 
 307 575 3 
 1666 1845 10 
 1661 785 7 
 2143 1214 1 
 1648 1592 1 
 1444 714 3 
 91 2497 5 
 1916 1341 1 
 111 257 3 
 2191 1258 8 
 143 435 10 
 703 916 4 
 1643 346 6 
 194 1157 7 
 1720 1443 7 
 1395 766 1 
 1768 423 9 
 2235 198 10 
 2401 184 6 
 116 1219 3 
 19 1271 5 
 174 992 10 
 2339 2231 3 
 2228 1224 5 
 1582 1614 7 
 1887 1693 2 
 290 2026 9 
 1367 745 10 
 1617 61 9 
 2172 63 9 
 2296 2185 9 
 447 1322 9 
 1059 2196 2 
 1119 1724 10 
 2359 460 2 
 865 392 10 
 354 1907 3 
 2040 1694 6 
 1734 66 5 
 2312 577 9 
 851 1278 7 
 2350 2221 4 
 1555 874 6 
 75 2081 1 
 2205 1450 2 
 2468 2300 4 
 980 1002 3 
 597 225 10 
 989 1427 6 
 1235 1532 8 
 343 1235 9 
 1539 1591 2 
 2071 886 5 
 475 634 7 
 1048 1547 9 
 1057 878 9 
 2100 777 10 
 351 819 3 
 631 878 7 
 68 1094 10 
 1558 30 3 
 352 1050 7 
 1769 1478 9 
 2476 795 7 
 1695 65 4 
 75 225 8 
 1543 1515 5 
 2234 2458 5 
 2290 1952 3 
 1602 1406 10 
 273 433 8 
 2016 1090 3 
 486 1407 10 
 860 692 2 
 336 2238 10 
 2021 2006 1 
 1097 490 2 
 1486 1484 8 
 1828 1782 8 
 1184 785 9 
 1191 2179 7 
 1399 862 10 
 558 2258 9 
 498 1050 3 
 1645 1420 3 
 2189 2175 1 
 845 773 2 
 1631 329 9 
 1294 1769 8 
 177 1113 4 
 1875 2392 10 
 173 1715 3 
 1912 2353 6 
 847 1575 3 
 2278 1383 3 
 1751 1909 9 
 1847 1154 4 
 1314 990 9 
 459 1397 1 
 364 1851 3 
 769 27 1 
 1682 1605 6 
 82 1610 5 
 2083 1183 2 
 1532 264 4 
 1770 2023 6 
 2294 1159 1 
 834 1150 4 
 2392 77 3 
 841 311 4 
 2422 2427 6 
 2351 450 4 
 1446 934 1 
 975 249 10 
 1801 443 10 
 2211 484 1 
 1701 1118 8 
 1184 581 8 
 401 1548 5 
 679 154 5 
 1347 1344 4 
 767 1641 6 
 2305 448 2 
 793 429 1 
 111 1978 6 
 1227 696 7 
 719 1796 3 
 960 1644 10 
 2430 1350 10 
 620 1557 10 
 550 1752 10 
 2220 459 9 
 995 805 2 
 2223 830 3 
 382 398 8 
 181 1650 7 
 143 1801 9 
 598 1356 8 
 2173 1361 9 
 662 2387 6 
 957 2419 7 
 2447 2409 2 
 835 2283 8 
 1090 522 4 
 487 71 6 
 2188 1385 7 
 1373 564 2 
 247 250 6 
 1255 774 2 
 664 1592 2 
 2251 144 7 
 2000 1992 8 
 2296 884 4 
 260 2140 9 
 880 1563 1 
 704 1552 1 
 1032 1659 8 
 1453 1520 1 
 1071 1396 2 
 2292 1927 3 
 1106 1208 7 
 222 2137 7 
 212 915 4 
 2375 1556 4 
 396 1911 2 
 1108 476 6 
 354 2446 10 
 1663 2354 10 
 2329 533 8 
 672 1757 2 
 1241 765 10 
 1688 625 5 
 1819 284 2 
 1648 2130 3 
 525 1240 3 
 1074 2383 6 
 230 625 10 
 799 2125 9 
 112 2019 3 
 1937 2027 4 
 343 1890 1 
 2146 2111 1 
 185 2400 3 
 975 2109 1 
 1946 2025 1 
 1114 2019 5 
 1173 2162 4 
 789 1550 10 
 1621 130 1 
 1032 2338 3 
 266 473 2 
 401 1518 3 
 140 488 10 
 716 1164 6 
 1747 1738 3 
 322 815 8 
 1969 2414 3 
 301 755 4 
 57 801 8 
 1281 1509 8 
 1307 309 3 
 1706 345 7 
 1327 194 5 
 104 738 5 
 1295 1123 5 
 160 1886 4 
 371 1801 2 
 953 737 7 
 1704 589 9 
 1638 2285 8 
 62 1212 8 
 1320 238 3 
 495 1749 4 
 525 475 5 
 2455 2119 5 
 2249 148 7 
 1911 2329 6 
 419 2380 10 
 1751 2463 7 
 286 507 8 
 2270 932 5 
 1515 1405 4 
 1137 989 6 
 2283 1841 6 
 1630 1490 5 
 1465 82 3 
 1018 2283 3 
 317 1894 5 
 632 731 3 
 1094 1531 10 
 2177 421 7 
 581 156 9 
 990 622 5 
 593 2443 2 
 303 1178 10 
 1871 1327 7 
 2373 1865 9 
 1882 611 7 
 1776 876 2 
 2064 783 7 
 841 2020 10 
 116 1191 3 
 2349 1791 3 
 2132 545 9 
 714 404 10 
 752 1614 10 
 804 461 5 
 575 572 9 
 2290 977 9 
 2429 1040 1 
 502 1957 10 
 1811 1918 4 
 2460 1915 6 
 1856 347 2 
 2435 1354 2 
 1569 1761 2 
 123 1170 10 
 1975 2413 7 
 2293 1854 1 
 1260 1584 8 
 81 1948 3 
 959 543 3 
 2088 1175 10 
 948 1829 9 
 604 452 8 
 1938 1228 6 
 1505 360 8 
 265 1793 8 
 1860 1869 2 
 1548 862 4 
 343 1303 6 
 557 1842 3 
 1662 1923 5 
 2216 1995 6 
 249 236 6 
 839 410 2 
 1467 2077 1 
 1101 2085 3 
 319 1294 10 
 2325 1810 10 
 2480 2020 6 
 829 561 10 
 413 1488 1 
 183 799 6 
 655 398 2 
 1618 1195 6 
 915 943 4 
 2231 1308 2 
 117 2052 3 
 1743 2065 10 
 782 2390 2 
 1616 2034 7 
 159 2052 7 
 1994 1507 1 
 1243 1813 5 
 2330 2419 1 
 437 2159 6 
 802 392 8 
 2105 506 10 
 2220 237 8 
 1778 1541 9 
 1231 2052 1 
 2127 597 7 
 1428 2427 10 
 1846 1936 7 
 454 240 8 
 2450 1802 6 
 2198 1728 10 
 1677 981 3 
 555 2499 3 
 102 36 8 
 163 593 3 
 617 154 3 
 727 1789 7 
 1782 1942 5 
 28 124 2 
 961 1493 10 
 2025 2067 7 
 493 1827 4 
 1703 1841 3 
 939 1923 6 
 1085 906 4 
 375 206 1 
 1882 46 4 
 2233 1580 1 
 977 2109 9 
 1372 2420 8 
 112 238 3 
 1224 406 5 
 188 2309 5 
 429 613 10 
 951 2176 7 
 24 1619 2 
 2209 2313 8 
 1947 1924 8 
 1979 1759 4 
 671 1788 6 
 823 1686 8 
 1514 1807 2 
 2363 533 1 
 1232 1541 7 
 271 2317 2 
 2256 962 1 
 879 1488 4 
 1650 1546 1 
 365 403 4 
 885 2028 7 
 2176 571 4 
 1529 2098 2 
 2378 1466 6 
 971 237 7 
 916 165 9 
 1515 2318 3 
 446 594 3 
 1576 582 2 
 2081 938 1 
 72 1183 5 
 1016 1871 10 
 2015 332 8 
 164 1273 9 
 2165 1125 2 
 736 1709 5 
 2216 122 9 
 2371 79 5 
 285 620 3 
 2165 1489 4 
 1273 2301 3 
 2178 224 8 
 1853 1563 1 
 707 1895 1 
 26 2279 5 
 2033 1268 4 
 1492 545 2 
 1672 2042 2 
 1702 496 3 
 1396 1621 9 
 1551 2190 5 
 66 1470 3 
 86 170 6 
 1349 1101 9 
 2235 547 3 
 1810 1223 7 
 1338 255 4 
 1244 1585 10 
 11 800 8 
 674 1166 1 
 2124 211 7 
 1805 1978 9 
 1242 1595 2 
 2311 2403 2 
 1365 2049 6 
 2048 2136 5 
 73 518 8 
 167 2367 6 
 826 2234 10 
 299 1228 10 
 1214 447 4 
 258 274 4 
 687 524 1 
 1944 1282 6 
 1253 241 2 
 280 74 7 
 1946 1447 5 
 2136 636 3 
 1313 1198 10 
 1116 286 9 
 1804 1478 10 
 429 610 6 
 154 1308 3 
 904 2002 2 
 1888 495 1 
 131 346 1 
 1601 1929 4 
 1400 568 1 
 136 2229 6 
 871 1915 7 
 867 2023 3 
 1781 1381 8 
 321 2496 6 
 292 386 4 
 1504 532 4 
 2000 42 6 
 432 1105 2 
 388 710 8 
 2157 1608 1 
 2428 1791 2 
 1391 1320 6 
 452 1394 10 
 2359 169 8 
 28 468 6 
 1909 2324 6 
 340 2320 10 
 1978 533 2 
 2374 2172 1 
 1653 1093 2 
 2046 1007 2 
 1070 1596 9 
 1186 726 8 
 828 901 4 
 820 675 5 
 132 2286 7 
 598 1535 9 
 1937 420 3 
 1740 1325 3 
 483 1572 7 
 1638 1330 9 
 396 914 6 
 561 919 9 
 1713 85 10 
 178 827 5 
 1044 690 3 
 1545 914 6 
 2217 1488 2 
 625 869 3 
 537 1931 7 
 1912 1989 6 
 2437 812 7 
 1588 1420 6 
 1413 1940 2 
 730 1839 8 
 1855 455 2 
 163 1376 9 
 1895 245 1 
 1679 1941 2 
 1861 7 6 
 828 739 7 
 686 1743 8 
 355 907 8 
 2195 110 6 
 1069 1433 10 
 1708 1134 4 
 27 1955 6 
 2097 1153 1 
 1637 700 9 
 960 2349 6 
 1572 1978 3 
 17 1685 6 
 240 1779 1 
 1649 840 7 
 1357 2213 3 
 158 2171 5 
 1885 1281 8 
 1958 1404 6 
 1986 487 6 
 756 1960 2 
 188 612 1 
 1613 2179 8 
 646 1621 10 
 1791 2069 9 
 440 2334 5 
 306 1961 4 
 286 2129 9 
 871 1178 10 
 620 2334 8 
 1505 752 10 
 1054 1215 10 
 820 997 3 
 2310 1542 9 
 2176 722 4 
 663 73 6 
 2221 190 9 
 1044 1594 5 
 142 2114 2 
 1284 518 5 
 847 95 6 
 1628 314 1 
 664 1964 6 
 51 1519 10 
 1314 1170 2 
 313 1596 6 
 1506 1414 8 
 1679 2099 8 
 474 985 9 
 1715 2327 4 
 2430 950 3 
 654 2420 3 
 1432 1074 9 
 1312 1926 8 
 1332 1037 1 
 1285 2131 7 
 1637 998 3 
 1346 1468 5 
 384 2277 4 
 2390 1277 6 
 2312 2185 10 
 1583 1375 6 
 1245 1066 8 
 1766 1359 4 
 605 1804 10 
 1620 1938 1 
 480 555 6 
 2427 1578 4 
 329 2073 9 
 1066 611 10 
 1002 2020 6 
 424 1566 4 
 234 1009 4 
 873 969 3 
 1063 621 7 
 1755 112 8 
 1924 1097 1 
 1374 469 2 
 1802 1733 1 
 1346 2353 1 
 157 973 6 
 945 1235 1 
 123 2047 10 
 1939 202 6 
 1922 1636 10 
 2005 1567 8 
 60 1009 7 
 716 1854 6 
 1245 1598 8 
 1795 833 1 
 1794 627 9 
 1082 2205 8 
 1286 2223 5 
 290 15 7 
 1572 723 1 
 2181 373 5 
 1926 1690 5 
 465 1001 10 
 1004 215 2 
 1835 1029 2 
 910 1419 6 
 958 2087 5 
 569 1421 1 
 859 334 3 
 1669 1602 9 
 2171 638 3 
 1766 1848 5 
 838 1863 3 
 1553 838 1 
 720 337 6 
 1820 139 9 
 10 1953 9 
 1368 829 2 
 949 2094 3 
 300 875 5 
 406 207 7 
 1315 523 10 
 433 1618 3 
 1783 213 7 
 2144 1188 2 
 378 2199 9 
 2204 1396 9 
 522 1604 9 
 1042 2323 5 
 248 703 7 
 1227 275 2 
 1622 1993 5 
 310 1464 9 
 1248 2215 6 
 540 227 7 
 75 228 2 
 762 130 10 
 853 2196 1 
 795 2086 4 
 260 1737 3 
 994 1260 7 
 429 346 2 
 1350 2198 8 
 1935 238 5 
 655 2034 10 
 220 152 6 
 1348 1079 4 
 804 2498 2 
 921 2266 10 
 68 321 7 
 2238 317 8 
 1578 854 2 
 1364 2016 10 
 287 2333 3 
 1294 2371 4 
 2356 796 6 
 1397 411 5 
 1093 909 1 
 649 582 4 
 1275 2139 3 
 1715 854 9 
 1124 1024 6 
 1122 1926 1 
 1664 404 4 
 1425 1266 9 
 1625 130 3 
 1691 912 9 
 400 54 5 
 2002 507 10 
 395 1305 4 
 1938 2131 9 
 1817 1751 6 
 2335 584 5 
 1020 1505 10 
 1092 773 9 
 501 2179 9 
 2471 1563 2 
 2290 543 4 
 1827 1693 5 
 525 1080 7 
 50 712 2 
 1539 463 9 
 2364 1811 5 
 2087 1677 5 
 628 1282 8 
 2096 1188 7 
 580 1141 10 
 348 1748 9 
 1796 1957 4 
 2115 1454 8 
 1483 2053 7 
 657 1818 1 
 1850 1445 5 
 2006 1577 4 
 1439 1899 4 
 2119 1214 9 
 114 516 5 
 89 1571 5 
 1923 26 4 
 1694 865 9 
 1480 986 8 
 2238 2350 3 
 1962 309 1 
 728 1118 1 
 867 1089 9 
 2330 2021 2 
 239 514 1 
 523 2454 9 
 543 687 9 
 1594 1769 1 
 2378 303 6 
 1958 2137 6 
 1063 367 7 
 1719 2160 3 
 57 586 2 
 760 2244 7 
 1574 1101 5 
 696 1785 4 
 1357 2434 2 
 114 2302 7 
 1815 2297 10 
 1146 2020 1 
 324 526 10 
 1890 37 10 
 630 297 1 
 1823 528 7 
 1041 2461 6 
 1320 2331 2 
 1494 2202 5 
 2325 681 3 
 1928 1838 9 
 2430 354 2 
 1514 38 1 
 1472 1030 10 
 325 2272 4 
 1536 1720 1 
 1759 2129 1 
 1065 2235 3 
 449 1108 10 
 121 1004 9 
 959 54 3 
 624 477 10 
 435 2074 7 
 1625 2257 6 
 2007 1662 2 
 1401 625 9 
 1668 1688 1 
 2097 1087 3 
 1618 199 7 
 499 1544 6 
 2153 487 1 
 1583 1488 2 
 1038 1821 5 
 929 2141 3 
 726 2397 4 
 1103 2048 4 
 509 1990 9 
 1039 2463 6 
 2168 930 7 
 2446 2194 10 
 733 2152 3 
 1116 2044 1 
 350 1227 4 
 960 431 8 
 1829 1752 7 
 348 375 5 
 1992 1047 4 
 2311 412 10 
 371 136 8 
 1890 2401 7 
 921 2420 8 
 745 1284 10 
 1964 2417 7 
 848 723 7 
 1625 1773 3 
 2424 1233 1 
 1903 162 8 
 1881 1521 6 
 323 2188 8 
 2368 1815 1 
 1387 2412 4 
 2023 1478 3 
 1748 1642 5 
 349 1151 10 
 911 1439 6 
 1846 1624 3 
 1988 1848 5 
 647 842 5 
 227 501 5 
 331 2320 8 
 79 2412 1 
 2335 602 10 
 294 461 8 
 1488 324 1 
 352 2180 3 
 837 831 6 
 1732 2441 10 
 1541 543 3 
 2252 1694 7 
 1243 491 8 
 1301 1421 2 
 1676 841 8 
 1532 1944 6 
 1061 915 7 
 589 1399 2 
 2103 2441 5 
 60 1901 9 
 2073 1982 10 
 1915 2306 2 
 2387 461 3 
 952 1645 2 
 1129 1128 2 
 1131 1670 3 
 1502 1163 1 
 262 31 6 
 2020 2121 2 
 830 328 9 
 1577 1701 3 
 1376 892 10 
 2304 327 10 
 1303 1964 9 
 1957 2162 4 
 244 2094 2 
 804 1471 1 
 1276 299 6 
 1669 875 3 
 1849 1480 2 
 2267 272 5 
 1992 258 6 
 336 220 1 
 321 1783 6 
 2496 1331 3 
 281 1105 10 
 833 1836 5 
 391 1198 4 
 720 1130 9 
 256 2016 9 
 2189 280 6 
 1172 411 5 
 2053 2377 10 
 607 1026 10 
 830 988 2 
 973 274 3 
 1369 1855 3 
 1846 2487 5 
 1924 316 5 
 1527 1591 5 
 828 1059 7 
 2094 2308 10 
 1840 902 8 
 757 873 10 
 365 2292 1 
 504 1703 3 
 1316 816 5 
 570 2124 8 
 475 2489 2 
 1353 1602 1 
 2380 1336 10 
 1900 100 1 
 2199 144 7 
 1471 313 1 
 784 2120 7 
 1735 184 6 
 1320 1179 2 
 1423 693 7 
 1698 741 5 
 809 1072 1 
 1508 6 3 
 1860 451 4 
 1656 287 4 
 2080 490 3 
 2071 1493 10 
 822 1263 5 
 373 1021 7 
 1650 2309 1 
 788 1052 2 
 1138 962 7 
 529 1971 10 
 1749 1393 7 
 2492 461 3 
 2205 850 9 
 2196 665 2 
 151 407 5 
 2105 2155 6 
 790 508 1 
 1211 1353 4 
 1165 548 10 
 2113 1702 6 
 1821 2142 5 
 1930 1690 6 
 772 2281 7 
 545 740 7 
 959 307 9 
 782 89 5 
 2031 1688 6 
 919 617 6 
 2327 1768 5 
 1506 1326 9 
 178 1112 5 
 880 1984 8 
 826 598 6 
 1285 1937 9 
 2005 2405 8 
 22 263 10 
 642 347 6 
 1816 291 4 
 106 2056 5 
 1705 615 6 
 1302 1291 1 
 243 2257 2 
 1963 1791 8 
 1342 1828 2 
 2016 218 5 
 919 657 3 
 695 2266 2 
 627 1006 4 
 734 183 2 
 1304 1421 8 
 1647 2323 10 
 471 1000 8 
 1240 988 5 
 2149 313 1 
 1161 2317 9 
 29 28 3 
 1756 1664 3 
 1114 307 1 
 1719 2442 5 
 1076 1693 9 
 2024 828 1 
 2420 345 3 
 772 258 6 
 382 1185 9 
 148 2353 10 
 2264 521 7 
 218 2433 4 
 2462 1558 8 
 964 778 5 
 1811 1247 9 
 2005 147 2 
 2106 456 3 
 2134 273 9 
 61 1778 6 
 1766 1395 2 
 1699 1996 3 
 736 244 8 
 449 1337 8 
 2022 1709 4 
 98 1441 5 
 2422 838 10 
 263 1436 8 
 983 2399 10 
 639 1523 2 
 684 1842 3 
 128 991 2 
 585 1524 8 
 2176 2457 5 
 1462 1179 10 
 928 1593 2 
 42 1203 4 
 1046 207 3 
 1786 250 6 
 1144 1830 2 
 2451 1520 10 
 1443 1004 5 
 1895 1666 10 
 1562 2383 10 
 1528 1347 8 
 590 2166 6 
 2173 374 1 
 1889 931 1 
 2399 2484 1 
 319 1695 1 
 968 2345 6 
 1876 1094 2 
 1855 2365 7 
 1015 138 8 
 1287 2235 1 
 2405 1238 5 
 1550 1264 3 
 867 2174 4 
 93 611 3 
 692 2377 4 
 1284 2404 4 
 2199 589 6 
 1278 783 4 
 1770 1926 2 
 1006 1928 2 
 316 2008 3 
 789 2163 10 
 1200 27 6 
 1340 1686 5 
 1427 1279 2 
 1840 591 5 
 369 2291 3 
 1132 1064 1 
 2426 2204 10 
 305 2499 3 
 47 1810 10 
 2152 1734 7 
 2300 2414 10 
 711 809 6 
 351 2233 8 
 1706 823 10 
 2399 2441 1 
 276 1248 2 
 722 341 5 
 403 2268 2 
 1647 1001 5 
 1423 2170 6 
 2079 693 8 
 815 1963 6 
 434 1162 3 
 430 1262 4 
 1605 689 1 
 1574 121 2 
 2350 1700 8 
 472 245 9 
 275 2159 5 
 944 898 1 
 248 2404 9 
 168 418 6 
 197 2316 7 
 889 1869 10 
 978 69 2 
 1901 1139 5 
 34 1120 4 
 1837 2381 7 
 2170 2241 9 
 2120 504 2 
 2289 1071 8 
 1954 1349 4 
 2389 2469 1 
 1622 232 4 
 1977 522 10 
 233 1192 4 
 107 479 2 
 2414 2129 1 
 1394 356 8 
 151 620 2 
 1393 188 3 
 32 550 10 
 270 477 4 
 327 975 8 
 2462 2205 8 
 1364 262 5 
 312 2398 9 
 863 580 1 
 1958 127 10 
 1803 61 7 
 2048 1722 9 
 1999 1750 6 
 1985 1220 4 
 2474 2268 4 
 2308 304 7 
 1022 1632 6 
 1333 1980 9 
 2362 1440 3 
 645 1969 2 
 2420 114 10 
 1005 145 3 
 2214 1580 7 
 1501 1558 2 
 1123 521 8 
 2466 2235 9 
 1539 1209 5 
 488 2188 6 
 432 169 7 
 1487 19 3 
 375 519 1 
 837 1454 8 
 1342 1823 9 
 656 1038 4 
 1079 2 2 
 1012 1579 3 
 2294 1319 4 
 1449 606 1 
 961 216 6 
 1240 600 5 
 2226 1398 4 
 1953 1495 5 
 1846 2221 8 
 492 2064 7 
 1808 1216 5 
 429 1290 8 
 1598 1529 2 
 2447 1547 9 
 3 2096 1 
 1529 2306 7 
 879 1311 2 
 867 443 6 
 162 895 10 
 1868 1444 5 
 155 951 7 
 1886 898 4 
 1546 1478 2 
 2467 1301 8 
 683 1491 6 
 1264 1557 8 
 860 1876 4 
 2063 947 6 
 970 2082 10 
 450 2293 8 
 1704 2396 1 
 1700 1885 5 
 649 427 5 
 1218 1271 8 
 559 1885 5 
 1185 1166 3 
 1900 1418 7 
 567 49 4 
 1331 2404 3 
 225 1700 5 
 800 9 4 
 1886 1355 1 
 2315 1750 8 
 1710 1643 5 
 213 1959 10 
 28 469 1 
 170 2141 3 
 1602 370 9 
 1230 1691 3 
 2437 1995 3 
 1277 988 2 
 1112 450 9 
 2332 1919 2 
 2223 290 5 
 2448 1107 8 
 1273 1129 8 
 1502 1165 5 
 1724 1531 8 
 1700 1151 1 
 1151 1770 3 
 2325 1194 3 
 2141 2111 1 
 2042 1546 5 
 1743 1816 2 
 577 2042 3 
 2362 2285 3 
 810 1567 7 
 686 98 1 
 1688 168 10 
 281 2237 9 
 854 38 6 
 330 1763 10 
 1889 2160 8 
 402 855 4 
 2001 1805 8 
 76 1662 3 
 945 1413 1 
 950 2361 8 
 1182 1835 7 
 1802 2437 1 
 79 1669 6 
 1392 1126 9 
 2137 1381 7 
 456 130 2 
 1889 2400 10 
 2360 220 4 
 285 2489 4 
 513 1339 6 
 591 1602 8 
 343 911 2 
 298 26 9 
 410 514 1 
 380 1448 9 
 882 991 5 
 601 2360 8 
 405 638 6 
 849 318 4 
 1341 1090 8 
 730 1177 9 
 919 2257 5 
 1047 2296 10 
 859 509 9 
 2113 2259 7 
 1640 1793 10 
 2053 358 1 
 2374 1952 4 
 965 2253 3 
 1857 2466 5 
 1949 2440 8 
 1976 1157 7 
 1752 126 1 
 2009 2482 5 
 1265 82 10 
 2313 2493 10 
 2096 267 7 
 2238 453 5 
 1812 1671 3 
 842 1226 7 
 876 1925 2 
 2306 87 9 
 1904 231 1 
 2429 2394 9 
 2037 331 10 
 1958 344 5 
 2303 96 3 
 2148 1412 2 
 905 2242 1 
 2341 1692 7 
 2043 485 2 
 1843 582 7 
 1747 237 6 
 2349 1854 7 
 464 1868 5 
 84 220 3 
 1436 1460 2 
 930 1541 1 
 1437 33 10 
 2328 1365 10 
 1355 1426 7 
 1497 526 10 
 1907 1826 1 
 2488 1015 1 
 2342 1788 7 
 1346 799 3 
 146 1684 2 
 576 1430 6 
 415 405 3 
 499 215 6 
 1185 2300 1 
 1166 2201 7 
 1254 1485 1 
 956 1057 5 
 1263 1127 10 
 159 1230 3 
 1575 2435 6 
 1072 2416 5 
 1817 1438 2 
 1747 1093 6 
 576 121 10 
 76 19 10 
 309 1613 8 
 1229 2189 4 
 2386 1166 4 
 802 1642 10 
 2399 97 2 
 501 1430 1 
 1252 385 6 
 423 64 8 
 1656 1996 5 
 769 2002 4 
 656 1304 2 
 2154 998 9 
 1941 1582 5 
 1126 1671 4 
 1350 1125 3 
 482 477 6 
 470 383 2 
 109 1385 1 
 2293 1368 2 
 381 2338 7 
 2112 2282 2 
 1677 1231 5 
 1244 2059 8 
 1084 2042 7 
 2142 1431 10 
 1863 2045 8 
 1926 115 9 
 944 950 10 
 1440 1660 1 
 518 2125 9 
 1122 405 5 
 2035 878 5 
 2394 261 6 
 422 2390 5 
 725 832 10 
 1653 578 10 
 1664 1947 3 
 494 1642 3 
 908 1065 7 
 2271 1984 5 
 360 2383 9 
 1227 1998 9 
 321 2326 7 
 871 789 4 
 1929 1374 5 
 2313 94 7 
 2262 2438 1 
 1639 1714 9 
 1290 2053 2 
 1659 771 3 
 1497 1668 5 
 852 149 3 
 2296 2356 6 
 1587 1473 4 
 2274 1912 10 
 2212 133 1 
 250 1076 9 
 578 1323 7 
 1402 1564 10 
 2017 534 8 
 1645 116 6 
 1426 1387 7 
 1209 1198 9 
 768 1120 4 
 693 1198 6 
 1794 1146 3 
 947 2004 4 
 2332 2469 1 
 1463 428 4 
 1505 1071 10 
 2216 1752 3 
 1982 359 6 
 2084 925 6 
 1557 1897 3 
 2261 1832 5 
 825 1349 2 
 1250 2405 8 
 156 925 8 
 1784 2240 4 
 1282 1486 1 
 1418 1912 9 
 1563 1733 1 
 2090 771 3 
 746 2132 7 
 790 1037 9 
 640 2076 6 
 906 751 1 
 2291 1014 9 
 1904 847 1 
 1856 558 1 
 895 1529 7 
 886 655 9 
 1925 2049 7 
 1530 2260 8 
 910 1778 10 
 1364 903 10 
 854 186 6 
 77 2251 3 
 1501 2175 6 
 651 582 8 
 97 1093 7 
 1383 461 8 
 2224 1864 6 
 801 1140 10 
 385 33 3 
 2006 18 9 
 681 1151 1 
 633 1185 2 
 1430 239 10 
 2240 705 5 
 1454 740 7 
 517 1074 5 
 1417 1470 10 
 1032 826 6 
 1766 985 6 
 623 160 2 
 1905 2323 3 
 2394 1639 4 
 2093 1804 4 
 172 2347 6 
 1180 1246 3 
 823 68 4 
 1519 2079 10 
 1271 2452 3 
 1279 268 5 
 1340 122 10 
 1921 1828 4 
 75 770 4 
 1911 1350 2 
 1267 589 8 
 2357 2273 2 
 1449 742 1 
 829 1724 6 
 1363 1435 7 
 711 2440 4 
 2024 1746 5 
 1270 2213 9 
 22 971 2 
 1774 1305 7 
 741 611 3 
 712 1567 2 
 795 895 8 
 225 77 10 
 674 1438 9 
 633 54 6 
 937 1604 6 
 1784 1740 1 
 456 1200 3 
 2288 1112 5 
 1149 1703 4 
 2169 1896 7 
 2021 1268 3 
 868 2195 7 
 1006 973 5 
 101 2010 4 
 2065 199 7 
 610 760 1 
 1553 1639 4 
 1265 2425 7 
 617 1572 8 
 1462 1598 2 
 2047 1312 5 
 1369 255 2 
 1564 403 8 
 2423 2221 4 
 1682 1884 8 
 2415 2100 6 
 1264 1227 5 
 416 789 8 
 1839 2341 6 
 1260 2356 1 
 1873 1213 10 
 533 2424 3 
 1248 2178 5 
 530 1811 6 
 1593 1436 4 
 1765 891 1 
 2111 1635 4 
 1004 1247 10 
 625 2499 4 
 1163 1306 4 
 1 289 5 
 1559 2044 8 
 1687 982 1 
 2205 1043 5 
 2412 336 8 
 24 2382 3 
 2441 15 5 
 2035 2257 4 
 2173 336 6 
 965 1289 2 
 682 2245 10 
 881 2128 9 
 2206 927 6 
 2234 2080 3 
 615 1190 2 
 333 2176 4 
 826 1401 2 
 1481 1014 3 
 665 2038 6 
 1673 1454 4 
 806 2043 9 
 2280 1387 4 
 557 45 4 
 1420 348 8 
 665 63 10 
 319 1183 9 
 101 1408 9 
 477 1778 7 
 1148 1415 4 
 1525 539 8 
 1251 240 8 
 1230 1618 1 
 31 476 9 
 2221 1049 10 
 7 1457 8 
 900 1406 1 
 1364 1969 9 
 2421 685 10 
 1540 797 5 
 113 2239 10 
 1516 968 10 
 1199 2288 1 
 1134 435 9 
 578 1999 2 
 82 302 9 
 1559 71 9 
 114 2427 5 
 1071 1152 5 
 912 1747 3 
 640 379 1 
 2054 908 5 
 1861 2143 6 
 2479 1326 5 
 1141 1607 9 
 1722 1060 7 
 796 484 6 
 1067 1761 8 
 1073 617 6 
 1185 2101 2 
 42 303 8 
 1719 206 2 
 922 2398 2 
 2330 1683 3 
 237 1563 4 
 627 1507 4 
 2308 2109 1 
 558 1724 7 
 1951 318 1 
 2100 403 2 
 220 1144 6 
 227 2384 3 
 2484 1888 9 
 94 172 5 
 1924 1705 4 
 409 982 6 
 286 1268 2 
 994 2079 7 
 21 1153 9 
 893 634 1 
 2224 1651 10 
 1696 2362 10 
 115 2403 9 
 1544 1315 9 
 1853 1218 7 
 1474 957 3 
 913 100 6 
 857 1254 8 
 202 636 6 
 133 1867 9 
 1801 2491 1 
 1859 1451 3 
 1035 1154 5 
 1391 1288 1 
 1090 158 8 
 2200 775 10 
 708 155 9 
 936 2449 1 
 565 2425 10 
 1859 1276 3 
 748 1208 1 
 124 523 4 
 40 1152 10 
 2411 945 8 
 2423 2489 2 
 1881 912 3 
 487 1256 3 
 1602 2246 4 
 1899 1205 10 
 1199 11 10 
 138 2479 6 
 1353 4 8 
 650 2281 2 
 722 907 3 
 1248 796 3 
 582 63 7 
 1449 1483 6 
 71 562 5 
 375 1695 4 
 751 1543 9 
 1935 263 5 
 1785 1818 6 
 1505 1163 2 
 234 1710 3 
 1056 488 9 
 1457 1618 8 
 1184 1401 2 
 1824 2241 10 
 344 2296 1 
 2452 880 8 
 444 826 3 
 1015 567 10 
 464 194 2 
 2318 367 7 
 1944 1340 4 
 944 1594 9 
 807 769 1 
 473 709 6 
 202 370 7 
 2261 293 9 
 2338 1573 5 
 2343 200 8 
 635 1938 5 
 1530 1357 6 
 1328 1117 5 
 2100 1356 8 
 2359 1774 4 
 935 454 1 
 541 11 10 
 1082 1127 10 
 820 1479 6 
 295 2370 9 
 97 918 3 
 1653 648 2 
 123 1753 1 
 2270 1937 8 
 1998 2373 7 
 2268 908 1 
 2162 1528 6 
 2397 1649 9 
 576 357 6 
 238 1622 6 
 1451 900 10 
 1303 614 1 
 740 702 9 
 1312 2083 4 
 2036 1771 7 
 586 729 5 
 2499 687 9 
 110 1166 7 
 2411 227 1 
 1858 927 4 
 1465 2480 7 
 1430 1766 3 
 2413 1040 3 
 490 2069 10 
 1873 1755 4 
 1417 2119 6 
 1831 562 6 
 1134 2070 7 
 1557 1296 8 
 2471 668 5 
 698 940 7 
 359 1532 3 
 1058 634 7 
 2432 2027 10 
 455 685 6 
 1236 825 8 
 2352 2298 3 
 1584 122 10 
 433 2214 1 
 1266 1455 9 
 796 957 10 
 276 509 7 
 218 2123 10 
 1212 1705 10 
 154 1397 3 
 1610 1063 9 
 413 1780 1 
 539 608 10 
 2145 1669 7 
 1606 1276 9 
 2018 2054 7 
 1978 2076 4 
 32 804 7 
 1293 1911 2 
 1121 193 8 
 2033 1976 4 
 219 2068 7 
 1780 1706 1 
 918 913 5 
 1853 2152 6 
 713 1224 4 
 1237 569 5 
 625 234 7 
 1738 1737 6 
 837 2260 3 
 1610 94 5 
 1062 485 6 
 2355 2394 2 
 2049 260 3 
 916 1873 1 
 600 2249 1 
 1176 520 2 
 740 1942 4 
 453 699 6 
 1304 1514 8 
 2416 1201 8 
 2482 2445 7 
 2477 727 9 
 1970 937 10 
 1553 1132 3 
 1880 788 2 
 638 2024 5 
 1503 2175 7 
 1684 1530 1 
 169 1184 1 
 1576 413 9 
 1328 1359 7 
 1226 260 9 
 464 646 1 
 995 1928 3 
 1283 129 7 
 236 1078 1 
 530 1869 9 
 1554 75 1 
 1238 1602 5 
 168 387 3 
 1890 731 3 
 1586 1575 6 
 133 1337 9 
 157 2022 8 
 2347 914 8 
 2394 250 3 
 2315 757 7 
 337 2108 10 
 1040 2045 5 
 177 1518 6 
 214 779 2 
 1706 442 5 
 1748 85 5 
 78 482 7 
 56 1144 4 
 104 1377 8 
 957 1384 7 
 936 2277 6 
 906 1323 1 
 586 28 9 
 912 1580 1 
 219 1026 8 
 2298 587 6 
 1751 805 8 
 1878 946 3 
 2374 1147 2 
 2262 2097 4 
 672 1951 9 
 1162 2095 10 
 2164 1453 1 
 1393 1403 8 
 911 1587 4 
 1822 1797 8 
 2169 1692 1 
 347 1902 10 
 1010 342 3 
 748 797 9 
 1130 46 4 
 1220 303 5 
 808 355 4 
 1946 761 9 
 1135 2352 8 
 1159 1475 5 
 1859 759 5 
 1059 2029 1 
 1380 1835 6 
 476 2371 4 
 2142 836 3 
 2283 641 4 
 2343 957 5 
 1293 711 6 
 2108 2201 2 
 1268 913 7 
 458 2295 9 
 365 438 2 
 1579 1037 10 
 1079 623 1 
 1678 49 7 
 354 821 2 
 2012 1779 9 
 500 1500 9 
 535 821 6 
 1733 790 5 
 415 385 6 
 1502 2187 8 
 461 1359 6 
 2193 1882 8 
 864 2476 2 
 964 121 1 
 593 412 3 
 1506 2381 4 
 201 224 3 
 199 901 4 
 1669 1566 9 
 2027 678 1 
 1450 1082 6 
 235 1180 1 
 2314 182 2 
 855 2015 2 
 1401 396 8 
 871 1096 7 
 1269 515 2 
 1700 2352 4 
 1940 360 8 
 826 1263 5 
 827 285 2 
 412 2290 7 
 1957 1732 2 
 2367 1067 8 
 5 
 196 2469 1759 937 1976 
