 2500 5000 
 1079 2331 10 
 1329 1079 2 
 2331 2124 9 
 1079 43 1 
 416 43 4 
 2258 1329 4 
 1329 349 1 
 2079 1079 4 
 2079 2206 1 
 2258 616 5 
 2124 216 3 
 2206 1039 7 
 2484 1329 2 
 545 1329 6 
 2331 1072 6 
 1679 349 7 
 1039 1119 3 
 425 1329 3 
 216 1670 4 
 1679 396 2 
 1697 2484 7 
 396 1089 6 
 1484 616 5 
 1679 493 4 
 216 381 6 
 805 2079 6 
 1142 2258 9 
 1773 1119 3 
 413 216 8 
 413 177 1 
 1482 616 6 
 2313 805 6 
 1142 2333 3 
 349 1832 3 
 1076 2258 8 
 2335 1484 7 
 1079 1318 6 
 1482 1637 9 
 1076 1471 10 
 1072 2386 7 
 523 381 6 
 477 216 4 
 309 2206 1 
 1902 216 2 
 396 917 2 
 523 911 1 
 976 1471 9 
 1482 875 2 
 1119 906 7 
 1142 905 9 
 43 1206 7 
 718 1670 4 
 1679 321 4 
 640 805 7 
 875 299 6 
 1313 1119 1 
 2435 177 8 
 1068 381 3 
 1170 1471 3 
 2258 1232 3 
 1437 1232 8 
 570 216 5 
 1697 208 6 
 952 523 6 
 2213 1039 4 
 396 1942 6 
 425 242 5 
 1408 952 8 
 553 1072 2 
 1942 393 2 
 1076 1675 10 
 982 321 9 
 406 1142 5 
 649 1170 10 
 2300 2331 6 
 1471 1133 8 
 2461 1206 6 
 977 523 2 
 1824 1133 4 
 2330 393 7 
 640 480 6 
 2289 1206 10 
 2115 1119 4 
 2213 1459 3 
 2062 1232 2 
 381 1820 1 
 1628 616 5 
 128 2331 4 
 967 1637 1 
 417 718 10 
 309 179 6 
 1433 1675 3 
 1079 1088 10 
 89 570 10 
 2386 2203 10 
 1045 805 8 
 1626 1433 4 
 1570 1628 2 
 1695 1318 8 
 183 2386 3 
 834 1232 10 
 1232 1157 7 
 1437 300 8 
 43 1395 5 
 2461 1180 3 
 1356 349 6 
 2300 1603 5 
 2213 661 3 
 805 1325 3 
 2333 825 4 
 1482 1327 5 
 2491 1170 5 
 2376 1232 5 
 760 570 9 
 2473 2124 2 
 570 1387 9 
 244 570 5 
 1215 2203 2 
 1528 2435 4 
 1313 921 1 
 317 2213 6 
 1942 1621 7 
 2085 2473 1 
 756 1232 3 
 2333 1837 4 
 805 726 3 
 2335 713 10 
 69 2491 5 
 1476 1142 8 
 760 2204 6 
 32 1157 4 
 321 339 1 
 177 2078 1 
 977 2430 10 
 1039 934 6 
 906 1912 6 
 201 43 4 
 1166 1133 8 
 2062 829 1 
 523 2429 2 
 1459 24 5 
 279 1119 2 
 1180 2219 3 
 1824 1287 2 
 2303 2204 7 
 834 1563 9 
 1986 2078 3 
 1384 1832 5 
 829 2405 9 
 1173 300 1 
 1923 2300 2 
 1206 990 3 
 183 802 7 
 183 1084 6 
 983 1408 3 
 1628 851 4 
 726 1294 4 
 92 1471 9 
 501 1637 8 
 557 1912 3 
 2219 1347 5 
 851 1844 2 
 875 2358 5 
 977 2088 1 
 1836 24 2 
 1442 1476 7 
 1626 1178 6 
 1215 1108 3 
 1076 2157 9 
 2331 1090 4 
 1679 2356 2 
 24 1458 8 
 976 645 4 
 1975 1215 1 
 1403 726 3 
 1094 952 8 
 2248 339 3 
 363 1570 5 
 2115 1280 9 
 818 1079 9 
 898 1294 5 
 614 339 6 
 493 626 7 
 349 512 7 
 2473 292 8 
 2115 515 8 
 885 363 2 
 2269 570 10 
 440 1084 9 
 411 2405 3 
 2273 614 1 
 2124 1341 3 
 1447 1832 4 
 1039 746 5 
 1975 445 9 
 829 160 2 
 967 948 2 
 303 445 10 
 2473 1069 8 
 2447 1039 3 
 1065 1482 10 
 303 1380 8 
 805 813 8 
 770 2435 3 
 173 1089 7 
 2318 1482 1 
 2199 1773 2 
 2145 1482 6 
 1403 505 1 
 92 1741 7 
 1311 1773 9 
 2160 2461 7 
 875 2377 1 
 825 2218 5 
 1697 1928 4 
 2331 494 10 
 515 2139 4 
 1065 409 1 
 1736 1912 7 
 982 810 2 
 1719 1773 4 
 24 2023 7 
 519 802 7 
 720 649 8 
 143 1773 4 
 274 381 8 
 2023 1870 5 
 1371 300 3 
 92 185 3 
 771 160 7 
 1975 779 6 
 1891 1173 3 
 1365 1072 7 
 1367 242 8 
 1046 2330 2 
 1607 1447 10 
 2469 2461 10 
 2335 1980 2 
 1074 977 6 
 1675 348 6 
 69 72 9 
 767 1891 1 
 625 445 4 
 493 943 3 
 1701 1084 2 
 493 1815 2 
 1041 1773 1 
 2160 2210 8 
 661 969 7 
 1528 391 6 
 882 1891 6 
 885 2498 3 
 2230 1820 8 
 2498 1455 6 
 833 1079 3 
 2355 2210 9 
 1355 1719 9 
 1371 1795 7 
 2078 2293 8 
 940 553 1 
 1684 921 6 
 2228 1232 9 
 442 2289 5 
 1504 911 1 
 1395 1693 2 
 2356 1201 2 
 1341 1279 9 
 1280 222 9 
 28 2461 5 
 1347 2004 7 
 442 2454 6 
 982 1919 7 
 231 1476 2 
 1458 2190 2 
 625 1731 10 
 1923 1584 1 
 977 588 4 
 544 300 4 
 1071 990 9 
 2491 868 10 
 1484 1225 6 
 301 2213 7 
 1358 2145 9 
 1745 1912 2 
 1325 610 6 
 102 2469 8 
 477 2110 3 
 801 829 4 
 1046 2353 2 
 540 952 9 
 411 2196 9 
 2312 208 7 
 1504 468 1 
 349 2268 10 
 2330 1929 6 
 1179 72 10 
 819 1815 10 
 1317 2139 1 
 1442 2440 1 
 1526 143 4 
 1683 183 10 
 760 1258 9 
 880 2377 7 
 1585 1166 2 
 433 943 1 
 2218 873 3 
 274 476 7 
 642 242 7 
 1590 1844 4 
 24 1244 3 
 304 1484 4 
 1432 1403 6 
 1084 1208 10 
 1471 1245 1 
 2358 894 5 
 2033 760 2 
 2181 519 6 
 1174 1923 6 
 802 1591 10 
 812 92 10 
 51 433 4 
 319 2203 6 
 2333 2374 8 
 496 201 1 
 1232 1644 7 
 2258 354 8 
 216 817 6 
 948 765 7 
 633 279 2 
 770 1558 10 
 1289 2355 3 
 823 2454 9 
 1902 929 6 
 1626 1034 2 
 1092 1603 9 
 746 800 4 
 2177 292 9 
 64 976 5 
 614 1207 9 
 2402 906 2 
 2124 1921 5 
 2341 1201 1 
 1771 1157 10 
 1642 1294 4 
 917 775 4 
 1471 816 5 
 516 2498 9 
 2265 1693 7 
 1739 1071 7 
 668 2330 2 
 1923 637 4 
 1603 2305 9 
 1836 1491 2 
 917 65 5 
 1563 188 5 
 307 2473 6 
 302 1745 4 
 363 2489 10 
 1290 1679 8 
 1872 540 9 
 633 956 3 
 2020 1675 4 
 1447 783 9 
 2212 1736 2 
 2447 853 10 
 772 2020 6 
 1706 1232 7 
 1783 1084 9 
 614 2294 10 
 29 1232 2 
 724 990 7 
 524 1773 5 
 1485 494 5 
 339 1200 4 
 2121 301 10 
 512 2308 3 
 393 1660 5 
 864 1408 7 
 1832 1052 4 
 2447 1586 4 
 2124 710 4 
 779 2018 6 
 1431 943 7 
 746 2229 2 
 1134 1090 10 
 2278 2196 3 
 783 526 3 
 767 2410 7 
 969 1753 1 
 1986 1216 5 
 2060 406 1 
 2269 1860 8 
 448 526 6 
 56 1287 8 
 2190 67 5 
 490 1380 6 
 393 81 6 
 1938 545 9 
 1826 1371 9 
 1042 1860 3 
 610 510 3 
 2023 2137 10 
 1118 476 10 
 2219 2239 4 
 602 2491 2 
 2088 587 4 
 1963 943 5 
 1150 2405 7 
 1945 1975 7 
 2463 1380 6 
 1837 951 6 
 153 2196 3 
 226 1621 3 
 2370 875 7 
 1621 2475 10 
 1286 557 9 
 1737 557 2 
 1133 755 4 
 35 1356 9 
 1697 1322 5 
 818 2238 5 
 2191 2435 7 
 1645 775 5 
 1645 1036 7 
 1322 1238 9 
 307 2250 5 
 1144 1395 5 
 2052 823 3 
 222 1990 9 
 1009 2370 2 
 788 476 8 
 1447 1445 6 
 563 756 6 
 421 1009 10 
 1502 1289 2 
 309 2476 6 
 1339 1039 7 
 1938 1694 6 
 319 1888 10 
 1683 1141 9 
 512 759 1 
 2088 1578 9 
 1457 772 2 
 1795 789 7 
 1707 1660 7 
 2191 1989 7 
 2110 369 5 
 311 977 3 
 421 1352 2 
 1315 929 9 
 1484 2207 1 
 292 1845 1 
 1179 2274 10 
 493 2208 7 
 991 1088 5 
 1442 131 10 
 773 802 8 
 1504 1729 6 
 98 369 9 
 1017 160 10 
 1479 1208 10 
 801 110 4 
 788 397 1 
 1294 2112 5 
 1291 1367 3 
 1471 1392 6 
 2145 80 8 
 2381 2475 7 
 143 2233 9 
 694 2206 8 
 1252 1919 4 
 299 351 2 
 1823 2062 1 
 1772 934 10 
 160 678 2 
 1832 2175 4 
 1347 1622 2 
 1861 2330 9 
 1938 1240 9 
 1491 61 9 
 1146 1753 9 
 408 1089 3 
 1244 571 3 
 2269 2264 5 
 1861 1668 6 
 2026 1180 8 
 2461 489 2 
 42 1753 2 
 879 906 7 
 1844 2404 9 
 1624 765 6 
 1030 1526 5 
 2079 166 5 
 2177 228 1 
 990 1438 6 
 1009 859 7 
 1455 1969 2 
 2074 1355 9 
 1023 1174 6 
 1773 1727 6 
 1017 1254 3 
 1341 1400 9 
 2440 590 5 
 544 1750 5 
 1206 121 6 
 1606 756 2 
 361 2258 7 
 2458 2355 6 
 303 1702 1 
 943 1002 1 
 1461 2033 3 
 1453 590 1 
 1365 792 10 
 2228 2200 2 
 917 459 4 
 1860 2371 2 
 793 1645 10 
 933 1563 8 
 809 24 4 
 952 2003 5 
 2355 1010 9 
 1792 61 1 
 2123 80 7 
 2342 216 3 
 30 2410 6 
 400 2484 4 
 2078 1140 8 
 1791 1325 8 
 2292 292 9 
 1009 2439 9 
 1563 40 3 
 1039 652 2 
 1079 1728 6 
 701 2206 3 
 1088 1987 4 
 2180 701 3 
 1485 1662 1 
 105 906 3 
 1551 300 3 
 2219 1825 5 
 112 1888 4 
 1431 41 2 
 1421 292 7 
 2137 1582 8 
 664 1644 1 
 929 1333 8 
 2199 1546 1 
 1165 1166 6 
 1459 456 1 
 1990 1190 7 
 969 1530 8 
 713 803 5 
 682 1551 8 
 993 480 1 
 1453 2136 6 
 1834 993 5 
 104 1530 1 
 1504 1436 6 
 620 1333 9 
 624 2402 10 
 500 2341 1 
 1341 1296 1 
 42 733 4 
 1174 217 10 
 72 1873 7 
 30 2347 8 
 2439 384 4 
 150 1702 6 
 1392 1608 3 
 1969 230 6 
 633 537 5 
 603 633 4 
 1436 596 10 
 1973 1317 1 
 46 1603 1 
 1744 397 5 
 619 1873 8 
 1002 2087 10 
 1092 78 6 
 983 2007 6 
 1694 1310 10 
 2094 1528 9 
 553 2344 10 
 1002 1981 6 
 1380 2041 7 
 136 2264 10 
 1255 1258 3 
 1906 1352 8 
 65 1147 9 
 256 934 1 
 975 1684 4 
 726 249 3 
 705 2258 10 
 816 1011 10 
 290 1607 7 
 679 1291 7 
 619 881 5 
 154 879 10 
 1769 724 4 
 1351 421 1 
 1043 1173 8 
 1346 1771 1 
 612 1824 5 
 167 1461 6 
 815 1484 10 
 2200 1533 3 
 1088 2466 9 
 1031 1584 8 
 612 2298 9 
 1426 2333 8 
 1920 72 10 
 301 3 3 
 378 975 10 
 1222 1624 1 
 2126 1090 1 
 1216 1520 1 
 2343 1119 5 
 2344 1373 4 
 696 1150 4 
 728 302 7 
 1407 433 4 
 788 1749 5 
 1173 1338 8 
 1625 2199 3 
 1401 952 9 
 1563 77 8 
 714 381 2 
 2156 933 8 
 2003 2360 10 
 2157 700 1 
 964 633 3 
 1264 880 4 
 2419 934 3 
 2195 64 10 
 1411 303 6 
 2023 840 6 
 525 570 9 
 1931 1975 7 
 1455 1641 5 
 410 596 6 
 1664 943 8 
 563 1466 6 
 1753 2338 6 
 1093 476 3 
 391 601 8 
 1673 2041 8 
 262 1815 2 
 1190 611 2 
 1755 545 2 
 652 1029 7 
 1840 1310 6 
 1624 1353 7 
 486 833 7 
 1445 405 10 
 779 618 6 
 724 120 5 
 501 1176 10 
 904 1973 7 
 1888 1197 8 
 1407 2130 6 
 906 1050 5 
 1861 261 2 
 1600 537 8 
 649 863 6 
 2110 1115 4 
 1094 1676 1 
 970 1824 5 
 2239 2172 1 
 1577 2374 9 
 1831 2206 10 
 1114 2342 7 
 1819 1670 4 
 640 1413 8 
 2492 2405 2 
 716 397 10 
 107 1987 7 
 1528 2290 5 
 1811 1108 9 
 2173 933 3 
 349 2019 3 
 2136 960 2 
 1034 1495 8 
 1824 1500 6 
 2327 1133 6 
 884 363 10 
 1089 1394 10 
 2292 1756 4 
 1779 1931 2 
 1226 724 5 
 908 1039 2 
 879 1786 1 
 2228 927 6 
 1577 2070 3 
 580 128 4 
 440 1323 9 
 1642 1298 5 
 902 2347 10 
 2075 882 8 
 1373 1653 1 
 339 227 7 
 2209 620 2 
 1165 1846 1 
 2410 142 4 
 497 801 2 
 1912 808 6 
 1576 833 6 
 252 756 8 
 2094 2306 4 
 1310 13 6 
 1459 695 4 
 1749 2189 3 
 2170 3 1 
 519 488 1 
 250 188 10 
 2048 2473 2 
 1071 36 4 
 1254 1492 10 
 163 2075 1 
 1830 756 1 
 112 205 7 
 2068 1403 3 
 624 1508 10 
 2318 1715 1 
 701 86 10 
 2150 107 5 
 1488 80 2 
 256 2152 9 
 1607 33 4 
 839 1528 5 
 1147 2383 6 
 1186 1792 8 
 1349 1298 8 
 442 213 6 
 1229 1338 1 
 949 104 6 
 1317 796 3 
 1582 1112 3 
 151 222 7 
 1738 879 9 
 1837 1932 9 
 2356 1630 9 
 1885 1590 1 
 1313 1220 2 
 1753 1613 4 
 671 700 5 
 1173 2323 6 
 1564 2075 6 
 2106 1394 1 
 2367 678 4 
 2497 1094 3 
 2266 1606 7 
 1345 1034 2 
 1790 571 3 
 494 790 8 
 90 2376 6 
 410 485 6 
 1395 1966 2 
 1113 1963 1 
 838 1207 10 
 1902 2129 3 
 1231 1323 2 
 277 1437 2 
 1546 1605 8 
 2196 850 5 
 1522 2228 8 
 1049 413 1 
 2080 250 1 
 568 2130 1 
 1240 1593 9 
 1225 2067 7 
 602 1125 6 
 10 661 5 
 2145 577 1 
 2000 2136 4 
 1100 1373 5 
 1245 1463 3 
 447 1222 2 
 2417 1613 6 
 2123 1835 3 
 485 992 8 
 1244 2044 1 
 2367 180 8 
 1989 220 7 
 250 1336 4 
 936 1068 7 
 1037 525 3 
 1440 1608 9 
 1996 1586 5 
 2425 1090 7 
 774 456 7 
 1187 1318 2 
 2057 904 10 
 406 2427 1 
 2132 1113 7 
 2330 2243 9 
 745 2170 6 
 2292 1569 1 
 2094 1854 9 
 686 633 6 
 1247 770 5 
 372 1345 4 
 285 1313 10 
 781 179 9 
 2333 1446 8 
 775 1343 4 
 1807 1771 3 
 2454 320 2 
 2303 1467 4 
 2221 1437 8 
 2209 656 9 
 1522 2462 3 
 783 200 9 
 1715 352 3 
 1641 750 2 
 610 1850 9 
 2439 337 7 
 740 1436 3 
 391 1778 9 
 2027 1351 8 
 142 237 8 
 680 1741 3 
 15 230 8 
 2270 771 9 
 179 1713 4 
 534 348 5 
 358 476 7 
 1051 1030 1 
 1201 2155 5 
 2381 1472 7 
 856 1343 7 
 2152 1239 8 
 2119 2007 2 
 1502 258 10 
 765 1163 2 
 1584 2016 7 
 338 1684 8 
 583 783 4 
 2077 2462 3 
 1775 1679 5 
 1744 1073 6 
 421 1456 10 
 1888 551 8 
 429 1065 6 
 512 1242 1 
 874 2274 9 
 2186 81 2 
 738 180 3 
 1885 2061 6 
 1824 541 8 
 2170 599 6 
 1981 1227 10 
 126 337 2 
 1912 280 10 
 1498 645 9 
 1272 2070 7 
 1396 990 6 
 666 809 5 
 2255 1401 8 
 1804 2250 6 
 951 1617 7 
 1845 2393 1 
 1286 1256 3 
 2404 84 5 
 1695 995 2 
 177 272 3 
 1165 2014 8 
 2125 425 10 
 66 35 10 
 245 2447 7 
 1079 683 2 
 2244 1146 3 
 341 2094 4 
 1336 1360 10 
 982 1003 9 
 1396 403 1 
 1492 996 9 
 1988 222 2 
 1197 2216 8 
 1267 1467 5 
 75 2239 2 
 593 2404 7 
 2390 1453 10 
 22 1457 2 
 381 2254 4 
 2025 75 5 
 1790 394 1 
 1744 852 3 
 1443 728 7 
 225 1697 9 
 920 1736 10 
 2496 1413 10 
 2238 443 1 
 824 898 8 
 1173 1572 4 
 1089 187 5 
 1938 1169 7 
 793 762 3 
 1413 315 5 
 463 153 9 
 670 488 10 
 762 1182 2 
 1394 987 3 
 1378 1831 8 
 1765 1009 9 
 1930 525 8 
 1325 1424 1 
 2488 593 3 
 977 426 10 
 974 2419 6 
 860 1783 3 
 1336 1843 7 
 2486 694 7 
 1492 1121 2 
 589 102 9 
 377 1843 3 
 494 994 9 
 1679 857 6 
 1003 2477 5 
 1217 86 3 
 2027 1183 10 
 1964 1031 10 
 95 1697 4 
 1892 64 7 
 1997 349 3 
 538 885 3 
 1192 2367 3 
 233 1074 4 
 74 136 10 
 1634 3 2 
 1619 859 9 
 568 548 5 
 281 2206 10 
 965 1630 1 
 1466 918 1 
 1707 1454 3 
 873 1879 4 
 348 2449 8 
 2411 2430 3 
 2307 128 10 
 1803 421 1 
 2459 701 8 
 1165 1397 7 
 2331 730 10 
 277 1083 4 
 1056 2112 5 
 3 1967 7 
 821 1090 10 
 1330 1773 2 
 159 120 8 
 425 2329 2 
 1800 179 10 
 1800 2361 5 
 1478 838 7 
 1644 452 2 
 1393 1673 4 
 1408 419 1 
 2455 102 6 
 418 74 2 
 644 829 7 
 893 1447 1 
 2024 1393 2 
 1264 197 5 
 1921 2013 4 
 2190 1525 3 
 897 105 6 
 1143 319 5 
 774 199 6 
 1040 614 6 
 380 2181 10 
 2433 1578 10 
 2339 393 9 
 905 2231 10 
 1733 1365 8 
 984 2213 4 
 2204 1961 4 
 1733 2009 5 
 758 1572 5 
 712 1239 5 
 2266 1517 8 
 2088 1364 6 
 1092 1725 8 
 770 1672 10 
 48 2454 9 
 197 2395 9 
 2343 2185 3 
 2475 184 6 
 1302 321 6 
 1258 2188 6 
 1997 1212 5 
 403 276 4 
 600 2130 2 
 603 229 5 
 362 1318 7 
 469 813 4 
 2075 1867 6 
 631 1923 2 
 1075 851 6 
 1903 1322 7 
 1108 876 8 
 1547 1286 1 
 2314 2155 4 
 215 77 3 
 1559 884 9 
 391 1334 3 
 2491 2035 10 
 1358 2159 1 
 1137 738 4 
 1674 2152 2 
 71 2347 8 
 681 1330 2 
 57 519 4 
 185 595 4 
 1043 1465 6 
 1732 1147 1 
 1624 1858 5 
 261 1257 6 
 429 133 4 
 52 1378 6 
 1745 914 9 
 535 2014 6 
 261 582 8 
 1293 349 8 
 381 2101 1 
 76 151 3 
 905 214 3 
 1552 1733 9 
 1030 878 7 
 1324 358 8 
 2458 364 1 
 131 206 5 
 1981 1202 8 
 695 1335 1 
 2062 690 1 
 2088 543 7 
 440 186 8 
 535 1796 8 
 278 1870 1 
 1156 838 10 
 1377 2009 2 
 618 2474 4 
 666 2055 9 
 540 744 2 
 514 112 6 
 1426 2441 2 
 579 1291 6 
 1044 918 8 
 1823 663 7 
 1144 1859 4 
 2285 2435 8 
 1795 1687 10 
 1002 2394 1 
 2232 1800 7 
 2493 977 2 
 1622 533 7 
 505 1889 7 
 342 765 1 
 1362 317 7 
 876 157 7 
 759 1785 4 
 1768 2172 4 
 1902 2275 9 
 621 746 5 
 670 628 7 
 1512 1212 6 
 553 1481 3 
 234 2027 1 
 2167 489 3 
 789 592 8 
 2163 57 7 
 705 2357 3 
 135 906 3 
 992 284 7 
 1182 1538 7 
 1344 142 4 
 1836 1474 9 
 1949 2033 7 
 1 755 5 
 1230 2130 6 
 1375 1345 5 
 2091 2123 2 
 87 1166 2 
 1770 279 1 
 250 2149 7 
 668 1055 7 
 1425 1728 3 
 1076 2262 1 
 1545 1170 4 
 1635 1074 2 
 1218 214 10 
 1333 1822 4 
 2366 2314 2 
 437 301 2 
 1343 162 9 
 2218 1209 5 
 2263 1454 10 
 1830 2166 6 
 391 404 7 
 698 1753 8 
 645 1941 9 
 1158 1713 2 
 901 87 3 
 1936 1502 5 
 762 895 7 
 1060 792 4 
 118 614 4 
 1412 2371 5 
 2064 2175 8 
 2427 2251 5 
 371 1889 1 
 699 1879 9 
 1177 2262 2 
 282 1089 2 
 1999 645 9 
 1343 1965 10 
 1963 1970 5 
 1196 880 5 
 842 2248 10 
 1496 1605 10 
 1411 1722 2 
 227 1709 10 
 587 366 5 
 346 1401 4 
 719 611 7 
 2472 1072 2 
 2064 1657 2 
 2251 1109 1 
 1672 288 7 
 149 1733 3 
 241 990 2 
 1005 2370 1 
 2418 2239 5 
 2102 644 3 
 2044 1959 1 
 2398 1928 8 
 1193 429 9 
 1011 735 10 
 381 260 3 
 186 423 1 
 151 572 10 
 486 2047 7 
 52 751 4 
 2313 2436 10 
 1171 2459 9 
 20 2475 10 
 473 600 6 
 1709 1587 3 
 910 2248 2 
 1606 270 8 
 18 1380 8 
 2339 1359 10 
 525 1243 5 
 41 1847 10 
 293 1421 1 
 1683 1934 5 
 1696 893 2 
 1183 1309 3 
 34 18 10 
 1856 2070 1 
 1622 1250 6 
 2124 768 10 
 149 1251 9 
 2184 80 9 
 1625 889 9 
 46 2317 10 
 919 1713 2 
 1632 2185 8 
 2004 1110 6 
 1092 2499 6 
 1455 1648 6 
 2479 67 9 
 593 1985 6 
 2086 1216 4 
 2232 782 10 
 2 819 4 
 2190 1398 5 
 753 1582 6 
 1604 442 1 
 638 242 7 
 2031 1713 9 
 2051 1564 2 
 2259 760 6 
 1749 4 5 
 1356 2117 6 
 2225 229 3 
 1594 788 4 
 1198 480 10 
 977 1982 9 
 741 1903 9 
 2027 931 1 
 1525 2415 8 
 444 714 2 
 1929 1503 1 
 347 2173 7 
 154 221 8 
 549 649 1 
 1922 879 7 
 457 570 7 
 1550 2020 1 
 1383 1201 10 
 593 1138 10 
 460 996 4 
 2229 1155 9 
 325 501 4 
 1434 894 3 
 814 309 8 
 918 398 8 
 847 2020 10 
 1669 2447 10 
 1377 2468 10 
 1432 2147 2 
 1638 910 9 
 1561 1079 4 
 492 771 5 
 1047 2366 6 
 1691 1558 6 
 1477 977 9 
 2135 2475 3 
 11 2160 6 
 360 242 3 
 1272 2296 10 
 489 2494 3 
 989 1491 3 
 581 500 7 
 368 2132 8 
 2275 499 1 
 1988 1038 10 
 75 1685 7 
 1315 236 8 
 525 632 5 
 1647 644 9 
 249 1799 7 
 337 181 1 
 239 41 4 
 1119 1035 4 
 2418 117 1 
 1828 699 2 
 1032 74 6 
 2457 994 6 
 1397 2321 7 
 1982 1995 9 
 1750 554 8 
 392 380 5 
 1131 1731 3 
 905 1524 10 
 2252 403 4 
 2126 660 1 
 839 395 3 
 58 695 9 
 576 625 4 
 257 1965 6 
 219 199 6 
 664 591 3 
 1883 1296 5 
 2078 946 6 
 872 2479 5 
 575 1603 7 
 21 72 8 
 964 2002 5 
 1517 2471 2 
 317 2058 8 
 1031 1026 1 
 3 2320 8 
 546 2088 2 
 2126 684 10 
 678 1117 4 
 315 330 10 
 287 921 5 
 217 2201 8 
 1027 1296 10 
 2489 1817 4 
 1736 566 1 
 334 1222 6 
 675 1538 2 
 38 765 8 
 193 2390 9 
 2420 2493 9 
 458 840 9 
 2315 410 5 
 1605 2040 4 
 1002 294 6 
 1486 10 5 
 1407 1855 6 
 139 2476 2 
 1263 1032 6 
 1393 564 7 
 684 725 5 
 2440 2448 1 
 137 1867 10 
 991 1128 1 
 840 2131 7 
 1993 696 8 
 1124 2383 8 
 1948 983 9 
 370 2339 1 
 1890 74 6 
 154 739 8 
 936 826 8 
 2049 1676 4 
 1249 756 6 
 335 2024 8 
 973 1074 1 
 1419 480 4 
 1100 961 10 
 1066 154 5 
 164 2308 3 
 1942 1199 7 
 840 2176 7 
 2313 836 10 
 8 580 9 
 287 111 10 
 2316 1042 10 
 1582 178 8 
 168 1075 9 
 1568 1341 2 
 3 1979 8 
 624 1129 1 
 615 1856 9 
 849 302 6 
 687 857 3 
 1631 568 9 
 1802 571 6 
 1916 1552 7 
 1123 1504 4 
 20 2310 6 
 1434 604 8 
 1197 2287 5 
 1103 2040 8 
 1832 2326 1 
 1625 1654 8 
 1701 1505 2 
 1718 1383 2 
 408 2073 10 
 2282 193 6 
 1723 2494 2 
 529 856 10 
 825 672 8 
 1812 1365 8 
 2493 1540 2 
 183 877 9 
 2119 141 5 
 1881 489 2 
 1931 986 4 
 1537 320 2 
 1462 2449 3 
 2316 1735 10 
 1978 300 9 
 1453 2413 3 
 1034 2422 2 
 2147 323 2 
 774 1623 7 
 446 1056 6 
 2474 2249 6 
 491 2394 6 
 1103 1911 10 
 298 1832 9 
 2155 1548 10 
 1566 1142 8 
 1209 606 1 
 1989 2271 8 
 2269 1203 7 
 1908 395 7 
 1273 1 1 
 362 2234 10 
 494 1414 2 
 1629 898 5 
 529 1101 7 
 1254 691 9 
 509 1383 9 
 406 508 5 
 187 2143 2 
 284 1223 10 
 1835 528 6 
 1049 667 9 
 482 2404 6 
 143 1376 9 
 1292 1873 10 
 1069 465 5 
 1632 6 5 
 2190 209 7 
 1333 729 10 
 1608 1918 10 
 2137 1539 3 
 653 228 4 
 991 441 5 
 1490 222 2 
 569 2441 1 
 2161 408 10 
 1776 611 8 
 1515 244 6 
 1212 478 5 
 385 1186 8 
 1196 5 8 
 646 2044 4 
 2147 2465 1 
 1846 484 2 
 1813 2474 7 
 311 1777 6 
 1720 1921 6 
 239 2442 8 
 1752 2441 6 
 1736 1102 5 
 1236 2132 8 
 964 1151 1 
 1746 1890 5 
 1817 766 10 
 2438 2410 8 
 1594 1758 3 
 354 138 9 
 2091 243 3 
 2075 1574 4 
 2002 520 8 
 908 1350 6 
 1523 1919 2 
 499 16 5 
 1664 1145 1 
 2074 968 6 
 126 158 5 
 277 108 8 
 613 2405 2 
 1791 1275 2 
 331 1180 5 
 1544 1840 2 
 1460 184 10 
 502 874 8 
 2372 2323 5 
 1955 2079 6 
 109 1117 8 
 894 2337 4 
 381 1514 5 
 2348 616 4 
 2054 2180 3 
 2110 1952 8 
 262 1689 8 
 2361 207 1 
 648 875 6 
 777 1419 6 
 1878 1752 6 
 1805 2143 4 
 1632 1899 6 
 1407 1451 8 
 400 2069 6 
 1460 798 1 
 2322 2243 10 
 1242 1761 7 
 2337 890 5 
 439 842 2 
 946 1992 9 
 1457 2453 3 
 1055 1909 7 
 215 336 7 
 301 1106 6 
 562 111 6 
 89 2401 6 
 116 1802 8 
 2110 1081 1 
 2240 1232 2 
 1344 848 9 
 2022 1709 5 
 1504 1270 5 
 1835 224 9 
 590 2388 8 
 1101 1248 1 
 904 62 8 
 2216 1762 8 
 1390 1546 6 
 1472 1420 1 
 13 2245 6 
 205 608 3 
 2367 598 8 
 794 298 2 
 2450 633 4 
 1380 1983 5 
 494 2043 4 
 1263 830 6 
 525 1015 9 
 1609 2009 5 
 801 1968 8 
 833 2311 9 
 1905 2077 6 
 1711 1707 2 
 1096 1928 5 
 1551 2319 8 
 415 236 10 
 1659 180 6 
 60 252 5 
 719 1086 4 
 1147 2350 5 
 1176 1506 8 
 1436 1489 9 
 922 1512 6 
 1449 1479 2 
 2500 2453 6 
 1000 1394 5 
 2246 2463 6 
 2346 663 3 
 932 1150 6 
 1453 1953 3 
 2385 2189 9 
 866 234 10 
 823 2034 4 
 324 523 9 
 481 1785 7 
 813 665 4 
 438 2323 10 
 2267 2270 7 
 2348 1385 1 
 2235 492 6 
 540 1262 1 
 1053 1607 1 
 510 232 5 
 575 2116 3 
 565 765 9 
 2055 957 8 
 1919 2345 8 
 1809 15 1 
 1044 1529 2 
 1175 229 2 
 2023 2158 2 
 755 1583 6 
 913 1459 3 
 787 409 7 
 1858 125 7 
 2228 2179 10 
 1057 242 7 
 736 293 6 
 73 410 1 
 2399 2367 3 
 304 1913 9 
 2396 1117 4 
 1092 1475 1 
 402 1563 10 
 1680 2189 5 
 1596 425 1 
 1254 2490 2 
 1575 2312 9 
 68 2176 2 
 1700 914 6 
 240 762 10 
 1451 1636 6 
 2365 1605 2 
 2399 1610 6 
 308 1490 1 
 1197 100 5 
 647 948 8 
 2053 86 5 
 314 437 10 
 861 2034 6 
 2257 1458 5 
 2455 195 4 
 975 47 3 
 2174 975 5 
 2428 1758 5 
 1854 427 5 
 1805 203 5 
 2041 1907 1 
 812 926 6 
 144 41 4 
 254 32 4 
 1538 2096 3 
 283 67 5 
 541 2099 10 
 981 2033 4 
 190 440 7 
 254 1925 10 
 1603 264 6 
 696 1435 5 
 2007 2215 1 
 1866 8 3 
 2450 2154 7 
 1728 99 10 
 1779 2032 7 
 1987 1554 9 
 1004 1196 7 
 2270 806 9 
 690 472 4 
 547 440 1 
 1541 961 8 
 1246 604 7 
 806 1716 5 
 2302 104 4 
 1425 2478 6 
 669 1292 4 
 2346 2444 2 
 988 1264 2 
 680 531 10 
 1672 2015 1 
 296 485 2 
 930 2298 10 
 1008 1990 2 
 1273 609 10 
 2017 413 1 
 2287 1841 7 
 1387 1937 3 
 175 1245 7 
 1630 1059 9 
 2099 96 9 
 1312 1660 8 
 1630 622 4 
 1382 1102 7 
 1981 1012 1 
 1757 1240 8 
 2433 1020 8 
 1285 502 8 
 1551 1469 4 
 1828 466 9 
 1351 27 7 
 654 1632 3 
 992 1886 6 
 1163 1284 8 
 53 2428 4 
 1510 1980 7 
 1760 620 2 
 246 1364 9 
 1816 1949 10 
 1933 1192 7 
 1372 547 6 
 803 1747 10 
 422 1738 1 
 1782 1292 3 
 1188 1140 2 
 804 1985 10 
 883 649 1 
 276 1001 10 
 87 1021 5 
 130 418 8 
 46 2198 10 
 31 1558 6 
 2280 1165 5 
 1668 161 9 
 1952 2482 4 
 365 1124 1 
 748 2308 9 
 2032 1160 3 
 1518 1421 3 
 1098 821 6 
 647 1616 1 
 2023 212 1 
 248 1098 5 
 929 2223 7 
 557 1116 4 
 46 2090 3 
 88 1151 6 
 243 1423 7 
 1971 2068 1 
 417 504 8 
 986 2211 4 
 896 324 9 
 245 1748 4 
 1794 354 7 
 250 1717 6 
 862 509 3 
 2192 1632 6 
 1469 129 1 
 1670 326 5 
 1731 1162 8 
 1622 711 10 
 1348 2251 5 
 1535 1488 9 
 377 1884 10 
 387 1114 1 
 1273 924 4 
 209 692 10 
 1316 1735 9 
 2362 1209 9 
 969 1567 1 
 937 2490 4 
 588 2028 1 
 268 2027 6 
 655 2201 9 
 2132 1784 5 
 2046 655 2 
 1393 2364 2 
 176 1316 1 
 2196 573 2 
 2072 549 4 
 2445 1029 4 
 1645 1448 5 
 48 269 2 
 2271 2107 5 
 2379 2085 9 
 1370 581 7 
 1171 1271 2 
 1275 938 10 
 528 1221 4 
 1387 25 1 
 731 949 9 
 643 2372 4 
 1058 877 10 
 831 2482 8 
 1081 2202 7 
 587 674 7 
 372 1399 2 
 474 1971 3 
 456 2406 5 
 2253 2228 10 
 2126 1781 9 
 1901 363 9 
 343 2152 8 
 443 2089 3 
 630 2213 10 
 2390 119 5 
 1959 959 4 
 1572 2105 9 
 1714 76 2 
 879 263 6 
 2038 1373 2 
 1003 2400 2 
 84 2098 10 
 2226 1918 4 
 1302 688 8 
 1334 2279 2 
 2081 741 7 
 1100 1024 5 
 1235 307 10 
 1520 1122 4 
 135 97 3 
 1111 661 9 
 1695 1306 6 
 170 1310 9 
 2205 1096 8 
 531 2108 9 
 1975 1943 9 
 579 1307 5 
 1294 1018 4 
 578 2143 6 
 1002 39 9 
 296 2412 2 
 2164 1664 2 
 1704 1046 5 
 1670 156 7 
 985 1889 8 
 2299 656 6 
 2470 1330 5 
 829 449 10 
 1079 192 5 
 1946 908 8 
 1478 2104 3 
 1280 1531 5 
 26 1032 2 
 1350 1228 8 
 1368 1495 7 
 28 706 1 
 49 767 6 
 399 413 10 
 1953 23 4 
 2262 2214 3 
 2431 1122 4 
 1721 76 9 
 2052 2194 8 
 1891 91 9 
 2063 2492 10 
 2360 2334 10 
 266 371 5 
 2243 887 7 
 1480 1459 1 
 2207 732 5 
 2164 123 7 
 695 807 4 
 277 1204 2 
 2069 17 1 
 636 1215 2 
 1517 344 2 
 457 2029 4 
 1386 881 1 
 940 1321 9 
 2148 324 3 
 1028 161 5 
 2201 275 7 
 2312 238 4 
 179 629 4 
 726 1381 6 
 1503 797 8 
 1075 218 6 
 2409 1378 4 
 709 840 2 
 998 819 4 
 604 827 4 
 1958 1946 8 
 1021 198 2 
 2150 916 8 
 90 717 5 
 2456 729 9 
 1947 2028 1 
 93 643 4 
 1081 1167 5 
 1580 970 1 
 1286 174 3 
 2168 830 5 
 1484 641 3 
 1299 1722 8 
 2278 844 9 
 946 1224 6 
 947 738 10 
 1934 761 5 
 215 1328 2 
 1600 1493 7 
 1875 151 9 
 1101 1833 2 
 70 1729 9 
 721 610 1 
 2217 2088 10 
 2127 33 3 
 344 2066 2 
 1288 604 1 
 373 1949 5 
 1720 1487 3 
 584 2463 4 
 2288 1777 10 
 2062 972 4 
 2318 722 3 
 542 1709 3 
 520 685 8 
 832 296 4 
 2242 947 2 
 865 156 9 
 959 1730 6 
 1691 742 1 
 939 1175 8 
 1557 283 4 
 1788 1243 6 
 1278 2003 4 
 2034 2142 8 
 1849 1964 2 
 638 1801 8 
 1254 55 7 
 476 1994 3 
 833 1862 2 
 909 1250 8 
 1098 955 9 
 767 521 6 
 2420 1219 6 
 763 732 10 
 1377 2309 5 
 1505 1494 5 
 212 747 1 
 740 1543 9 
 1974 29 10 
 2305 333 6 
 2168 2325 4 
 2346 79 8 
 1140 1332 2 
 2036 889 9 
 332 1118 9 
 580 327 7 
 1153 1756 1 
 534 1924 5 
 1492 795 7 
 926 1655 7 
 2479 1573 10 
 2009 155 2 
 945 27 1 
 2407 2313 8 
 704 1475 8 
 806 470 3 
 2481 1941 9 
 241 2391 5 
 267 1515 9 
 1200 1601 6 
 25 1366 1 
 1690 2440 1 
 1995 2261 3 
 120 1416 9 
 506 423 8 
 1320 1146 2 
 1597 111 4 
 1106 2354 4 
 2416 326 10 
 1107 100 4 
 2029 1865 3 
 487 2216 5 
 1178 2351 5 
 105 379 6 
 727 2102 1 
 54 1158 9 
 446 451 8 
 883 2083 2 
 1783 2165 8 
 2072 329 5 
 811 632 8 
 1257 1410 8 
 1702 1067 7 
 2129 2111 2 
 2140 844 10 
 1507 1257 5 
 2284 807 1 
 20 1444 9 
 172 1906 2 
 430 1498 10 
 2298 907 5 
 160 635 10 
 433 536 4 
 1681 1799 5 
 103 1350 9 
 463 776 1 
 1213 2267 6 
 555 563 6 
 2395 1627 9 
 1418 2064 10 
 1168 2473 9 
 495 2330 10 
 572 1571 2 
 2050 1243 8 
 1104 2055 4 
 971 8 6 
 2368 976 7 
 122 862 8 
 2082 344 2 
 2487 2004 9 
 265 687 8 
 2172 658 8 
 2443 1321 5 
 2148 1261 4 
 1318 2332 4 
 1983 1130 4 
 1755 650 1 
 379 12 2 
 293 1829 2 
 2479 1282 7 
 559 2456 10 
 1283 122 8 
 428 694 4 
 1239 1054 6 
 1682 301 9 
 1956 661 5 
 71 454 6 
 87 2281 6 
 2002 2241 1 
 1527 2229 2 
 337 1126 8 
 182 2347 3 
 715 40 4 
 693 1901 7 
 1859 2373 5 
 555 50 8 
 1415 1372 2 
 2011 398 4 
 1463 892 7 
 1743 514 7 
 999 150 8 
 1759 2124 3 
 1404 1622 10 
 1216 1061 3 
 869 2474 9 
 1712 1961 3 
 1069 867 1 
 709 44 9 
 757 1320 4 
 1614 738 1 
 227 1882 6 
 1305 823 1 
 2182 1453 9 
 2483 195 4 
 2381 2120 1 
 1602 492 7 
 2032 1509 10 
 1869 2054 10 
 312 2062 8 
 607 1387 10 
 1688 1216 5 
 1001 1726 9 
 1441 308 10 
 1899 2153 8 
 453 490 8 
 402 870 10 
 1649 279 9 
 592 357 9 
 1740 1669 2 
 1460 1091 8 
 1082 2198 10 
 786 1870 10 
 2354 1132 2 
 1484 923 8 
 1304 1142 8 
 2045 1397 3 
 1237 1655 6 
 933 1699 1 
 297 73 3 
 432 991 8 
 1556 282 8 
 2071 1753 9 
 1678 2024 3 
 67 2183 8 
 149 1555 2 
 339 2380 1 
 1317 963 7 
 1209 1139 9 
 1708 1052 5 
 507 1942 6 
 1863 1287 2 
 374 2170 3 
 1131 2122 6 
 1075 124 9 
 1962 1480 7 
 2053 1087 3 
 1547 1501 8 
 595 1806 10 
 844 1532 4 
 931 1234 9 
 2037 960 2 
 1342 1824 5 
 1690 1253 2 
 916 623 1 
 2363 877 6 
 337 165 3 
 1710 793 10 
 825 703 2 
 1176 2005 4 
 438 1078 9 
 1374 1624 3 
 2228 749 6 
 1793 622 5 
 1384 1821 7 
 1358 1599 7 
 382 2380 5 
 1714 2480 1 
 1680 146 9 
 69 2256 4 
 1469 356 1 
 1429 1487 3 
 81 59 7 
 1099 2223 1 
 651 1816 4 
 646 841 2 
 313 2368 3 
 1665 2257 6 
 384 1661 2 
 1299 1428 1 
 754 2124 1 
 76 1097 9 
 950 1975 6 
 340 2104 2 
 118 1900 1 
 843 1027 3 
 1210 570 5 
 659 542 8 
 377 390 5 
 1402 1746 4 
 7 297 4 
 920 2092 9 
 2437 1390 5 
 2114 472 7 
 1087 734 5 
 2171 209 2 
 567 2296 3 
 2431 1326 10 
 940 837 1 
 2353 435 10 
 1963 2421 8 
 2104 1148 4 
 978 1557 1 
 2238 2460 2 
 1640 1035 3 
 813 2144 1 
 667 2434 10 
 1548 1618 1 
 1998 603 1 
 386 1481 5 
 2392 1041 6 
 1567 1895 7 
 108 707 5 
 846 1745 3 
 1703 654 2 
 2197 1593 6 
 2459 1499 4 
 707 1874 8 
 148 272 3 
 1410 2193 3 
 1590 1185 4 
 1997 1464 3 
 1513 1946 5 
 997 2174 2 
 2080 1301 8 
 1205 2106 10 
 2387 761 3 
 1504 2118 9 
 1053 662 4 
 2266 355 8 
 1798 1753 1 
 2375 1888 4 
 2227 1855 8 
 85 1397 8 
 2472 132 5 
 527 1635 1 
 1724 950 5 
 101 911 8 
 1741 539 1 
 731 1181 9 
 236 414 6 
 822 2122 6 
 1240 1767 7 
 1080 1208 5 
 1152 2173 2 
 1172 644 7 
 1067 743 10 
 976 2010 2 
 1303 356 1 
 2403 414 8 
 915 1017 1 
 1070 773 5 
 1480 2408 10 
 2053 2369 6 
 1032 9 8 
 716 1848 1 
 83 1173 10 
 242 556 10 
 574 349 3 
 2001 1304 6 
 1016 1840 10 
 295 844 9 
 21 350 1 
 1674 2446 5 
 1864 1947 4 
 1297 2258 5 
 1071 1468 10 
 2093 293 9 
 1022 2342 3 
 1272 912 4 
 2170 1877 10 
 1898 1625 4 
 2458 1277 1 
 820 264 7 
 2054 1915 4 
 1749 958 10 
 1331 2390 1 
 1053 778 3 
 1222 63 4 
 1363 1326 4 
 424 669 9 
 296 1893 5 
 2476 1851 8 
 672 2103 3 
 1780 2415 7 
 1327 676 4 
 1105 2315 9 
 1839 2274 2 
 858 1051 9 
 2013 1406 6 
 2224 1294 10 
 1337 1116 9 
 419 1268 2 
 1427 1715 2 
 1562 749 5 
 1430 2436 6 
 1241 1220 7 
 2286 1544 10 
 475 1181 7 
 2037 2485 10 
 2448 2297 1 
 314 1808 10 
 1701 353 1 
 544 359 9 
 2059 1952 2 
 1228 530 6 
 171 146 3 
 500 532 6 
 605 710 10 
 2414 488 3 
 2267 1957 7 
 1831 45 3 
 705 1705 3 
 2414 483 3 
 383 870 7 
 2030 2034 9 
 1099 2095 10 
 954 2228 1 
 1308 1745 5 
 2401 189 9 
 1591 1497 2 
 1124 147 2 
 1620 161 6 
 1728 1876 6 
 103 2340 3 
 780 1415 6 
 697 1386 10 
 1742 1360 9 
 769 1936 4 
 1667 395 3 
 2452 612 8 
 46 1542 3 
 2260 1420 5 
 223 472 3 
 550 736 4 
 1797 1965 7 
 1702 273 2 
 2234 1295 2 
 1006 1419 5 
 1211 853 3 
 2023 2006 1 
 1156 1450 5 
 595 389 2 
 690 594 2 
 871 1079 6 
 461 721 3 
 2286 1734 9 
 2169 1866 1 
 1612 2009 4 
 582 1897 1 
 2110 1766 7 
 1742 737 9 
 2432 1017 4 
 1295 1354 5 
 2247 1572 3 
 1817 1827 10 
 1007 883 8 
 368 1519 7 
 1871 135 10 
 1966 899 9 
 513 448 6 
 1436 657 3 
 82 2182 10 
 2428 1639 3 
 1893 1951 5 
 1127 326 9 
 1260 810 8 
 2352 2149 10 
 2039 1835 2 
 879 1149 7 
 1104 1276 3 
 1986 376 3 
 127 1576 3 
 1477 407 9 
 768 1852 7 
 920 1266 9 
 1549 249 10 
 511 2153 7 
 256 791 9 
 2467 423 1 
 237 1935 7 
 2480 196 10 
 254 1064 3 
 1960 99 1 
 885 462 6 
 1857 277 9 
 1367 114 1 
 586 1956 6 
 1265 298 4 
 1495 979 2 
 1154 581 2 
 1164 1179 9 
 1166 1161 8 
 192 1868 1 
 210 1156 5 
 1818 957 2 
 168 2220 9 
 857 752 3 
 464 2443 8 
 1945 471 7 
 2109 1755 1 
 2017 145 3 
 71 1521 10 
 1323 1652 1 
 1975 1939 9 
 1950 672 3 
 1394 431 4 
 794 1369 2 
 897 1917 6 
 1492 1194 7 
 318 102 5 
 855 2396 5 
 1389 1250 10 
 785 2123 9 
 261 1417 1 
 944 878 4 
 2038 1136 5 
 572 306 5 
 2147 134 7 
 673 380 9 
 2141 2090 4 
 1463 271 5 
 1726 639 2 
 759 1184 3 
 678 140 4 
 1789 510 9 
 2328 233 9 
 2063 1195 4 
 888 2096 3 
 1787 1925 9 
 329 1853 10 
 1919 2426 2 
 1908 2008 9 
 117 980 8 
 901 1319 6 
 585 640 3 
 854 29 8 
 419 455 5 
 1389 1589 6 
 367 46 5 
 558 1680 8 
 1608 2359 5 
 1763 279 5 
 1838 312 7 
 558 322 8 
 182 1473 8 
 1686 1227 9 
 2075 1663 6 
 1680 1984 6 
 2459 925 10 
 1588 1832 1 
 2423 1455 5 
 561 1870 10 
 714 289 1 
 2048 2378 4 
 1259 1948 2 
 1976 493 7 
 1787 1650 3 
 2495 50 10 
 271 2301 2 
 1247 1536 8 
 462 1977 5 
 908 1940 2 
 1754 1444 9 
 2160 1516 7 
 67 2237 9 
 1942 784 6 
 572 1269 1 
 2031 2138 7 
 693 1340 8 
 1564 316 1 
 2149 1927 5 
 2324 1949 8 
 2123 401 1 
 2349 1639 2 
 2276 1380 8 
 2065 275 4 
 247 2365 5 
 1611 2428 3 
 2100 347 2 
 1863 255 6 
 338 1677 8 
 1357 499 3 
 101 1405 1 
 1624 1579 3 
 1938 1063 6 
 291 919 7 
 151 37 2 
 115 1724 10 
 1145 1391 2 
 2053 1422 1 
 2277 2354 7 
 1349 962 10 
 245 1511 6 
 1787 14 4 
 1083 966 3 
 288 2187 7 
 872 345 5 
 935 2192 3 
 257 2272 4 
 1313 1379 5 
 617 693 6 
 235 239 4 
 1475 634 8 
 1274 707 4 
 315 1651 5 
 1904 1104 2 
 184 1014 9 
 1764 700 10 
 837 2178 8 
 1237 305 9 
 522 619 9 
 177 1233 10 
 1314 1821 2 
 702 236 9 
 1598 1917 8 
 420 522 9 
 233 1991 9 
 2451 1489 6 
 1281 1457 3 
 886 415 4 
 2150 498 9 
 1042 1483 4 
 1080 517 10 
 1852 2042 2 
 1666 621 9 
 2397 1224 7 
 148 1646 7 
 1164 434 1 
 2370 2012 5 
 1053 845 8 
 1810 1101 2 
 1168 2222 7 
 622 19 6 
 310 1438 9 
 2163 479 9 
 1896 1556 6 
 1077 1941 9 
 412 1407 4 
 764 894 9 
 2086 2295 1 
 211 1861 10 
 1944 933 7 
 1893 1452 8 
 944 94 1 
 1553 376 3 
 518 460 7 
 2382 912 3 
 1179 152 8 
 1214 449 8 
 1671 382 7 
 2119 1954 2 
 2114 2133 8 
 570 2291 1 
 1388 2094 1 
 171 2283 7 
 1887 838 1 
 1814 1720 7 
 1942 1019 2 
 191 1173 5 
 1439 466 10 
 702 1025 3 
 1417 1751 7 
 204 354 8 
 2374 503 4 
 657 328 2 
 699 113 6 
 2336 456 1 
 720 2084 9 
 2275 1062 9 
 2058 1698 2 
 1120 1597 7 
 942 2152 8 
 337 251 2 
 627 1789 2 
 436 37 1 
 1341 1910 4 
 2398 2464 4 
 2304 395 7 
 1880 767 6 
 2134 2013 6 
 1031 388 5 
 2128 2400 5 
 1013 2285 9 
 1152 708 8 
 286 1983 10 
 936 1894 4 
 2141 1159 7 
 309 552 9 
 835 695 1 
 1799 1615 10 
 1486 2384 1 
 2046 1560 7 
 1656 1653 2 
 1559 2146 10 
 560 1338 2 
 689 742 1 
 928 1669 10 
 194 1630 1 
 253 156 9 
 2221 903 6 
 1326 1085 10 
 1300 1558 5 
 343 467 10 
 169 1177 2 
 2424 500 8 
 1184 1409 9 
 2338 2389 4 
 233 2021 1 
 2151 486 7 
 1774 56 10 
 941 2484 10 
 2056 1043 7 
 597 1504 1 
 723 1841 6 
 1191 2014 4 
 1189 110 3 
 1972 2395 1 
 2299 1595 8 
 593 1633 9 
 557 259 5 
 2076 1597 7 
 375 991 3 
 703 1692 2 
 2097 1772 5 
 891 2382 9 
 106 87 6 
 694 202 6 
 1048 2083 10 
 1751 900 8 
 828 2306 8 
 1033 2340 8 
 126 1592 2 
 450 1082 2 
 673 1361 5 
 2236 839 4 
 1439 1095 5 
 257 1926 1 
 1730 1470 10 
 1221 799 4 
 1498 2113 4 
 1618 1581 6 
 1736 1534 9 
 1563 953 7 
 2236 1914 5 
 1493 1135 1 
 1842 972 10 
 808 1643 3 
 677 1664 3 
 2228 1658 6 
 1822 1565 2 
 1248 2162 1 
 1812 2026 10 
 719 1945 3 
 1482 232 4 
 1496 1775 4 
 49 840 3 
 812 1967 4 
 634 1274 2 
 191 1049 3 
 116 2200 2 
 1762 1277 2 
 113 1078 3 
 978 1636 5 
 67 2060 4 
 2397 2435 8 
 347 1234 3 
 165 2129 5 
 465 1504 1 
 1729 584 8 
 1590 2039 2 
 381 93 9 
 1934 625 5 
 547 1537 2 
 302 1526 3 
 1130 923 3 
 2304 1086 10 
 533 1874 7 
 1726 623 6 
 994 1381 2 
 519 467 2 
 1293 783 3 
 1774 1414 10 
 196 115 10 
 1139 1921 2 
 2450 990 8 
 2415 1631 8 
 1934 1970 7 
 799 1129 4 
 1787 2376 6 
 576 1571 1 
 90 1399 5 
 1984 2128 7 
 1263 2052 8 
 16 2486 9 
 1179 129 2 
 2422 67 5 
 1854 1351 1 
 551 2285 4 
 1355 1027 8 
 2394 588 8 
 651 45 4 
 2285 820 7 
 1704 205 4 
 1443 953 3 
 1150 312 5 
 160 122 8 
 1452 2475 9 
 1418 859 10 
 632 934 4 
 522 616 1 
 1176 1751 3 
 260 2475 5 
 1332 1348 5 
 1664 5 6 
 1421 1605 1 
 562 1087 9 
 554 753 9 
 292 864 6 
 1218 1427 3 
 1016 1466 10 
 1168 1355 2 
 2393 1227 7 
 958 814 8 
 1598 64 8 
 1649 1265 7 
 2324 1145 1 
 172 2453 3 
 1073 1265 10 
 1509 135 4 
 1589 326 3 
 834 1237 1 
 1491 1829 1 
 2498 20 7 
 22 1897 9 
 1493 2279 5 
 1555 1203 2 
 1211 384 4 
 1953 931 7 
 2466 1293 9 
 1560 1343 8 
 1357 1847 8 
 1384 664 5 
 940 1625 2 
 1419 786 7 
 2174 3 6 
 2137 699 6 
 604 614 10 
 1540 1635 9 
 274 2218 5 
 1073 2088 9 
 2061 2078 10 
 12 271 5 
 1501 2489 9 
 185 789 6 
 1624 685 5 
 1725 1042 9 
 2179 251 6 
 383 1121 1 
 1122 17 3 
 678 143 10 
 1453 622 7 
 680 1455 7 
 1692 2446 10 
 496 187 10 
 1175 617 4 
 1401 948 8 
 2100 1806 4 
 1597 719 1 
 855 2137 10 
 204 778 1 
 1208 1487 8 
 208 2183 5 
 690 1615 8 
 1811 2023 3 
 2117 1403 1 
 262 2083 9 
 2390 1103 4 
 1654 2333 5 
 1856 1028 2 
 1643 1196 10 
 1302 1255 10 
 960 1211 1 
 298 1841 7 
 2256 1364 7 
 1338 376 8 
 382 1638 3 
 337 1400 4 
 1050 1463 3 
 89 1849 5 
 1053 591 10 
 931 1345 2 
 817 1498 4 
 211 1135 9 
 1701 643 8 
 921 2388 2 
 1637 1141 2 
 1164 1302 2 
 2184 1184 3 
 18 797 7 
 1102 533 10 
 488 262 1 
 2374 1687 8 
 2303 1475 9 
 806 444 9 
 186 1060 5 
 1254 543 1 
 324 1701 1 
 1964 784 8 
 2173 129 5 
 855 2375 9 
 469 1798 2 
 422 1435 7 
 1611 1514 10 
 295 2002 10 
 1393 352 10 
 1123 216 3 
 1769 704 3 
 2303 658 10 
 728 916 6 
 2443 35 4 
 1164 540 9 
 1701 162 5 
 117 2001 10 
 1669 1774 8 
 1915 817 1 
 2133 11 1 
 1405 384 6 
 1350 1867 8 
 135 2322 5 
 1447 1677 6 
 1939 962 3 
 1476 93 10 
 1422 1429 9 
 1241 572 5 
 1293 1567 2 
 496 2351 2 
 2433 1608 3 
 1485 316 6 
 16 1339 8 
 2311 1483 2 
 225 1254 9 
 1938 853 2 
 397 110 2 
 1725 661 4 
 87 642 5 
 1723 380 9 
 2292 828 6 
 2211 2419 8 
 2379 1758 8 
 1112 1212 2 
 1250 82 9 
 1413 1570 7 
 341 2151 2 
 209 598 9 
 1786 1891 8 
 497 1371 9 
 1642 1666 6 
 1133 2152 3 
 1141 1386 8 
 1445 1528 7 
 341 1969 7 
 2490 1351 7 
 1165 511 2 
 2215 1234 9 
 904 892 7 
 2168 226 10 
 1445 783 6 
 553 380 8 
 1050 1662 2 
 2482 1737 6 
 1144 214 4 
 230 2379 8 
 1296 92 4 
 1682 1815 1 
 1458 57 5 
 2458 535 9 
 446 2325 2 
 106 1858 3 
 1138 566 8 
 1227 1891 6 
 1615 2390 6 
 645 391 10 
 597 2225 1 
 2266 1118 6 
 2353 625 6 
 482 2465 6 
 2215 2448 4 
 1461 434 10 
 1415 762 2 
 1244 993 8 
 2174 534 10 
 1711 660 5 
 1306 2143 2 
 512 1131 10 
 1868 2093 7 
 1711 1860 2 
 1569 556 6 
 252 1597 7 
 1528 452 10 
 2009 705 4 
 729 30 7 
 1319 1480 10 
 2403 2051 7 
 1132 2178 10 
 1896 1655 5 
 589 2335 3 
 1269 1825 4 
 294 1886 9 
 1433 1638 7 
 1695 2153 3 
 2331 71 8 
 1446 1301 3 
 1561 1415 2 
 1122 64 4 
 1602 1992 8 
 1949 972 7 
 2417 1871 8 
 973 189 7 
 531 1207 2 
 1250 621 3 
 1870 191 4 
 1235 191 3 
 1777 719 2 
 1474 2163 8 
 1296 2251 8 
 2036 1766 4 
 1199 1871 1 
 114 1866 10 
 300 973 7 
 2348 2354 2 
 2074 2050 1 
 1475 993 2 
 2311 1430 1 
 1564 1886 4 
 1094 2038 10 
 1082 471 1 
 1664 992 10 
 672 1560 3 
 1901 1386 9 
 320 2126 1 
 823 1230 6 
 62 962 7 
 1939 821 2 
 738 2225 2 
 2139 969 4 
 1748 1708 3 
 1099 950 3 
 1599 507 10 
 1951 2172 9 
 1203 527 10 
 2492 1249 10 
 534 342 2 
 2082 2163 3 
 75 1572 7 
 837 650 2 
 95 1386 1 
 86 1419 3 
 1092 2309 5 
 1756 2220 5 
 1771 1275 6 
 1506 2296 3 
 1488 1739 10 
 107 1805 10 
 2158 1050 7 
 407 1569 6 
 688 2272 7 
 2076 1845 4 
 1782 1590 3 
 408 1538 3 
 1867 2286 1 
 1263 692 6 
 638 1766 2 
 703 823 4 
 1294 1400 8 
 964 1661 8 
 665 25 8 
 2215 1305 7 
 692 36 9 
 781 2441 8 
 783 1383 3 
 1842 1177 6 
 1303 455 6 
 874 544 1 
 1233 981 2 
 61 1830 1 
 2039 1107 8 
 1986 937 6 
 1412 327 9 
 513 1525 10 
 2166 1760 10 
 1897 570 3 
 2237 612 10 
 2311 1670 7 
 1176 1708 4 
 2362 2063 6 
 75 1323 8 
 1049 1784 9 
 475 2144 7 
 833 2028 6 
 1379 1939 9 
 802 1145 8 
 2083 86 4 
 1717 889 7 
 1909 35 10 
 1542 23 3 
 935 103 9 
 1458 1330 9 
 153 957 1 
 121 2029 8 
 2445 406 3 
 1515 700 10 
 1930 589 5 
 742 1949 5 
 2052 1964 10 
 2451 1162 9 
 2115 1587 8 
 1410 287 8 
 449 2430 3 
 2447 672 4 
 2136 921 3 
 1317 1053 7 
 2397 1379 5 
 1407 1872 9 
 2352 996 7 
 2162 2073 2 
 2065 1868 9 
 1965 1902 8 
 460 1745 5 
 1894 757 2 
 449 1332 1 
 627 1810 9 
 1097 805 7 
 1752 816 4 
 882 2465 10 
 912 1027 1 
 836 2094 3 
 54 1970 9 
 193 497 4 
 491 2126 10 
 1228 1506 2 
 1091 2296 4 
 70 23 1 
 1149 1727 7 
 2461 1352 8 
 913 597 2 
 433 1281 8 
 1589 881 9 
 204 2049 8 
 1144 286 4 
 44 390 6 
 1608 2028 3 
 1682 2438 3 
 1271 2268 10 
 538 161 6 
 17 2203 4 
 1890 1463 5 
 1842 98 6 
 1017 694 1 
 1099 2009 4 
 1865 941 2 
 2448 805 6 
 1797 2034 3 
 1265 1248 6 
 178 2137 4 
 2427 1133 9 
 1790 563 10 
 2350 2283 7 
 100 367 2 
 851 289 8 
 1405 1723 2 
 1969 2198 5 
 1825 2443 3 
 1618 2432 8 
 2328 433 6 
 785 918 3 
 2121 1883 8 
 1602 468 4 
 685 2489 4 
 425 2161 10 
 512 2243 9 
 1177 2130 1 
 486 2148 5 
 829 357 1 
 952 478 5 
 2107 1712 6 
 173 968 7 
 1272 998 3 
 276 1014 5 
 1911 189 3 
 54 540 3 
 2147 1321 4 
 462 783 9 
 1851 1232 3 
 1815 280 1 
 1964 787 8 
 1654 2315 9 
 1947 1379 1 
 748 890 3 
 676 196 7 
 2240 2454 2 
 1880 1874 3 
 253 740 8 
 1305 1470 4 
 668 116 3 
 710 2023 8 
 690 1295 8 
 2037 2454 3 
 492 1984 5 
 2460 914 5 
 877 577 4 
 666 1021 3 
 1598 2156 5 
 973 2269 8 
 997 809 8 
 468 2299 4 
 60 72 8 
 216 1515 8 
 2188 2339 8 
 1756 1922 8 
 1882 393 2 
 548 310 9 
 178 1440 1 
 2305 409 10 
 2036 1290 1 
 1679 1257 8 
 1345 1801 2 
 813 688 6 
 1437 1383 3 
 2244 1354 5 
 689 2109 7 
 1697 2398 5 
 2472 662 1 
 1151 488 5 
 2247 79 3 
 442 1207 2 
 1723 2462 4 
 576 1929 3 
 1228 460 9 
 254 446 7 
 2214 4 9 
 2004 630 1 
 2475 1392 4 
 1973 779 5 
 1937 491 4 
 1358 2092 5 
 1132 1592 1 
 1637 1902 2 
 4 380 10 
 2154 1535 8 
 1509 950 3 
 663 2369 5 
 879 1086 2 
 810 1569 10 
 86 1194 10 
 1680 1635 5 
 1670 889 2 
 1306 10 8 
 234 2323 3 
 842 344 2 
 722 264 3 
 1580 892 3 
 2248 1848 1 
 2123 1868 9 
 464 627 10 
 2259 1180 8 
 960 1267 8 
 726 2201 6 
 711 2243 4 
 1716 254 7 
 1393 319 5 
 1238 1842 1 
 2398 146 2 
 1105 556 6 
 430 1008 2 
 1960 688 10 
 2115 1738 10 
 1500 1915 5 
 179 544 1 
 186 2247 10 
 782 992 9 
 1428 2311 8 
 591 2247 3 
 2218 1598 1 
 673 1549 3 
 2312 1782 8 
 2258 1744 3 
 2355 1058 1 
 1133 2020 10 
 786 1099 1 
 793 2265 2 
 192 2483 2 
 1724 1456 2 
 1233 2068 4 
 610 1058 5 
 1543 679 4 
 1047 1542 2 
 1187 532 1 
 523 1413 5 
 1133 1600 4 
 1206 21 1 
 2429 2266 1 
 1677 455 9 
 1414 1088 6 
 2227 125 3 
 1533 1362 1 
 1265 2015 9 
 284 1953 8 
 342 1737 8 
 1546 155 5 
 197 791 7 
 409 76 8 
 957 2335 6 
 1569 1339 5 
 2160 1740 4 
 962 2495 5 
 404 665 7 
 2315 488 10 
 1439 1845 5 
 939 2099 1 
 1463 2099 3 
 1290 1748 4 
 1764 859 10 
 1383 2244 4 
 1719 692 1 
 347 1599 7 
 984 907 3 
 1613 1764 8 
 1372 488 2 
 1904 213 6 
 2374 464 5 
 1844 866 6 
 291 1844 5 
 233 1747 1 
 2149 1578 10 
 1502 1546 3 
 2264 1682 8 
 2022 489 7 
 1671 1716 8 
 1843 1123 1 
 1290 1702 3 
 935 215 1 
 185 1323 9 
 983 939 7 
 1159 172 4 
 501 170 8 
 1229 1961 5 
 2372 1977 1 
 1015 924 8 
 1226 402 1 
 491 1016 2 
 2091 967 9 
 732 2327 1 
 570 1505 1 
 301 2177 7 
 2188 1140 4 
 420 2092 10 
 1442 948 1 
 219 2214 3 
 2490 1187 9 
 2024 862 3 
 750 1367 1 
 1270 1615 7 
 673 2364 7 
 1289 1667 5 
 202 1303 9 
 1384 750 8 
 1147 1175 4 
 950 1441 6 
 1891 1269 8 
 119 2237 7 
 1573 875 9 
 744 731 6 
 2362 50 6 
 1383 829 4 
 625 2340 1 
 1542 1713 9 
 1194 2322 6 
 1354 85 9 
 1342 24 8 
 895 1333 9 
 19 316 6 
 1140 2286 4 
 517 1339 4 
 2026 1855 9 
 970 517 5 
 1951 578 4 
 604 913 3 
 664 1777 2 
 1596 1615 2 
 2041 2422 7 
 1475 914 9 
 2061 2409 8 
 2107 2310 5 
 557 2391 7 
 2350 2086 10 
 1068 1001 4 
 214 1613 9 
 273 399 10 
 2032 2467 2 
 789 2128 7 
 2194 1612 4 
 1464 57 5 
 851 677 6 
 1081 1794 7 
 1416 1938 7 
 1209 1558 4 
 986 2391 4 
 682 822 10 
 1109 2024 10 
 157 1220 9 
 1017 2340 10 
 1091 47 5 
 2064 1951 9 
 2094 1228 5 
 1449 801 5 
 1606 2293 4 
 2474 2383 8 
 1146 568 8 
 1431 2252 3 
 2425 2474 4 
 1779 629 6 
 933 111 5 
 1391 2104 8 
 518 358 10 
 369 2054 9 
 1691 1390 5 
 651 1010 5 
 1909 786 1 
 617 2119 7 
 706 1121 1 
 1972 1634 1 
 2247 1631 2 
 1911 2266 3 
 2074 2446 1 
 489 2331 3 
 61 1187 8 
 1876 2438 3 
 823 728 3 
 1763 1480 4 
 917 2322 1 
 429 1267 7 
 1609 2354 5 
 1971 1656 9 
 89 1734 3 
 1876 746 5 
 2056 1283 5 
 2095 1544 10 
 2269 86 3 
 788 1566 7 
 2205 1068 8 
 1944 916 9 
 138 1583 10 
 1865 1230 10 
 2142 2048 6 
 1191 1401 6 
 1847 1156 8 
 686 2149 8 
 523 690 9 
 881 85 5 
 449 485 8 
 800 676 2 
 1653 772 8 
 2475 2068 7 
 329 2422 2 
 1680 2146 2 
 458 822 9 
 341 408 5 
 447 1475 7 
 1673 52 7 
 1328 1974 10 
 539 1940 1 
 141 413 6 
 1581 185 6 
 62 1970 9 
 1744 157 8 
 665 2159 10 
 769 597 2 
 110 366 1 
 1573 319 10 
 1907 1721 9 
 470 389 6 
 842 1607 7 
 1673 1222 8 
 860 231 1 
 1298 1253 8 
 323 278 2 
 1280 232 1 
 298 2304 5 
 1014 1845 1 
 341 1424 6 
 209 1360 8 
 1193 1916 9 
 194 2126 7 
 116 2351 5 
 2288 2044 1 
 1358 1321 8 
 64 730 4 
 896 1021 1 
 506 52 9 
 437 401 5 
 2019 577 6 
 1107 1830 6 
 2356 731 10 
 30 1179 2 
 50 751 2 
 1048 327 5 
 2229 550 10 
 1309 1 7 
 1933 38 8 
 994 1272 10 
 1811 151 7 
 2254 1803 8 
 590 589 7 
 1180 417 7 
 1284 1926 6 
 733 799 6 
 426 1703 1 
 1809 1750 3 
 1078 2120 2 
 756 1294 1 
 436 1579 1 
 1668 9 9 
 854 230 5 
 2099 302 10 
 1168 838 2 
 1966 671 8 
 1916 1689 4 
 2451 2118 6 
 2365 30 9 
 93 473 2 
 1635 2179 3 
 2424 781 4 
 2194 152 4 
 1783 1252 4 
 1505 126 9 
 730 1705 2 
 1473 1295 2 
 1331 402 1 
 2403 752 1 
 2217 894 1 
 2421 2374 4 
 256 866 6 
 1935 1310 7 
 336 1472 8 
 438 1949 10 
 773 1952 10 
 559 1983 4 
 2279 427 8 
 2498 524 9 
 524 491 10 
 1302 497 9 
 1016 1154 2 
 1289 2269 1 
 1320 51 5 
 1123 1330 10 
 2227 51 3 
 1357 2179 10 
 172 312 5 
 1618 1707 1 
 1189 1046 6 
 1969 1133 7 
 1825 2308 1 
 1832 1055 1 
 73 1369 1 
 2 1002 1 
 322 2184 7 
 549 1406 2 
 1976 791 8 
 35 1846 6 
 716 1992 7 
 1423 2231 3 
 855 1193 1 
 2052 2250 1 
 1793 559 5 
 1126 1539 7 
 114 2180 8 
 263 495 10 
 1145 1315 9 
 479 1192 9 
 11 489 3 
 1324 1567 4 
 19 2308 3 
 972 2029 9 
 505 84 10 
 70 450 4 
 717 2409 8 
 1802 554 10 
 1465 259 6 
 388 438 5 
 399 2379 10 
 376 1360 8 
 479 101 1 
 1730 310 2 
 2101 1363 6 
 172 1752 4 
 1214 1200 1 
 391 2378 4 
 2264 1656 1 
 1574 1564 1 
 664 1270 5 
 641 285 6 
 617 1494 6 
 2060 1956 5 
 2090 1467 9 
 1725 1172 3 
 269 575 3 
 2456 540 5 
 1817 2308 2 
 2057 1271 1 
 1318 604 2 
 1907 720 1 
 1865 2058 8 
 2106 1252 5 
 1646 2039 9 
 1650 448 6 
 450 201 6 
 2132 1707 4 
 961 919 7 
 395 710 4 
 2322 2447 4 
 1035 690 5 
 1495 30 1 
 852 710 3 
 1119 716 4 
 402 2194 6 
 2331 2104 1 
 1802 2493 4 
 1561 2411 6 
 2232 1693 4 
 1084 930 7 
 2156 519 3 
 2364 1427 10 
 2386 1829 1 
 1887 2330 10 
 1995 500 5 
 398 2222 6 
 1148 1975 4 
 922 513 2 
 200 1218 8 
 1481 1648 6 
 373 675 5 
 1868 2164 7 
 877 1013 8 
 1455 2332 10 
 419 423 10 
 1363 834 2 
 1403 896 4 
 492 383 4 
 173 2445 7 
 2160 1288 2 
 717 802 5 
 1291 515 8 
 2275 2111 7 
 869 309 7 
 303 2116 2 
 2046 294 6 
 1602 35 2 
 504 972 9 
 2161 1880 6 
 1753 1537 1 
 769 847 10 
 1192 2173 7 
 1070 1328 8 
 1785 517 5 
 811 1826 2 
 1899 1054 1 
 462 1265 6 
 1632 1848 5 
 983 2225 5 
 1749 1187 3 
 624 184 9 
 672 1225 8 
 687 870 4 
 1975 1262 4 
 480 2088 10 
 1142 2047 2 
 1873 1404 9 
 175 981 5 
 991 2264 2 
 1740 718 1 
 1510 2472 8 
 2020 651 3 
 340 1452 6 
 2283 430 9 
 1768 234 3 
 2233 2259 7 
 2493 991 2 
 794 1576 6 
 310 517 1 
 368 629 8 
 285 999 4 
 208 1785 8 
 726 255 6 
 2065 185 2 
 1212 917 3 
 2174 893 8 
 1448 1880 3 
 888 1608 9 
 240 840 4 
 1873 1790 8 
 1907 1580 9 
 576 266 6 
 1253 14 3 
 1410 979 9 
 296 1268 2 
 1987 672 1 
 1852 1207 1 
 930 1366 8 
 2426 241 8 
 703 774 8 
 2283 57 10 
 1281 1047 8 
 1644 906 9 
 1190 291 1 
 885 1452 5 
 2133 2139 10 
 244 653 1 
 748 1327 1 
 566 813 2 
 1637 2377 4 
 1920 649 7 
 1122 1131 5 
 1229 411 2 
 1803 1283 7 
 86 567 1 
 1004 1647 6 
 2258 1318 4 
 1175 1720 2 
 2153 1786 6 
 50 257 8 
 2 501 6 
 838 1450 8 
 577 591 2 
 2007 1695 9 
 1111 768 4 
 1291 293 6 
 1754 2078 9 
 1492 2173 4 
 1765 435 3 
 678 1736 8 
 1865 1651 8 
 2389 1908 6 
 1400 2251 3 
 621 1118 5 
 1617 395 8 
 365 1521 9 
 1174 447 2 
 674 1204 2 
 309 1667 6 
 534 57 1 
 901 2400 6 
 1430 668 10 
 1316 1731 6 
 120 506 7 
 79 2029 6 
 2372 2308 1 
 2027 2085 5 
 2035 1926 8 
 539 1404 2 
 620 1810 6 
 1732 2295 8 
 1403 1172 2 
 2013 1328 6 
 2370 314 1 
 24 941 6 
 1767 1411 5 
 1940 763 10 
 1299 1375 7 
 1352 2430 3 
 393 2465 7 
 1820 1582 10 
 633 1235 9 
 456 1657 1 
 333 1926 7 
 1584 666 4 
 586 2331 9 
 1649 2168 8 
 1647 2232 2 
 724 256 3 
 382 169 7 
 2162 880 5 
 2078 73 7 
 450 2438 9 
 645 2500 2 
 1996 380 7 
 1070 2252 1 
 72 875 5 
 1524 1487 2 
 25 1871 4 
 934 1909 6 
 1152 1646 8 
 272 1540 4 
 2353 1188 6 
 1900 190 4 
 179 470 6 
 1990 2305 3 
 1945 2145 6 
 911 1840 7 
 396 1610 7 
 1314 492 1 
 132 566 2 
 494 990 4 
 1743 1023 2 
 288 882 7 
 1250 421 9 
 262 1698 6 
 793 345 5 
 159 1096 10 
 1073 1898 9 
 1665 1609 3 
 1101 2316 7 
 591 2153 2 
 1227 734 10 
 2016 353 1 
 37 1267 6 
 2106 297 5 
 231 1638 6 
 258 2244 8 
 2314 1715 5 
 1285 976 4 
 1122 1054 2 
 1389 2377 5 
 2292 1867 6 
 511 1387 6 
 743 184 9 
 1799 1734 2 
 949 1037 4 
 1527 2363 4 
 925 2179 7 
 2428 196 6 
 1219 2500 5 
 817 2056 4 
 2444 1102 4 
 99 2184 3 
 1773 1907 8 
 551 1932 10 
 559 274 9 
 2135 441 5 
 1522 1943 3 
 1764 1285 7 
 2060 1388 6 
 1452 504 1 
 121 1270 10 
 1277 1664 5 
 201 494 1 
 298 1785 10 
 1151 2429 2 
 2414 1488 2 
 1767 1638 10 
 763 58 1 
 2104 586 3 
 557 620 10 
 2357 2332 2 
 2296 920 4 
 1816 2010 10 
 1472 2054 2 
 685 158 2 
 2300 1392 3 
 2065 619 10 
 807 250 10 
 559 2064 1 
 228 555 3 
 1382 1258 10 
 2294 555 5 
 2035 1861 7 
 1607 2122 9 
 1669 1245 2 
 1744 1648 9 
 1593 1441 7 
 2374 780 10 
 355 2117 6 
 494 786 6 
 2120 1079 2 
 579 2476 5 
 1402 2184 4 
 1421 151 9 
 512 2178 9 
 2239 521 3 
 1204 1467 7 
 1070 2494 10 
 1062 2352 8 
 2191 2210 3 
 1853 1200 1 
 393 1081 5 
 359 171 1 
 1183 1391 2 
 1025 907 8 
 1114 1200 3 
 1794 2182 7 
 2429 1668 8 
 1669 950 10 
 1425 1587 5 
 1498 1894 6 
 501 2226 7 
 217 2146 3 
 2325 347 1 
 690 276 6 
 2125 2095 3 
 1300 1882 6 
 2414 42 4 
 1263 460 10 
 2237 1342 9 
 2237 1932 7 
 2292 2161 5 
 410 874 1 
 550 498 7 
 1772 1390 9 
 1926 1266 9 
 695 434 5 
 456 117 3 
 2269 1487 2 
 2292 565 5 
 563 902 7 
 915 2308 8 
 611 1234 2 
 104 450 5 
 1607 1193 7 
 1272 898 9 
 679 567 6 
 2249 1776 2 
 2085 1887 6 
 188 892 5 
 260 1193 6 
 79 1108 10 
 1405 808 2 
 475 1912 2 
 515 430 8 
 381 798 7 
 1895 1862 1 
 2085 1589 1 
 348 1851 4 
 1473 102 5 
 147 1293 6 
 2316 1894 9 
 1977 771 5 
 1067 2407 3 
 317 1789 5 
 2450 1824 8 
 1522 972 7 
 619 870 7 
 1678 1356 9 
 1676 2457 4 
 797 479 7 
 2031 974 6 
 25 944 7 
 816 614 3 
 191 996 3 
 1676 1833 10 
 857 2266 10 
 2167 1837 7 
 1740 961 8 
 1011 1960 3 
 1833 2149 5 
 457 296 1 
 498 2365 5 
 1477 651 3 
 1824 907 4 
 2038 2154 7 
 603 1200 3 
 302 1769 5 
 2056 763 1 
 1869 686 10 
 2111 1111 8 
 1151 1487 9 
 617 1645 3 
 672 1024 2 
 476 750 6 
 2262 1810 5 
 837 916 4 
 1351 1021 4 
 18 1881 6 
 1819 1752 1 
 1489 251 6 
 939 2470 7 
 803 390 5 
 176 2057 3 
 863 1119 5 
 2044 529 10 
 398 1983 9 
 10 1910 2 
 222 1287 5 
 1687 1459 1 
 835 317 2 
 1763 1689 4 
 1219 1584 7 
 2154 1753 4 
 2365 395 10 
 815 1867 5 
 1963 115 9 
 261 1072 7 
 2403 2452 2 
 1988 1964 4 
 1747 2361 2 
 1441 1874 5 
 1405 666 1 
 770 206 10 
 639 1959 1 
 2102 1348 3 
 681 1649 6 
 364 1914 5 
 1741 2214 6 
 2486 1165 4 
 1658 676 3 
 469 583 4 
 1866 847 3 
 680 1641 1 
 542 458 3 
 462 606 10 
 551 581 2 
 272 1982 5 
 855 317 1 
 1484 477 5 
 1429 659 2 
 1317 1483 4 
 449 932 10 
 965 798 1 
 1765 1379 6 
 2162 1183 8 
 1174 307 7 
 822 1163 6 
 1898 1491 6 
 1792 886 8 
 457 2426 6 
 767 122 1 
 1997 462 8 
 488 1274 3 
 1567 1569 6 
 1345 1769 7 
 728 2124 4 
 1038 2272 8 
 771 1339 5 
 361 81 8 
 31 615 9 
 1665 706 5 
 2185 2412 4 
 850 2093 1 
 1795 956 7 
 2189 303 5 
 144 2307 5 
 564 112 7 
 2054 1589 1 
 1473 1741 1 
 1939 65 6 
 837 961 7 
 1233 964 8 
 301 245 6 
 1350 475 7 
 2470 1261 5 
 1559 429 6 
 1001 115 3 
 936 1546 6 
 882 1864 3 
 180 1479 8 
 635 232 6 
 1938 1199 6 
 1971 1561 6 
 620 1555 6 
 1570 1780 7 
 565 1308 6 
 997 315 1 
 1570 868 4 
 577 280 6 
 2058 1731 2 
 647 653 7 
 183 1953 10 
 2459 986 7 
 349 2148 6 
 2354 473 2 
 448 2066 1 
 1960 1221 4 
 242 1792 3 
 2398 1868 6 
 800 1673 9 
 2191 636 1 
 2307 1437 1 
 1366 1912 10 
 2494 2334 2 
 868 2382 7 
 2229 1316 5 
 1780 1032 4 
 1772 1303 4 
 263 425 3 
 566 1930 6 
 718 1109 6 
 866 2110 7 
 1317 269 8 
 134 1544 2 
 703 77 3 
 1083 1127 3 
 1273 611 3 
 1202 75 1 
 1190 1217 4 
 2308 352 5 
 152 1768 9 
 1628 218 7 
 2363 223 9 
 682 1214 8 
 142 1934 1 
 2421 92 3 
 2334 510 6 
 2047 392 9 
 422 1966 10 
 1568 113 7 
 103 1409 4 
 1693 366 2 
 332 191 10 
 533 1377 6 
 951 1971 3 
 926 1011 7 
 2085 1065 8 
 1575 348 9 
 1736 1981 2 
 1956 2029 3 
 1811 2229 10 
 453 238 4 
 1153 1466 2 
 2456 2143 3 
 1930 2069 10 
 1410 1536 2 
 1798 195 9 
 1414 2069 3 
 1877 1280 10 
 428 1915 7 
 1290 2166 10 
 1996 951 3 
 1822 916 3 
 2196 1637 2 
 195 2003 5 
 1843 1602 7 
 2386 916 1 
 2060 383 1 
 1023 939 6 
 131 1870 4 
 549 1076 3 
 524 1673 7 
 734 318 3 
 1166 512 6 
 1450 1177 1 
 841 1526 1 
 1398 813 1 
 2496 1113 4 
 2349 259 2 
 1776 1828 7 
 2161 1947 1 
 1640 1195 8 
 1225 2443 2 
 1879 2430 5 
 1935 2282 1 
 1250 2155 9 
 2061 299 2 
 641 1422 10 
 2482 2263 7 
 642 133 3 
 1026 2480 1 
 250 763 6 
 1442 228 10 
 1709 1243 9 
 211 97 2 
 1700 734 1 
 2109 1788 4 
 2426 1930 1 
 1716 2250 10 
 530 999 7 
 1022 32 4 
 1249 1090 5 
 1354 512 6 
 735 1206 1 
 137 872 7 
 1767 1641 1 
 557 1575 9 
 445 1076 4 
 1099 1075 1 
 1504 1581 10 
 509 2029 7 
 444 715 10 
 945 876 2 
 709 1376 5 
 513 1507 10 
 1781 1497 1 
 1642 752 10 
 1616 1079 6 
 607 692 3 
 130 2252 9 
 225 411 6 
 289 1472 8 
 1906 1373 1 
 243 1360 4 
 1266 2378 7 
 2326 683 6 
 1064 330 9 
 110 132 8 
 536 534 10 
 32 2330 2 
 2225 2390 9 
 2272 2302 10 
 1360 903 9 
 557 1678 5 
 1272 1894 6 
 576 156 4 
 1526 1049 6 
 1790 416 8 
 1923 1456 7 
 985 2000 1 
 1017 1246 8 
 1815 833 4 
 617 1388 9 
 1466 1528 6 
 1576 1070 7 
 1075 876 10 
 78 772 1 
 376 952 2 
 2271 674 7 
 1672 964 6 
 291 1999 6 
 362 788 4 
 1837 889 9 
 1072 1436 6 
 124 1668 1 
 2342 1877 9 
 767 468 10 
 195 950 8 
 918 974 6 
 1871 2498 5 
 2179 296 4 
 2103 541 4 
 329 818 7 
 366 1121 7 
 1992 1835 3 
 1684 1415 7 
 2103 1677 10 
 708 1755 10 
 1336 2448 3 
 197 1898 10 
 294 1566 7 
 2408 1488 9 
 1567 1257 7 
 2151 322 5 
 1597 786 1 
 1648 2114 7 
 2492 2138 6 
 1188 2441 3 
 1168 1631 8 
 954 155 3 
 15 2392 10 
 111 1107 1 
 2355 1551 7 
 324 1470 3 
 2457 1052 2 
 801 1462 6 
 1340 684 2 
 1403 1225 6 
 520 110 7 
 1632 586 7 
 205 180 5 
 505 1185 5 
 366 2364 2 
 303 1060 6 
 232 71 9 
 276 149 9 
 1887 1914 7 
 680 1222 7 
 1812 900 5 
 543 285 3 
 54 70 2 
 664 2233 3 
 1024 902 2 
 2125 2347 6 
 2254 1688 5 
 1727 385 8 
 396 1909 6 
 388 617 6 
 285 30 4 
 2042 229 6 
 1882 1585 6 
 1566 821 7 
 2353 1098 5 
 1978 1050 5 
 2496 1617 4 
 1991 2042 5 
 1027 1565 6 
 959 459 4 
 595 665 7 
 2248 247 2 
 1931 2347 4 
 1286 1801 1 
 1471 1953 5 
 145 1472 6 
 2060 663 2 
 901 429 9 
 1977 924 4 
 126 1810 8 
 1818 2020 9 
 1368 1478 4 
 2370 798 8 
 368 844 8 
 2379 859 5 
 754 1415 5 
 847 1057 5 
 1922 1368 9 
 2079 2222 3 
 2246 338 9 
 829 1133 7 
 257 2002 1 
 59 658 6 
 1997 905 3 
 978 2024 8 
 872 924 8 
 1170 1902 7 
 514 190 1 
 745 379 10 
 938 887 4 
 30 2035 1 
 2361 743 7 
 1993 1124 4 
 957 2356 1 
 2103 831 5 
 961 632 3 
 1589 2076 3 
 696 1884 4 
 1579 456 9 
 797 1293 3 
 1884 735 5 
 178 343 4 
 1733 1032 8 
 402 2228 1 
 1463 1049 6 
 1165 783 7 
 770 668 5 
 1018 1504 8 
 36 290 9 
 651 1031 1 
 988 622 1 
 111 262 1 
 1233 7 9 
 65 1363 6 
 479 1525 2 
 1123 778 4 
 1970 2011 6 
 805 1618 8 
 2098 539 5 
 1179 2028 10 
 944 159 8 
 889 1324 9 
 2242 67 10 
 2385 1192 10 
 2351 725 6 
 270 1231 10 
 1204 372 3 
 318 1549 2 
 2074 835 6 
 1668 503 4 
 2232 2190 6 
 1128 293 2 
 2256 659 3 
 1208 260 8 
 1102 652 6 
 2177 570 2 
 661 863 9 
 1974 631 5 
 834 2330 10 
 1319 483 4 
 159 2 4 
 749 1108 3 
 1816 356 6 
 541 1216 9 
 1872 20 5 
 2206 1223 7 
 1500 2351 9 
 1990 751 7 
 1163 2257 1 
 504 756 2 
 1197 123 6 
 2470 1284 9 
 1104 2201 1 
 1827 638 3 
 2357 485 5 
 408 466 10 
 599 1913 3 
 633 1944 6 
 1308 1197 8 
 1377 317 5 
 426 693 6 
 1234 2330 10 
 888 2127 10 
 1537 332 5 
 1298 821 7 
 401 333 2 
 1483 2490 10 
 2317 826 9 
 1817 2374 3 
 213 1343 9 
 403 521 7 
 1752 113 3 
 1082 782 10 
 1802 2063 2 
 634 814 4 
 362 1781 10 
 447 2008 7 
 2051 239 8 
 2001 1971 8 
 43 1335 10 
 804 2354 8 
 358 2278 9 
 2148 2310 9 
 834 882 10 
 2077 2414 3 
 1271 1797 8 
 2253 2088 2 
 452 751 7 
 1136 2132 10 
 30 395 4 
 1994 1379 5 
 859 490 4 
 1048 1194 10 
 2204 577 5 
 2427 1775 4 
 410 2085 1 
 741 848 4 
 2292 2146 7 
 2088 2065 6 
 265 2102 1 
 1772 2496 7 
 156 1740 10 
 2234 1660 9 
 786 1795 3 
 1921 58 8 
 397 1781 8 
 1353 697 1 
 1160 748 2 
 2167 297 6 
 1744 854 1 
 2304 1535 4 
 2463 1925 3 
 2419 859 5 
 1089 174 10 
 1450 380 10 
 2182 1329 4 
 2063 600 8 
 1209 369 4 
 2386 1948 6 
 1067 1992 2 
 1125 1652 7 
 111 1074 5 
 202 2429 1 
 383 1036 1 
 729 1083 10 
 2413 1919 8 
 1575 1092 4 
 1099 2282 10 
 1151 753 4 
 2241 714 5 
 865 2218 7 
 979 729 10 
 394 768 5 
 2081 1148 10 
 347 1354 8 
 629 442 1 
 930 1345 3 
 1269 613 9 
 2081 2062 6 
 276 935 6 
 1896 1566 1 
 928 880 5 
 1579 1489 9 
 494 1827 5 
 351 720 9 
 370 2016 10 
 1629 1736 7 
 10 2470 8 
 1922 662 3 
 710 1632 7 
 1817 2248 9 
 2444 1649 6 
 1735 497 10 
 1101 642 4 
 1852 549 5 
 2021 94 8 
 1197 165 2 
 2015 682 7 
 2120 498 10 
 1615 1234 6 
 2441 2163 2 
 2448 2174 8 
 1081 938 4 
 720 83 5 
 1932 670 2 
 2083 2234 10 
 2496 1875 5 
 2329 1360 6 
 1847 104 7 
 2232 2240 6 
 751 33 2 
 2156 1636 5 
 870 937 5 
 1871 1550 5 
 122 2343 7 
 252 543 2 
 494 63 8 
 1990 2058 6 
 2452 2312 8 
 119 127 6 
 1318 1775 9 
 1682 383 5 
 1877 2154 2 
 738 2454 6 
 825 1969 9 
 502 2333 1 
 213 1054 1 
 1694 2370 10 
 1247 883 2 
 202 1981 8 
 1020 1659 2 
 300 2132 3 
 2076 2410 10 
 512 1051 9 
 920 1104 10 
 1953 298 7 
 2189 1912 4 
 40 1531 10 
 1271 2184 2 
 591 131 8 
 1673 1185 8 
 395 362 3 
 2488 681 5 
 57 2208 8 
 478 296 1 
 1517 1989 8 
 1525 1736 7 
 2014 2319 4 
 1718 829 10 
 50 1412 3 
 152 395 7 
 1931 121 4 
 676 549 3 
 309 933 1 
 958 2231 5 
 2138 672 4 
 2081 282 6 
 585 1173 1 
 1038 953 7 
 425 157 3 
 938 2125 3 
 1331 1297 3 
 2376 2072 4 
 2474 2088 9 
 972 1463 6 
 519 2088 4 
 1078 2142 2 
 2340 345 8 
 1515 1207 6 
 760 166 4 
 1332 487 4 
 828 510 7 
 2406 394 5 
 2179 1201 6 
 1251 2064 6 
 595 1781 7 
 622 1337 7 
 445 154 5 
 2229 286 2 
 474 2448 9 
 2492 259 7 
 705 288 3 
 2155 2362 2 
 1420 2180 6 
 1462 1658 10 
 1641 2313 6 
 440 1397 7 
 1651 2382 10 
 592 2292 5 
 2165 21 5 
 1950 2197 1 
 949 496 4 
 357 253 1 
 467 511 7 
 1307 931 6 
 564 2447 5 
 2090 1717 1 
 1681 1650 6 
 380 1093 1 
 340 13 4 
 1127 1515 7 
 776 2277 1 
 279 1834 5 
 940 326 2 
 1716 142 10 
 2114 1830 6 
 724 927 1 
 1154 111 2 
 143 831 9 
 1240 201 6 
 951 1227 1 
 984 328 6 
 202 235 7 
 1437 2308 5 
 2319 335 2 
 628 1226 4 
 2285 1951 5 
 2358 1157 8 
 1753 1416 5 
 1611 254 7 
 2372 828 6 
 2178 1435 8 
 1088 592 7 
 2162 963 10 
 456 2370 2 
 837 371 2 
 194 1286 8 
 199 851 3 
 1728 633 3 
 2004 1196 5 
 1891 598 2 
 2408 1759 10 
 240 2267 4 
 816 1130 1 
 653 757 3 
 307 395 2 
 63 1706 8 
 424 1819 2 
 1964 74 2 
 143 2060 10 
 1815 628 10 
 1287 1309 9 
 503 1336 3 
 1771 1781 7 
 666 1967 9 
 376 889 6 
 1684 1746 5 
 1295 1044 6 
 813 537 7 
 1692 2297 2 
 2066 1428 7 
 2426 837 10 
 328 2128 7 
 30 350 5 
 14 371 4 
 1432 1594 7 
 958 1801 5 
 703 1912 9 
 2313 996 10 
 2294 57 2 
 1009 1228 2 
 2003 323 2 
 2046 1293 4 
 1799 2446 3 
 1522 562 5 
 1432 426 3 
 569 1442 7 
 1024 1436 1 
 1765 1592 8 
 1907 705 2 
 311 1401 6 
 101 713 10 
 1915 2377 7 
 2468 444 6 
 1990 653 10 
 2122 633 9 
 339 1036 9 
 655 196 5 
 2221 813 3 
 88 339 3 
 1521 2347 1 
 511 2041 4 
 1115 20 1 
 541 2358 5 
 1677 2375 6 
 250 83 3 
 873 1937 9 
 2256 440 9 
 336 805 9 
 2145 1817 2 
 353 2457 4 
 1101 1024 8 
 59 419 5 
 947 1882 6 
 278 1126 7 
 1468 2462 10 
 2376 844 4 
 1795 808 8 
 480 451 8 
 1357 1495 1 
 10 1992 9 
 1101 1275 8 
 1554 2091 7 
 1159 1618 8 
 1859 1981 3 
 282 1568 2 
 1391 987 1 
 1558 2042 4 
 1220 289 7 
 2301 670 6 
 1096 1938 1 
 424 1169 6 
 1745 172 3 
 1072 1652 7 
 1659 2334 5 
 1131 527 2 
 1800 836 10 
 1422 1655 1 
 314 265 9 
 2274 256 4 
 361 518 6 
 1761 1728 10 
 2308 1132 8 
 742 245 10 
 2383 215 1 
 654 1658 6 
 1662 1578 1 
 1077 2226 9 
 2029 554 3 
 1650 1563 2 
 1085 1970 9 
 1417 1382 8 
 810 351 10 
 1241 1177 4 
 2357 1476 2 
 2351 675 6 
 1908 1273 9 
 2374 1297 8 
 1021 709 10 
 2474 95 2 
 951 584 1 
 1676 1614 5 
 440 15 3 
 908 2269 10 
 1068 183 5 
 2440 1024 2 
 1073 2221 6 
 521 2349 3 
 2052 2095 1 
 1411 1432 4 
 168 1471 9 
 1628 1321 3 
 215 617 9 
 777 1495 9 
 2260 370 5 
 212 1345 4 
 1940 1768 5 
 1816 127 4 
 65 805 1 
 601 1072 8 
 1952 1760 4 
 1445 17 9 
 2351 604 9 
 1077 611 8 
 905 529 9 
 2000 348 10 
 2436 1058 4 
 777 642 1 
 1949 1917 9 
 1483 1003 4 
 881 837 9 
 1263 2154 7 
 608 1884 7 
 941 868 5 
 126 147 6 
 358 2247 3 
 1518 916 4 
 1561 47 1 
 1571 1923 2 
 833 444 10 
 1504 2402 7 
 1380 2093 2 
 2382 42 9 
 1675 394 6 
 185 1211 5 
 2076 1381 7 
 1045 2500 8 
 1872 936 2 
 409 2261 9 
 368 1282 6 
 1796 1192 4 
 533 1016 6 
 2098 1258 6 
 610 1126 7 
 1184 1713 4 
 99 1349 8 
 2110 570 8 
 1025 1762 8 
 1002 205 8 
 1117 1284 5 
 1842 1544 9 
 293 358 10 
 2385 2411 7 
 411 2466 1 
 197 2204 5 
 77 1535 10 
 1054 1789 7 
 1943 177 5 
 1095 747 5 
 11 173 2 
 1560 1803 1 
 1858 374 2 
 147 110 3 
 1087 1909 9 
 716 1732 10 
 1557 800 4 
 2417 1962 4 
 1639 698 3 
 1794 1233 9 
 900 1227 1 
 2150 2166 4 
 1394 1025 5 
 2277 1320 1 
 1199 411 5 
 456 1659 5 
 1514 2262 2 
 228 1776 5 
 499 375 6 
 2108 2069 10 
 1758 500 5 
 2458 2496 2 
 498 649 3 
 1337 2107 3 
 715 2325 2 
 1973 155 2 
 1574 29 6 
 1832 1918 3 
 1431 793 2 
 1444 2293 2 
 1417 1058 10 
 608 1333 9 
 1400 1176 8 
 634 111 1 
 158 984 6 
 1024 218 1 
 483 2353 10 
 1688 2123 10 
 112 1149 1 
 1247 930 1 
 1899 406 9 
 364 339 5 
 736 1891 1 
 1863 339 10 
 572 135 6 
 712 2351 4 
 1162 2479 6 
 932 945 2 
 1574 698 10 
 290 1310 7 
 1137 1541 8 
 1686 1140 1 
 49 1138 3 
 1353 243 6 
 1210 2483 9 
 2064 462 7 
 67 2099 10 
 2107 2424 6 
 2123 710 7 
 621 902 4 
 1804 764 5 
 1136 2373 6 
 1956 1171 5 
 1342 2035 3 
 1946 604 2 
 692 287 10 
 387 239 7 
 1322 521 3 
 90 1515 7 
 2290 848 9 
 646 190 9 
 599 644 5 
 2006 2139 4 
 651 1120 4 
 1992 1197 8 
 2441 1975 6 
 660 1802 9 
 266 1320 8 
 2240 1228 5 
 2044 504 5 
 1037 1282 5 
 1409 313 4 
 2024 1248 7 
 919 989 8 
 2056 957 4 
 1595 2170 1 
 1276 2270 4 
 1592 1183 7 
 1679 2485 7 
 2149 2452 6 
 180 1132 7 
 739 1039 10 
 2088 1466 8 
 1402 987 2 
 596 812 5 
 1038 317 2 
 1707 934 6 
 696 806 5 
 1349 1579 2 
 2396 1853 1 
 171 858 9 
 1950 1482 2 
 1053 296 4 
 955 1404 8 
 19 1191 3 
 2281 1170 10 
 2343 1391 6 
 519 1909 3 
 519 1233 3 
 1253 1348 2 
 1119 2252 1 
 1441 1640 9 
 1423 1810 10 
 49 1255 2 
 870 1927 9 
 1800 1088 1 
 935 1472 6 
 2425 1758 1 
 374 1910 5 
 2061 1596 2 
 2406 729 4 
 1619 878 6 
 612 1809 5 
 1700 1577 9 
 1927 826 10 
 258 2124 8 
 1271 1905 8 
 698 620 1 
 1487 1909 7 
 54 63 4 
 1774 780 7 
 1253 2435 10 
 1192 273 10 
 1260 2086 2 
 1783 2083 1 
 894 1801 9 
 1994 937 7 
 690 1921 7 
 2392 839 6 
 2216 772 4 
 1674 2330 3 
 2332 1268 1 
 67 914 8 
 1244 564 4 
 2129 1097 8 
 2431 2107 4 
 1848 1024 2 
 2312 444 4 
 2319 785 7 
 1139 1256 2 
 1107 530 10 
 877 1544 4 
 2055 1791 4 
 843 2061 10 
 2019 2045 6 
 2324 2331 4 
 1926 1766 6 
 791 1013 3 
 1958 502 10 
 2206 1713 4 
 392 589 5 
 648 1293 4 
 822 820 5 
 966 1329 10 
 566 1472 8 
 2455 1435 2 
 1669 157 8 
 702 1472 4 
 499 1208 8 
 2084 2486 3 
 20 429 2 
 1576 1499 5 
 2421 1435 5 
 2211 2157 6 
 1751 413 5 
 1698 1859 8 
 203 2237 8 
 1493 1905 6 
 1589 500 8 
 1946 2481 3 
 1086 1751 7 
 82 1351 9 
 629 1425 1 
 984 376 10 
 2235 559 5 
 1477 1694 6 
 2186 1587 4 
 2396 2241 10 
 901 1362 5 
 2490 2243 3 
 919 1668 6 
 1778 22 7 
 1565 1577 3 
 2481 31 9 
 820 2251 2 
 48 986 10 
 696 2189 2 
 1656 887 6 
 1601 6 7 
 552 1079 8 
 41 603 5 
 780 2284 2 
 698 1728 8 
 1701 1185 7 
 1963 649 1 
 1856 798 4 
 658 2230 8 
 659 417 9 
 775 1063 9 
 2485 1356 2 
 2401 1830 1 
 1170 1513 6 
 1914 972 9 
 384 1508 3 
 116 133 8 
 707 1164 4 
 2105 519 2 
 1915 698 6 
 2019 1535 10 
 2025 781 10 
 659 2070 3 
 588 2299 9 
 2042 1742 1 
 1719 1434 4 
 1074 2457 3 
 466 1615 4 
 2217 1586 8 
 756 1401 6 
 796 1205 9 
 368 1934 9 
 1049 1006 4 
 757 2012 8 
 1899 254 6 
 1433 2455 7 
 1291 1898 8 
 1080 796 9 
 2091 716 10 
 2210 35 6 
 1114 1457 3 
 1390 1861 4 
 661 2300 5 
 2195 987 4 
 218 1522 9 
 2334 825 4 
 1130 1110 1 
 2472 969 1 
 2101 1146 10 
 659 2145 9 
 1053 1358 2 
 84 407 9 
 455 2016 9 
 1199 2223 9 
 828 22 2 
 907 1509 1 
 1792 487 9 
 510 1577 2 
 2467 1918 2 
 2343 1227 10 
 773 189 6 
 1356 865 6 
 10 1701 10 
 1233 1907 8 
 2446 581 5 
 1585 822 4 
 886 1528 7 
 1145 1068 2 
 2325 373 9 
 117 231 5 
 1405 983 10 
 2423 1066 3 
 1907 2019 6 
 1178 1437 4 
 121 914 8 
 1816 1824 4 
 2273 2130 1 
 2027 2353 4 
 2343 1511 7 
 820 421 6 
 644 746 9 
 224 394 2 
 776 524 1 
 1118 1544 3 
 345 1610 1 
 2025 242 4 
 1215 395 9 
 213 404 7 
 256 619 10 
 1216 2080 1 
 1997 576 2 
 235 1466 8 
 1966 1171 2 
 2320 826 8 
 1815 417 10 
 549 353 9 
 912 1977 8 
 156 876 2 
 1508 184 4 
 1453 2114 10 
 1242 2285 2 
 1634 2069 6 
 2093 1081 1 
 1784 6 8 
 901 779 6 
 1270 289 5 
 2351 929 5 
 535 1997 6 
 1829 2377 2 
 668 868 9 
 245 472 8 
 1287 1868 4 
 1717 1107 1 
 518 1783 5 
 379 2412 8 
 2275 322 5 
 1571 1181 2 
 1007 1715 10 
 660 2085 3 
 1817 1293 9 
 2078 708 2 
 1443 1998 8 
 1218 827 10 
 963 133 8 
 1436 1479 10 
 3 2216 1 
 1719 35 5 
 2469 1839 3 
 1073 1904 5 
 2450 1049 8 
 5 208 4 
 2157 1621 5 
 1775 1356 3 
 1653 1612 8 
 1274 453 9 
 628 893 10 
 108 2174 8 
 200 1264 4 
 141 138 3 
 860 1147 5 
 918 1298 10 
 2500 1943 4 
 2339 318 6 
 1535 2338 10 
 1679 459 6 
 2309 1806 8 
 669 1069 4 
 256 138 5 
 401 47 2 
 1739 2245 5 
 850 777 8 
 197 1785 9 
 1444 2207 1 
 1917 2444 6 
 2063 1689 9 
 618 2337 6 
 175 610 7 
 252 1728 3 
 1891 367 10 
 102 1319 8 
 1552 1602 2 
 2207 2068 9 
 1155 829 1 
 354 887 4 
 1861 389 7 
 2295 2262 1 
 1371 1237 5 
 1101 485 9 
 962 2153 10 
 1295 865 3 
 1637 2324 10 
 1047 1661 6 
 2344 1678 10 
 1701 225 8 
 1000 624 4 
 696 295 9 
 1658 1065 6 
 1765 1129 8 
 95 1218 5 
 2309 1981 10 
 2018 43 4 
 1576 234 7 
 581 607 4 
 1505 2486 1 
 591 1155 4 
 2085 650 9 
 1370 1222 4 
 262 1956 10 
 1871 982 10 
 223 1147 9 
 645 1460 1 
 194 1934 9 
 961 1470 7 
 1627 1806 7 
 1187 1442 5 
 579 1487 8 
 1253 2156 10 
 1280 320 5 
 255 322 1 
 2293 1162 9 
 488 1713 2 
 2084 1548 6 
 984 39 8 
 611 2232 6 
 1158 2018 6 
 440 585 5 
 1923 2325 6 
 465 2239 1 
 1249 1106 8 
 697 2326 8 
 2094 1222 8 
 379 267 7 
 1120 657 5 
 1989 633 3 
 519 836 2 
 1071 484 7 
 322 1896 1 
 2418 1657 8 
 1584 2242 3 
 1449 2001 6 
 1465 334 6 
 902 1111 7 
 795 2016 10 
 134 1387 3 
 506 1346 8 
 1345 1009 6 
 2403 1403 9 
 1033 544 6 
 1530 1337 3 
 248 578 7 
 1197 1551 5 
 193 1901 10 
 692 1281 8 
 1622 492 6 
 1238 1528 8 
 1090 2124 8 
 1227 1014 1 
 1766 190 9 
 26 575 8 
 1440 2368 6 
 1129 997 7 
 1853 1923 8 
 982 769 1 
 1100 2409 2 
 359 165 5 
 2126 982 7 
 1160 1065 8 
 1547 745 1 
 2217 185 3 
 12 1767 2 
 1071 1699 3 
 1253 663 6 
 2436 1307 1 
 1102 453 10 
 568 824 4 
 1110 1489 5 
 1787 929 6 
 355 2169 9 
 584 207 9 
 2343 496 5 
 2414 273 4 
 681 769 10 
 1656 1996 1 
 766 2499 1 
 10 
 2347 1757 1108 2378 347 1375 972 390 610 2314 
