 2500 5000 
 728 1118 1 
 1118 1991 2 
 847 728 2 
 1768 1118 10 
 1991 1069 6 
 1814 1991 10 
 847 2500 6 
 2464 2500 2 
 728 2076 1 
 847 460 4 
 1069 406 9 
 1118 1622 9 
 415 1768 5 
 259 2500 7 
 2129 415 8 
 1684 1814 4 
 1814 967 2 
 1335 1991 10 
 2228 967 10 
 1768 934 8 
 1118 973 3 
 1684 1406 1 
 460 1709 1 
 259 2387 7 
 2245 1814 10 
 1886 1709 6 
 819 1622 9 
 408 415 6 
 606 973 6 
 2464 1484 6 
 2436 728 2 
 537 1118 10 
 1684 2059 9 
 1623 537 9 
 4 967 4 
 1007 2436 8 
 415 1697 1 
 1904 408 8 
 117 2129 6 
 988 847 8 
 1622 1460 3 
 1567 1335 9 
 950 819 1 
 1709 388 6 
 593 728 9 
 2436 387 3 
 2100 117 5 
 2500 569 9 
 2059 293 6 
 2452 460 10 
 1814 612 2 
 2123 537 8 
 819 861 2 
 2214 408 10 
 1695 387 10 
 819 1246 7 
 967 799 5 
 16 819 10 
 43 1246 6 
 2045 988 3 
 2228 1203 10 
 842 2500 8 
 1453 593 9 
 1006 1335 3 
 2464 1993 3 
 1357 117 2 
 2214 925 5 
 1886 346 5 
 606 942 10 
 847 1861 8 
 1945 1993 6 
 784 293 5 
 1993 1305 8 
 399 1945 8 
 537 1209 3 
 714 2464 3 
 2123 2443 7 
 406 553 3 
 264 408 5 
 2076 1949 9 
 2059 525 1 
 2021 1991 1 
 1930 460 10 
 262 1904 6 
 1124 1695 9 
 1406 806 4 
 950 2236 5 
 612 318 10 
 259 1613 3 
 246 399 2 
 246 1277 9 
 1425 2076 7 
 1156 406 4 
 56 861 6 
 950 1913 7 
 934 765 8 
 117 1097 3 
 1044 612 7 
 714 875 8 
 43 2261 4 
 1118 2047 9 
 2092 460 6 
 2059 1891 1 
 346 791 8 
 492 875 9 
 2387 2148 6 
 1697 2413 5 
 456 1861 8 
 1526 1886 7 
 226 847 1 
 735 2214 7 
 1217 1945 2 
 1406 282 5 
 2100 2476 7 
 934 2075 7 
 2110 1007 2 
 1286 117 6 
 408 581 4 
 1797 791 8 
 1891 1139 4 
 1215 2076 4 
 1262 2045 9 
 627 318 5 
 735 1534 3 
 1192 806 10 
 549 406 10 
 1343 2110 8 
 420 735 5 
 1 806 3 
 1484 1183 9 
 1069 1694 9 
 2452 2281 9 
 1768 2426 4 
 2042 1567 5 
 1286 1520 3 
 1954 2123 1 
 29 553 5 
 1357 519 2 
 124 2047 5 
 2023 1991 6 
 537 2173 7 
 1262 375 9 
 1156 1422 8 
 1112 282 7 
 420 463 3 
 1044 1320 5 
 747 1891 8 
 1695 1505 2 
 1677 1505 5 
 1156 2111 8 
 728 803 8 
 765 1241 6 
 1765 1991 7 
 875 28 6 
 714 1544 5 
 1795 2045 4 
 1259 1613 2 
 520 2236 4 
 1931 2464 2 
 1090 2111 8 
 204 1277 9 
 1993 1468 5 
 755 1567 8 
 513 1697 3 
 438 1695 7 
 2362 1139 10 
 1262 929 5 
 1215 1834 5 
 563 513 7 
 2132 2261 9 
 262 188 3 
 1824 627 6 
 117 2446 8 
 1883 408 4 
 1945 1643 6 
 622 1534 10 
 773 819 1 
 72 2100 6 
 1834 1296 2 
 1904 1170 3 
 2228 1778 3 
 296 262 3 
 1632 2129 1 
 891 1945 8 
 440 934 1 
 1428 1484 5 
 1215 2276 3 
 1333 1886 2 
 973 1711 1 
 949 2132 2 
 1460 1580 8 
 560 4 10 
 505 282 2 
 2236 1688 1 
 1725 925 8 
 569 1324 7 
 2152 72 9 
 1241 937 10 
 420 138 3 
 362 1883 4 
 2228 1518 7 
 1699 1006 4 
 1638 537 3 
 1849 2173 9 
 2276 1847 3 
 1174 627 8 
 1581 1699 10 
 2423 1241 6 
 967 2208 8 
 1688 754 1 
 1567 215 10 
 505 762 5 
 1468 1619 3 
 1622 47 8 
 562 549 2 
 698 1580 4 
 1548 1697 4 
 2245 668 4 
 306 1697 3 
 2229 1203 9 
 204 512 9 
 289 226 1 
 1370 2413 9 
 261 988 1 
 1937 2281 5 
 2276 1780 9 
 891 2428 8 
 264 1377 2 
 1169 1699 2 
 761 2236 4 
 2123 1570 1 
 2194 988 7 
 830 1520 9 
 2384 2362 5 
 315 1357 4 
 1937 1279 4 
 2217 562 8 
 33 765 9 
 406 66 7 
 72 1062 3 
 463 1008 5 
 1277 2438 5 
 1008 1064 6 
 163 1580 7 
 1456 2452 5 
 297 2194 7 
 2101 440 8 
 784 2477 3 
 1632 636 10 
 1882 1797 10 
 2245 508 10 
 2101 1261 3 
 309 315 7 
 56 1257 2 
 1124 2481 5 
 1623 488 10 
 1062 1088 4 
 520 2416 8 
 2261 1647 6 
 1994 1632 4 
 1691 2229 4 
 127 2110 2 
 1527 2110 2 
 16 1253 6 
 612 199 8 
 2327 553 3 
 973 363 4 
 1046 388 7 
 1073 2092 1 
 43 1214 6 
 2423 1940 9 
 1286 2368 5 
 1654 1257 5 
 2176 627 5 
 2095 1824 5 
 825 1697 5 
 1519 1697 4 
 1643 535 4 
 1112 1207 10 
 1699 123 8 
 1644 2245 7 
 100 627 2 
 1170 1618 5 
 361 2021 5 
 1257 1951 10 
 2128 1619 5 
 1751 825 8 
 23 2368 9 
 375 1483 2 
 2185 2208 8 
 48 2281 8 
 1122 1883 1 
 1456 2348 4 
 123 810 8 
 327 1527 5 
 94 2217 7 
 1073 1350 3 
 406 1615 5 
 1754 1169 4 
 1350 1854 5 
 2106 1324 5 
 256 388 4 
 508 823 8 
 821 1277 3 
 1652 2128 8 
 2129 523 1 
 563 1128 8 
 264 451 8 
 454 289 8 
 1554 2229 8 
 847 2062 8 
 2280 2185 5 
 418 2276 4 
 346 841 1 
 243 755 2 
 519 1920 5 
 1363 48 7 
 1510 43 6 
 243 265 6 
 41 1214 5 
 763 929 2 
 2413 2318 1 
 819 1378 9 
 1097 1549 4 
 1333 883 9 
 253 523 7 
 2411 821 8 
 256 2444 8 
 2443 2288 9 
 2123 1512 6 
 821 566 4 
 2345 2128 9 
 1809 1882 3 
 2327 779 7 
 1433 2042 5 
 663 415 7 
 1756 728 1 
 1456 324 2 
 1505 1288 7 
 1824 911 8 
 761 156 6 
 345 2128 6 
 1044 263 1 
 56 2210 5 
 157 1320 10 
 2239 2059 6 
 774 265 3 
 2443 530 10 
 117 1885 8 
 1368 1209 2 
 1192 1642 1 
 630 1406 3 
 363 2175 6 
 1090 441 5 
 2402 2411 5 
 1662 636 5 
 408 170 6 
 1712 1090 5 
 1069 51 6 
 705 1169 5 
 1539 327 8 
 875 2380 9 
 2377 1 6 
 2159 2123 7 
 2075 1205 9 
 2413 503 1 
 1350 837 2 
 2477 270 6 
 1575 911 6 
 228 454 2 
 2386 28 8 
 2156 2062 6 
 1655 2217 9 
 1784 2045 3 
 2173 2215 3 
 2353 1069 2 
 522 259 7 
 270 312 4 
 259 1226 3 
 1582 1904 9 
 933 1931 2 
 911 2150 3 
 762 395 5 
 1412 2101 5 
 1188 1527 3 
 1662 367 5 
 1772 1886 3 
 2059 725 6 
 1728 2368 4 
 652 1949 5 
 1253 2378 9 
 417 1261 2 
 1795 1763 4 
 2090 362 7 
 544 520 10 
 904 2353 3 
 1285 1169 4 
 385 263 4 
 2332 1780 9 
 1871 1814 2 
 2204 1433 1 
 503 2161 5 
 1294 1618 1 
 515 463 2 
 7 1425 7 
 82 1519 2 
 1780 2434 3 
 1644 1059 10 
 2464 2291 5 
 1780 1761 8 
 726 519 9 
 1463 803 7 
 588 765 1 
 437 612 3 
 2438 1477 6 
 1799 395 6 
 2446 1588 3 
 789 1285 2 
 1932 2348 7 
 180 1809 3 
 638 440 9 
 1539 376 3 
 1780 358 1 
 2016 28 4 
 202 1954 5 
 1462 306 10 
 1374 2481 2 
 2373 2128 5 
 2417 1954 10 
 2129 1105 6 
 2210 1346 9 
 1928 23 4 
 1942 1655 4 
 513 1708 8 
 1122 869 7 
 1936 2327 5 
 1713 417 6 
 1767 48 2 
 2291 2108 2 
 1261 2440 8 
 821 559 6 
 2328 1694 5 
 2128 2279 4 
 1246 175 6 
 2406 1 5 
 94 1176 5 
 500 869 1 
 132 779 7 
 2318 882 1 
 465 1554 3 
 2090 1035 4 
 361 1872 3 
 375 1640 10 
 558 2110 4 
 1872 332 6 
 1389 1335 8 
 749 558 8 
 1505 1485 10 
 996 810 2 
 1642 1789 4 
 1526 40 3 
 1080 1697 7 
 2280 1980 6 
 346 2127 3 
 50 51 6 
 1809 13 1 
 1156 357 9 
 2294 1 4 
 525 1168 3 
 200 726 5 
 406 1938 4 
 2380 1862 9 
 1379 1062 7 
 1428 287 1 
 2014 622 1 
 335 1510 2 
 1765 59 8 
 895 376 5 
 891 2038 4 
 42 256 3 
 1366 1217 10 
 725 1864 8 
 199 1941 8 
 825 390 7 
 2426 1682 2 
 248 2092 7 
 530 1565 10 
 1954 308 10 
 395 2490 6 
 882 1391 4 
 2274 1226 6 
 1622 2226 4 
 2438 1566 10 
 1711 250 7 
 799 926 4 
 417 585 4 
 354 1765 7 
 1615 379 2 
 988 2267 10 
 143 1691 2 
 408 2006 1 
 2274 1921 1 
 358 2188 8 
 2157 2047 2 
 1423 454 8 
 1551 2132 4 
 789 2181 10 
 381 59 5 
 1254 925 1 
 1854 889 9 
 1453 1829 1 
 725 1976 1 
 2157 1223 3 
 2213 1936 5 
 461 1566 10 
 954 535 5 
 1261 1895 8 
 2500 2313 10 
 1856 934 3 
 487 346 2 
 2095 1243 2 
 1647 604 4 
 1704 204 7 
 2088 1462 5 
 1629 934 10 
 1993 1607 2 
 2173 1409 1 
 1837 1765 9 
 462 749 3 
 1895 120 6 
 922 1930 7 
 630 1034 1 
 31 2148 2 
 1983 988 6 
 1970 630 8 
 259 1495 10 
 389 937 6 
 385 2305 1 
 1366 675 10 
 1932 816 9 
 1539 2103 2 
 338 358 2 
 402 2440 3 
 438 1959 3 
 2452 426 9 
 1872 1719 6 
 2113 1176 9 
 1078 1105 6 
 1560 562 3 
 1434 1124 7 
 749 1036 6 
 865 1259 5 
 2166 332 4 
 454 701 3 
 2452 1744 5 
 2301 1942 2 
 967 736 1 
 783 606 7 
 390 1055 3 
 1177 2373 7 
 1029 1708 6 
 1123 841 1 
 1188 785 7 
 1898 2215 3 
 387 509 4 
 1528 33 9 
 71 823 10 
 761 1302 2 
 2111 1550 2 
 1417 1078 9 
 47 220 7 
 2210 647 9 
 1958 1623 6 
 521 2267 7 
 1879 202 5 
 2327 1830 4 
 555 1534 2 
 2477 140 6 
 1169 121 8 
 385 271 10 
 1956 72 5 
 2103 2249 2 
 1565 1111 10 
 82 1094 6 
 2153 773 4 
 2434 2403 9 
 1932 1537 7 
 1980 1626 8 
 1549 1212 10 
 1542 1526 5 
 322 43 5 
 559 1191 9 
 1423 2189 8 
 1919 1389 9 
 1103 375 2 
 988 1842 7 
 1581 1681 8 
 51 727 7 
 1928 992 7 
 2288 719 8 
 293 543 8 
 783 1826 6 
 2250 1510 7 
 415 1410 2 
 403 1619 4 
 1223 135 7 
 663 1298 2 
 2463 1826 1 
 1762 2006 7 
 2111 1204 5 
 2462 461 5 
 1627 911 9 
 937 2272 2 
 1980 1563 4 
 1079 2217 2 
 172 1872 3 
 566 1325 10 
 834 120 1 
 891 845 6 
 43 102 6 
 812 585 6 
 2129 359 3 
 522 2321 6 
 2405 2436 2 
 2129 2278 10 
 1460 645 5 
 1288 504 4 
 1453 439 1 
 2021 1301 6 
 2255 1567 4 
 1653 2228 9 
 2104 1176 5 
 1096 402 1 
 920 1391 5 
 1573 1542 7 
 2288 52 1 
 2368 1155 5 
 1921 715 3 
 543 1703 3 
 1063 1379 10 
 1223 1260 4 
 994 2215 1 
 53 315 1 
 2286 2045 9 
 228 692 6 
 489 1063 1 
 389 2026 4 
 315 2022 1 
 1970 1562 5 
 2218 1073 7 
 1737 513 1 
 2023 739 9 
 234 2088 7 
 1183 425 2 
 645 1263 9 
 288 438 6 
 763 260 7 
 1176 1420 8 
 1575 874 4 
 402 1760 6 
 48 1249 1 
 1089 1410 4 
 754 1351 5 
 1123 2112 9 
 2333 1994 3 
 1626 25 3 
 1651 1784 2 
 1469 2378 4 
 1768 1887 2 
 1327 127 7 
 500 1276 1 
 603 2286 6 
 389 1185 8 
 1018 1288 9 
 1912 387 7 
 1096 709 10 
 1498 525 10 
 1480 2104 8 
 1322 1483 7 
 832 1453 10 
 1094 162 4 
 875 176 6 
 1139 1876 9 
 915 2042 1 
 627 1408 1 
 2258 1370 5 
 1189 1453 4 
 366 315 6 
 2386 2471 10 
 323 357 7 
 40 1827 9 
 1733 1618 2 
 1154 1305 3 
 360 387 3 
 162 1075 10 
 861 1067 6 
 759 1980 3 
 439 2068 10 
 2305 1300 7 
 1061 581 6 
 1971 2452 10 
 1267 513 6 
 2258 364 3 
 1588 1777 5 
 2235 1170 10 
 252 1708 3 
 535 78 2 
 750 2021 1 
 1595 1849 7 
 522 207 10 
 1510 644 8 
 1053 100 4 
 381 64 1 
 2130 264 1 
 1176 194 4 
 1014 2301 9 
 520 2205 9 
 811 1246 10 
 1981 226 4 
 841 642 7 
 1519 631 8 
 944 124 6 
 2384 768 10 
 530 2292 2 
 1567 1376 10 
 1654 978 2 
 630 1802 8 
 132 2357 9 
 1366 840 9 
 13 1749 2 
 1157 52 5 
 1272 156 10 
 2110 872 6 
 1250 2213 2 
 175 2243 1 
 2359 2150 6 
 929 2331 6 
 1499 2103 4 
 1595 1134 8 
 1030 1177 2 
 508 890 5 
 1065 59 10 
 240 2101 3 
 1038 170 7 
 2129 2116 4 
 2172 204 1 
 1855 725 6 
 577 1970 6 
 859 1809 5 
 877 1276 2 
 2292 1672 2 
 1100 2444 7 
 207 9 4 
 1221 1350 4 
 670 1302 6 
 1504 765 2 
 469 2181 4 
 1058 420 6 
 54 135 8 
 457 1711 2 
 1881 988 9 
 1762 2455 2 
 1873 47 7 
 520 1318 1 
 2062 1978 4 
 2437 2181 8 
 2498 2294 8 
 1551 459 10 
 1273 260 2 
 305 59 7 
 460 1022 2 
 266 636 1 
 204 552 6 
 1264 2110 4 
 1763 2322 4 
 1943 630 4 
 701 83 1 
 612 137 5 
 1133 1871 2 
 261 1732 4 
 1942 2234 6 
 304 33 7 
 784 1933 8 
 389 2145 3 
 1611 1763 2 
 1083 1566 5 
 2271 1030 9 
 312 126 7 
 1733 165 1 
 138 2338 3 
 2002 2181 2 
 952 287 9 
 2152 2302 3 
 896 188 10 
 191 426 9 
 1007 1026 4 
 15 1956 8 
 1055 2421 7 
 1149 1061 8 
 83 1231 2 
 1630 663 7 
 2229 1540 2 
 1647 134 7 
 739 2139 2 
 2301 1404 7 
 1376 693 8 
 1861 255 5 
 2005 1 5 
 1133 1741 1 
 1444 1327 2 
 750 1475 5 
 1326 459 7 
 2111 2404 8 
 1925 406 6 
 1365 1519 1 
 416 1080 9 
 2021 1669 3 
 1064 95 8 
 243 1874 9 
 486 2128 4 
 1741 336 8 
 226 1825 9 
 108 388 6 
 1068 426 6 
 287 1683 9 
 2047 742 8 
 1645 66 8 
 264 2198 5 
 2218 57 6 
 1607 1500 5 
 1800 47 10 
 1201 2380 5 
 242 504 7 
 1762 55 1 
 1889 366 7 
 869 953 3 
 719 951 4 
 2108 2396 3 
 2251 1083 8 
 535 706 7 
 157 1345 9 
 1341 2042 10 
 2262 1795 4 
 1287 1456 2 
 1406 833 7 
 1470 1259 1 
 874 1513 9 
 136 165 7 
 1858 2348 3 
 510 2047 4 
 961 861 5 
 1430 2129 6 
 1288 1686 7 
 270 2186 3 
 553 378 9 
 432 755 8 
 1765 283 9 
 598 1761 4 
 308 734 9 
 2172 400 7 
 1833 1886 10 
 1898 2339 3 
 335 1673 5 
 1751 372 10 
 561 402 8 
 1212 1283 9 
 1839 1749 7 
 1866 1112 4 
 1368 2299 1 
 1 2265 2 
 375 1730 7 
 2498 1375 2 
 1855 1965 1 
 2010 1090 1 
 1169 2193 2 
 66 146 7 
 2082 1744 9 
 1718 2047 9 
 757 1864 3 
 647 1979 1 
 256 294 4 
 1189 1369 5 
 659 1651 1 
 280 1688 6 
 623 1262 7 
 456 1242 4 
 2175 1381 1 
 2390 1550 9 
 1778 539 9 
 1735 2378 6 
 1286 2317 6 
 317 706 10 
 910 2208 6 
 1076 1933 4 
 1825 2085 6 
 1498 49 7 
 946 1375 8 
 2352 335 4 
 2349 57 10 
 2436 957 2 
 2186 209 5 
 49 2459 6 
 2097 2463 3 
 2271 190 2 
 2254 1651 1 
 1298 968 8 
 546 262 3 
 91 338 10 
 686 1257 6 
 775 726 10 
 56 2040 6 
 1601 2396 2 
 1668 1728 8 
 148 1772 8 
 1768 24 5 
 81 1528 6 
 165 870 3 
 1038 1393 6 
 1937 2326 7 
 612 1093 5 
 3 1718 10 
 866 774 10 
 1654 2266 9 
 346 529 3 
 121 2260 10 
 966 1607 10 
 719 2493 3 
 1713 963 1 
 1144 1341 2 
 1192 1835 1 
 1351 1126 7 
 2333 1493 1 
 2470 1642 7 
 2493 2020 2 
 98 525 2 
 146 1890 10 
 500 1401 5 
 1060 2243 3 
 2166 1224 10 
 1575 1641 7 
 1697 853 9 
 697 1864 4 
 1275 1551 9 
 451 374 5 
 2294 230 7 
 1467 162 4 
 2417 1896 5 
 1820 1728 5 
 1275 1332 3 
 699 2157 3 
 765 1416 7 
 903 1737 5 
 465 2191 5 
 217 1188 2 
 624 1097 10 
 2267 2492 3 
 1243 339 8 
 1789 1216 9 
 588 2447 9 
 655 1480 7 
 1848 2023 3 
 1887 2237 9 
 1858 1603 10 
 985 1728 2 
 439 70 8 
 1673 2355 3 
 1102 875 2 
 2417 1507 6 
 1122 365 10 
 1706 1412 7 
 989 1797 2 
 318 174 9 
 1586 1627 5 
 1064 1145 5 
 372 1107 3 
 1439 2189 9 
 664 1876 7 
 588 368 7 
 666 170 1 
 1357 1650 3 
 1858 2109 10 
 318 2 9 
 1621 675 4 
 1425 658 5 
 1209 1739 5 
 599 686 2 
 2488 120 5 
 609 1463 4 
 2211 1940 9 
 2002 867 4 
 136 843 5 
 120 299 3 
 325 2022 4 
 2113 1166 6 
 986 1728 2 
 333 2104 7 
 687 2470 1 
 561 962 9 
 1383 1826 6 
 2213 681 8 
 2129 1108 1 
 882 189 8 
 1973 1217 3 
 1026 497 7 
 1501 1777 10 
 920 2370 3 
 109 1504 6 
 531 1874 5 
 2125 2331 7 
 2000 2426 3 
 2115 2500 6 
 85 1100 4 
 1996 734 8 
 1949 1047 4 
 1860 1527 6 
 548 202 5 
 588 1398 5 
 2462 1471 7 
 1653 2399 9 
 171 2101 3 
 832 2479 10 
 1471 1766 4 
 798 315 4 
 961 917 1 
 1673 589 8 
 8 546 4 
 1532 81 1 
 1160 1706 4 
 1865 248 1 
 295 2045 8 
 2018 891 4 
 1324 1922 3 
 44 1126 1 
 1444 2093 6 
 77 1922 10 
 2082 808 10 
 2076 930 1 
 763 567 5 
 1401 1774 7 
 2476 6 9 
 2121 2191 9 
 1130 2396 7 
 2485 1527 7 
 2317 1845 3 
 2205 1390 10 
 787 2186 10 
 1838 1719 9 
 1166 964 8 
 2174 1007 5 
 2173 2146 7 
 1741 1233 10 
 1015 2127 1 
 342 1249 5 
 1794 1575 10 
 2480 2440 8 
 36 957 7 
 436 2 5 
 66 1559 6 
 863 543 8 
 1085 989 8 
 747 1525 8 
 1258 1029 9 
 559 2460 2 
 403 2418 5 
 404 1925 6 
 2259 1439 1 
 1133 1337 7 
 1901 1368 2 
 1433 1721 2 
 1550 2011 9 
 1066 28 10 
 1340 2266 9 
 1936 2032 3 
 1860 35 9 
 1512 2233 2 
 1677 450 6 
 545 1845 7 
 2413 758 1 
 2234 2017 9 
 244 1919 4 
 2485 916 6 
 1507 1438 1 
 1638 1362 10 
 1896 1561 6 
 1648 1409 8 
 111 426 9 
 2452 1962 7 
 888 1273 2 
 1883 413 8 
 1386 2279 7 
 677 2125 7 
 2253 1111 9 
 1767 2335 8 
 1181 2132 5 
 2167 627 8 
 2212 1565 2 
 2353 2190 7 
 324 2154 2 
 1394 2112 3 
 1111 1953 1 
 610 296 5 
 168 2186 10 
 959 54 4 
 2476 502 4 
 423 1241 8 
 1721 1740 8 
 1449 2322 10 
 1570 371 7 
 1934 2113 9 
 1079 1400 8 
 1838 2468 6 
 515 58 5 
 397 543 8 
 423 1129 9 
 709 1628 8 
 1931 688 8 
 874 703 6 
 2235 764 9 
 259 233 2 
 1965 1271 6 
 2381 1470 3 
 1638 2325 4 
 1655 2221 10 
 531 2051 9 
 2222 1470 2 
 2122 577 10 
 1964 71 6 
 1531 895 8 
 312 1798 5 
 259 2449 7 
 1986 1505 4 
 122 1260 4 
 81 196 5 
 2158 911 2 
 698 205 8 
 2003 2042 3 
 1341 1897 2 
 1483 2371 1 
 759 704 3 
 871 1754 3 
 1425 1878 5 
 611 2281 5 
 1135 233 10 
 1189 185 2 
 1222 460 10 
 1548 591 1 
 1682 1384 10 
 1558 1735 1 
 1444 2164 9 
 33 780 5 
 1593 853 6 
 1942 673 10 
 184 545 6 
 2414 48 4 
 400 661 3 
 1362 547 6 
 964 1576 6 
 857 1155 2 
 1905 593 5 
 2223 489 6 
 2314 1438 8 
 411 2281 1 
 1487 174 7 
 428 1959 3 
 216 71 5 
 2249 769 10 
 2187 432 9 
 1304 823 3 
 1109 1375 4 
 1938 507 8 
 2233 565 8 
 157 2383 8 
 1715 2167 1 
 581 1541 8 
 1728 1914 8 
 1162 1730 8 
 280 154 10 
 560 337 7 
 1577 1558 5 
 1482 559 3 
 1536 2480 6 
 1777 1935 10 
 935 2020 7 
 2172 1115 2 
 2218 912 7 
 584 1177 5 
 2465 2191 8 
 1914 1373 1 
 1411 354 9 
 752 2488 2 
 1551 2297 7 
 825 648 6 
 1512 1564 1 
 2022 777 8 
 640 1922 4 
 2234 2257 10 
 644 1454 3 
 2377 2203 9 
 1311 1169 4 
 470 1370 5 
 1689 553 4 
 1656 1697 6 
 165 1714 9 
 487 818 1 
 1507 729 8 
 2341 420 9 
 1977 867 5 
 1708 635 2 
 481 2326 7 
 1420 269 3 
 1196 2198 6 
 295 2461 3 
 2021 2155 9 
 957 152 10 
 1066 956 3 
 516 71 6 
 2492 879 3 
 2307 670 4 
 1004 1257 2 
 1561 1639 3 
 991 109 4 
 411 1136 2 
 37 1958 6 
 730 2158 3 
 238 1507 4 
 502 1028 6 
 1422 1319 7 
 1886 731 2 
 2347 207 5 
 199 2474 1 
 1013 1094 4 
 1404 1210 9 
 1315 1319 9 
 866 384 3 
 1368 1929 5 
 1321 2204 8 
 339 1289 7 
 216 1003 7 
 2420 763 5 
 1718 1972 4 
 2159 1759 7 
 1113 1185 2 
 1842 1908 5 
 198 1719 9 
 639 1160 9 
 1559 2073 10 
 1037 270 1 
 2054 400 2 
 1635 2474 9 
 476 1207 9 
 819 1153 9 
 1210 445 1 
 2296 259 4 
 1747 1971 4 
 1132 1022 3 
 918 2116 10 
 188 1232 10 
 2006 923 2 
 1936 995 8 
 963 1503 3 
 2195 1618 5 
 1362 69 9 
 2474 807 2 
 617 1264 1 
 1289 1530 6 
 71 245 3 
 829 52 10 
 1482 575 9 
 1614 388 5 
 1187 456 6 
 348 2444 7 
 191 855 9 
 1661 1958 6 
 1623 1888 8 
 2210 850 10 
 675 1431 1 
 165 690 9 
 953 1975 6 
 296 907 5 
 1870 1581 9 
 1291 1870 1 
 1484 159 4 
 232 1254 2 
 600 2416 10 
 1531 2382 10 
 2368 1916 9 
 1207 1509 3 
 989 1396 9 
 2120 2250 10 
 2482 248 1 
 154 1051 8 
 1648 310 9 
 1369 827 2 
 2075 1010 1 
 2129 187 9 
 2497 1126 8 
 1552 2313 4 
 777 724 8 
 1521 127 10 
 1849 473 1 
 2486 920 10 
 1924 2233 7 
 862 1744 7 
 166 243 5 
 762 409 7 
 879 674 4 
 1349 2413 8 
 1064 828 9 
 1043 668 4 
 742 804 3 
 1045 779 5 
 148 795 2 
 1721 186 7 
 1846 1396 4 
 1150 1580 4 
 1573 2334 4 
 1496 1122 9 
 934 1180 1 
 1296 1142 5 
 1319 1750 6 
 2204 2089 10 
 1736 308 3 
 1024 2062 4 
 2269 337 6 
 460 203 8 
 1904 720 10 
 1354 2088 4 
 1120 1214 6 
 892 704 8 
 651 1943 7 
 1309 2208 3 
 1730 1152 6 
 716 2120 2 
 1256 2088 8 
 1744 526 8 
 2356 1626 7 
 2295 1825 5 
 452 171 2 
 2482 86 4 
 2090 2143 9 
 1767 247 1 
 1786 171 6 
 1199 773 8 
 866 534 1 
 2483 807 9 
 493 1527 5 
 485 53 9 
 2021 1690 4 
 784 696 10 
 198 1020 8 
 1108 2216 6 
 465 2028 8 
 367 1599 7 
 324 290 5 
 1355 2493 8 
 1981 2200 9 
 1007 797 1 
 1135 1815 9 
 868 907 2 
 2152 1832 2 
 2165 1872 1 
 229 1467 8 
 825 2094 4 
 446 2003 7 
 667 469 2 
 473 1538 6 
 1725 1821 3 
 992 1338 2 
 1489 2217 3 
 1559 943 5 
 2208 1705 2 
 1970 2316 8 
 1121 855 4 
 1539 2241 4 
 1558 380 4 
 1021 1521 3 
 2428 1220 3 
 1274 907 5 
 612 1610 3 
 1899 2234 6 
 1287 2206 9 
 1075 1371 6 
 1072 647 6 
 352 668 5 
 955 264 2 
 88 1220 3 
 1218 1355 7 
 1605 1686 1 
 389 743 9 
 2252 402 8 
 1944 714 10 
 1448 1096 2 
 2170 293 4 
 230 1805 7 
 298 916 7 
 489 1657 3 
 2315 1622 8 
 164 1136 10 
 1787 493 9 
 1434 700 6 
 1989 327 3 
 638 93 10 
 2060 262 10 
 1397 1366 4 
 2459 1236 5 
 1710 719 2 
 382 1463 3 
 992 1490 3 
 1185 2311 1 
 2110 1546 1 
 787 2177 2 
 499 862 10 
 1161 1599 6 
 2364 295 2 
 250 596 9 
 2044 995 2 
 1538 2078 8 
 549 1092 1 
 2068 1515 7 
 1105 1461 9 
 1089 695 8 
 1871 524 3 
 266 643 10 
 1533 1256 1 
 1725 2072 3 
 1159 1794 10 
 508 1903 6 
 2134 598 3 
 1593 1033 6 
 1683 2323 8 
 2250 851 4 
 1331 843 5 
 2353 1182 6 
 1548 2225 4 
 1574 2157 7 
 2015 867 10 
 1863 725 2 
 921 818 7 
 211 165 1 
 511 664 3 
 156 1917 3 
 2354 308 5 
 2374 929 1 
 2047 568 1 
 1688 637 8 
 1411 620 1 
 552 831 8 
 1566 541 9 
 1438 104 1 
 2363 1485 5 
 2142 1327 4 
 58 1347 6 
 347 988 1 
 963 1190 4 
 1709 601 3 
 392 2250 5 
 354 1091 6 
 1207 1158 5 
 1214 2035 5 
 417 972 4 
 1137 1959 8 
 1118 1594 4 
 1997 764 10 
 1431 1911 7 
 1969 2292 4 
 568 835 4 
 265 118 2 
 1125 1943 9 
 2013 2295 5 
 1152 1947 3 
 1962 1364 9 
 1473 1215 6 
 1779 1574 5 
 1604 1460 10 
 428 1992 1 
 2088 458 1 
 516 1988 4 
 2367 612 6 
 1333 1148 9 
 1569 1309 5 
 1347 1211 3 
 1758 2045 2 
 502 987 3 
 190 2487 5 
 587 217 8 
 1780 1450 1 
 2050 204 4 
 1270 4 7 
 876 2095 6 
 1305 572 1 
 1048 2485 2 
 1441 2423 1 
 2249 353 2 
 1246 1523 6 
 2105 1914 4 
 1989 2230 10 
 108 766 4 
 2187 1910 9 
 1719 1348 6 
 1750 1372 10 
 1631 2406 2 
 791 484 4 
 1568 1004 6 
 1076 1339 1 
 262 1985 7 
 815 868 9 
 682 816 8 
 1445 1462 7 
 1311 1459 8 
 615 1711 7 
 367 1186 1 
 1617 1935 9 
 1838 197 2 
 2482 2394 7 
 651 2376 9 
 1109 276 7 
 622 2343 4 
 2383 21 4 
 1632 941 9 
 2401 2386 5 
 2495 264 7 
 2361 1607 8 
 1310 1461 8 
 371 2087 7 
 1843 2175 4 
 431 1246 2 
 2081 675 6 
 849 380 5 
 1464 2223 8 
 1012 2321 9 
 755 1392 7 
 1351 1197 5 
 2372 2245 10 
 141 1567 3 
 977 843 5 
 144 2189 7 
 1091 369 1 
 1669 2336 5 
 629 1777 6 
 209 2246 1 
 435 519 9 
 612 2409 3 
 953 182 7 
 1188 1877 4 
 3 1086 4 
 1496 1646 10 
 1696 2175 5 
 355 1190 1 
 1202 763 8 
 1859 196 9 
 2231 787 2 
 2237 1000 8 
 546 26 8 
 688 307 9 
 607 1501 10 
 663 1813 1 
 163 34 4 
 2144 1029 8 
 914 1953 10 
 974 659 5 
 1563 2182 10 
 135 73 9 
 1347 223 4 
 2415 64 7 
 551 446 10 
 1979 2389 6 
 94 405 2 
 2285 2023 10 
 1802 2467 3 
 1477 1828 4 
 1620 2483 3 
 2170 826 7 
 478 637 7 
 1388 1153 1 
 1234 524 9 
 1652 931 5 
 1246 786 4 
 1682 1781 5 
 782 2106 9 
 896 2025 9 
 608 1975 2 
 926 1317 7 
 1129 12 8 
 1874 377 7 
 916 2385 10 
 2019 1944 9 
 2192 1730 1 
 403 1070 9 
 2040 538 4 
 776 978 9 
 744 584 2 
 1968 1132 1 
 1457 1928 7 
 1642 938 8 
 1711 1497 8 
 1083 1479 7 
 794 1469 10 
 826 723 6 
 1758 1099 6 
 1281 794 9 
 159 691 2 
 192 510 8 
 2098 2234 5 
 2129 2052 1 
 577 1336 3 
 1425 578 9 
 813 388 9 
 686 480 8 
 1 1023 10 
 650 2266 3 
 1467 860 4 
 1383 625 9 
 2240 56 7 
 1716 1871 10 
 2088 158 2 
 1168 2456 1 
 2270 1617 8 
 62 935 4 
 251 1895 7 
 606 313 9 
 619 1582 5 
 131 1185 3 
 1071 2051 10 
 2349 2275 6 
 269 2425 3 
 2380 1344 10 
 1194 1013 2 
 94 314 5 
 1515 1808 4 
 2082 932 8 
 2410 963 8 
 1164 1071 6 
 1119 1945 9 
 1801 2253 1 
 2450 59 7 
 2068 2107 3 
 300 324 6 
 1601 1752 7 
 1291 1432 8 
 1327 909 3 
 1409 1506 4 
 1022 2391 8 
 321 1231 10 
 1844 54 10 
 781 2404 8 
 401 500 10 
 2460 958 8 
 1143 31 4 
 2307 1387 8 
 720 2209 7 
 1206 1128 1 
 1341 2080 10 
 1983 1312 1 
 1667 1274 2 
 1707 290 6 
 921 1465 10 
 1776 1969 6 
 2458 2415 10 
 68 1871 7 
 1285 2053 5 
 1532 87 4 
 788 729 1 
 1556 1570 7 
 1791 1190 4 
 2168 9 3 
 330 1533 9 
 109 1660 8 
 269 1955 9 
 718 985 6 
 476 1717 10 
 1380 1777 5 
 135 1731 2 
 42 373 3 
 1759 580 5 
 1410 1342 8 
 1036 1280 6 
 2289 265 6 
 356 2206 5 
 2273 7 10 
 1145 1151 7 
 952 301 2 
 300 836 7 
 2279 1804 10 
 1218 1360 2 
 1095 1763 1 
 147 1632 8 
 885 4 9 
 2365 782 7 
 1550 2058 9 
 164 711 6 
 172 1025 7 
 1873 1329 2 
 1385 309 10 
 541 733 8 
 1038 1918 5 
 133 2014 7 
 1974 845 2 
 1227 1874 10 
 1647 214 5 
 1455 1604 4 
 396 372 8 
 1622 115 10 
 2424 418 3 
 2419 1765 1 
 939 2038 1 
 2429 698 7 
 2083 520 6 
 2160 2129 6 
 1990 1007 7 
 2451 136 8 
 1166 1049 6 
 2047 1251 8 
 1032 1839 1 
 339 793 2 
 2469 706 7 
 1352 1778 5 
 476 106 5 
 1152 1228 2 
 779 1486 2 
 424 288 8 
 1405 625 10 
 402 737 2 
 552 210 9 
 1654 1927 9 
 408 1245 7 
 541 1426 8 
 852 200 5 
 1755 1864 2 
 1231 1293 2 
 830 1514 5 
 2438 1367 6 
 2136 1947 1 
 1364 1494 2 
 415 1247 9 
 520 2346 6 
 1255 973 6 
 2224 1970 10 
 1046 1946 3 
 518 1501 6 
 1456 1402 10 
 1613 2408 4 
 2183 1972 5 
 1806 1380 6 
 1998 703 4 
 2283 2021 2 
 2059 2163 9 
 1529 215 10 
 1524 188 3 
 169 1546 7 
 2441 409 2 
 1306 1859 7 
 712 55 8 
 2303 541 8 
 179 252 2 
 2039 851 6 
 341 1784 8 
 1154 1746 3 
 369 2046 7 
 1692 1688 7 
 1401 2084 7 
 21 1104 9 
 753 1604 7 
 2125 1057 6 
 2002 1517 3 
 2275 1474 1 
 2107 1167 7 
 2032 2324 9 
 566 2079 9 
 1425 1138 9 
 130 1622 2 
 2234 281 4 
 966 2304 1 
 338 616 10 
 2375 1294 10 
 1902 937 9 
 746 1856 1 
 221 1351 2 
 1869 841 8 
 2135 48 2 
 1436 1768 3 
 1649 2228 1 
 1609 1814 4 
 766 824 3 
 2243 2400 4 
 13 320 2 
 541 858 3 
 1532 536 3 
 738 470 7 
 1183 576 1 
 2293 2283 10 
 557 1470 2 
 997 165 10 
 2412 1144 4 
 1551 1679 7 
 1829 1770 6 
 1354 820 6 
 193 1294 10 
 2461 683 3 
 970 2 1 
 111 444 5 
 678 1357 7 
 871 2117 6 
 277 188 4 
 2147 2081 1 
 574 581 7 
 11 2213 4 
 1650 344 9 
 1597 445 10 
 1399 1274 2 
 488 38 8 
 20 1507 1 
 1963 1804 1 
 2096 841 5 
 1711 2320 2 
 2389 448 10 
 2305 311 7 
 2192 1002 4 
 2232 1304 7 
 2332 1625 4 
 2357 2171 3 
 2358 1324 10 
 2498 976 8 
 1332 1675 9 
 2264 465 5 
 886 1904 3 
 839 1372 9 
 1672 161 5 
 2131 98 9 
 1418 2127 1 
 887 1730 2 
 1409 1165 5 
 1284 1563 6 
 757 1084 4 
 2115 1592 10 
 2238 668 3 
 1023 99 2 
 1880 2437 8 
 1264 1323 7 
 1682 110 1 
 1167 2344 10 
 1670 209 7 
 1734 1827 1 
 1366 2351 9 
 976 2491 6 
 487 2034 6 
 2033 551 9 
 958 22 8 
 1328 2135 8 
 1348 641 5 
 1721 1995 3 
 2057 1246 9 
 1688 1481 6 
 1451 2413 10 
 2047 1753 10 
 201 450 7 
 552 1042 6 
 1357 1685 8 
 1572 2370 8 
 490 700 6 
 1746 471 2 
 239 787 7 
 1661 1571 7 
 2012 952 2 
 2094 2398 7 
 583 1705 5 
 310 1738 2 
 31 1502 4 
 2051 2340 9 
 2158 1031 7 
 258 1072 6 
 288 63 8 
 792 1332 10 
 114 992 3 
 218 1562 5 
 1153 1967 4 
 514 951 7 
 1829 76 4 
 96 1869 6 
 1390 2201 4 
 35 1429 5 
 823 1701 1 
 1273 1612 1 
 2124 691 3 
 975 1871 2 
 1127 2283 5 
 1238 465 6 
 2224 1665 4 
 1927 1334 7 
 1694 573 1 
 173 645 5 
 1646 213 10 
 1098 701 8 
 1014 1807 9 
 135 556 9 
 1851 2318 4 
 1589 290 6 
 778 209 4 
 2202 785 3 
 312 482 9 
 1616 2412 8 
 2207 766 2 
 1492 156 1 
 1943 302 2 
 1988 1117 6 
 2420 800 7 
 1466 2304 6 
 1285 1414 3 
 133 1163 1 
 1321 846 2 
 2279 2065 4 
 902 1083 10 
 494 435 4 
 1446 946 1 
 1173 647 1 
 1043 80 8 
 32 1904 10 
 472 2025 10 
 2267 2140 5 
 1225 2216 8 
 2108 822 3 
 1987 997 10 
 2457 157 1 
 2457 1235 4 
 1707 1819 1 
 2482 1702 2 
 2391 1816 6 
 980 663 5 
 1438 393 4 
 2245 1356 8 
 1213 2301 5 
 592 1706 1 
 2055 1078 10 
 1687 348 8 
 2388 736 2 
 2363 649 1 
 852 14 7 
 2496 2483 9 
 510 468 6 
 726 2478 6 
 1293 1547 3 
 1666 345 10 
 457 960 6 
 224 845 5 
 888 422 8 
 1624 1378 4 
 1275 1840 5 
 2320 1700 1 
 1584 1706 1 
 5 1953 7 
 1316 1355 4 
 2119 631 3 
 318 1039 5 
 1543 2273 10 
 1535 1504 1 
 2154 2499 9 
 1970 1792 10 
 354 383 5 
 2279 1488 3 
 30 865 4 
 90 1203 6 
 1759 2439 10 
 1580 1511 4 
 2041 224 7 
 91 1491 4 
 2325 880 3 
 1796 877 4 
 2213 1671 3 
 570 1534 2 
 533 77 9 
 1810 2321 6 
 842 1785 7 
 1174 1266 6 
 566 1252 7 
 2433 1646 7 
 2473 1388 6 
 1009 2103 7 
 1679 1926 6 
 1608 425 7 
 1770 532 5 
 125 2265 7 
 1871 279 1 
 2035 474 6 
 1710 1295 7 
 1438 1966 2 
 633 271 2 
 1301 1297 3 
 1812 1986 9 
 1704 2024 7 
 1516 1692 5 
 322 17 7 
 1591 1072 7 
 1461 61 3 
 2224 177 3 
 614 1627 5 
 558 1240 7 
 1404 1769 9 
 272 1739 5 
 1344 1909 5 
 1508 1224 4 
 2147 155 7 
 1035 1424 10 
 267 750 2 
 1411 721 7 
 1961 2478 1 
 2339 801 6 
 779 2298 2 
 724 1052 6 
 13 2369 6 
 1638 2329 10 
 79 1652 3 
 1323 236 10 
 1817 994 9 
 1634 2258 10 
 1260 2284 9 
 2257 2043 1 
 632 2383 1 
 106 1578 4 
 2486 167 7 
 89 375 7 
 139 185 4 
 660 2324 3 
 2339 751 10 
 905 1808 10 
 434 51 9 
 2054 2393 1 
 150 2265 3 
 1633 2439 10 
 2244 1342 7 
 1049 103 8 
 2151 789 8 
 2005 657 8 
 2189 351 8 
 442 630 10 
 370 1285 7 
 1114 1660 2 
 508 1011 7 
 854 22 2 
 1131 868 8 
 1820 1907 10 
 1664 1513 1 
 1666 579 10 
 476 112 8 
 476 679 8 
 1948 2387 9 
 2184 974 2 
 2214 316 4 
 292 709 1 
 1040 2428 7 
 602 1449 5 
 1125 646 10 
 2009 2437 5 
 2064 2355 10 
 2008 1920 7 
 2032 2290 6 
 444 1775 6 
 1809 1853 5 
 1313 1045 6 
 483 2110 8 
 2266 421 3 
 1204 1678 3 
 900 1163 6 
 990 904 9 
 2480 2435 4 
 185 927 3 
 2056 1023 3 
 864 267 2 
 482 1952 3 
 2037 1974 9 
 2337 263 9 
 1165 237 8 
 1308 620 10 
 571 1646 6 
 1027 1648 9 
 1147 1373 6 
 542 2207 9 
 893 1873 3 
 2490 2453 5 
 617 928 3 
 2416 550 7 
 1659 542 2 
 1977 491 6 
 195 465 3 
 1042 1960 10 
 257 2265 1 
 799 1101 7 
 2489 1249 4 
 1875 1931 5 
 539 1906 1 
 340 1346 1 
 990 1748 5 
 2453 2029 9 
 1314 1711 1 
 331 204 9 
 2290 1244 10 
 1151 2366 6 
 1359 666 2 
 183 2446 3 
 581 1303 1 
 1909 1041 6 
 1271 2407 9 
 419 888 8 
 1248 1306 5 
 27 911 5 
 495 1434 1 
 1218 2067 8 
 1598 548 10 
 590 1033 8 
 2390 2242 8 
 2300 62 3 
 1915 985 7 
 2116 1195 4 
 1193 843 2 
 143 1230 10 
 425 919 2 
 840 10 2 
 429 1091 3 
 2470 46 9 
 1307 2234 10 
 528 960 2 
 212 1613 10 
 809 1588 4 
 2461 1458 3 
 2379 664 4 
 2027 1434 10 
 1818 529 3 
 1630 713 6 
 1171 1512 10 
 455 1620 8 
 1676 2119 5 
 2301 2118 6 
 1485 2138 7 
 2002 1984 3 
 1745 1474 1 
 1653 654 3 
 2472 2386 1 
 2252 464 4 
 1407 2372 10 
 1583 255 5 
 909 2031 9 
 116 1566 3 
 1674 61 1 
 2220 1786 5 
 918 805 7 
 1421 81 2 
 771 2241 1 
 1276 1939 1 
 2070 769 3 
 1450 984 6 
 1961 1179 10 
 750 1395 9 
 1382 2271 10 
 1722 497 4 
 2145 1208 2 
 2310 1810 1 
 2097 1693 7 
 101 2408 10 
 1418 60 10 
 328 791 3 
 2042 2308 3 
 153 2221 10 
 1587 33 5 
 814 2317 10 
 1827 1443 9 
 1922 597 8 
 2436 1771 1 
 1419 1968 9 
 212 1140 9 
 119 2315 3 
 569 2319 2 
 2397 1895 2 
 2442 49 4 
 796 1718 1 
 1347 1522 8 
 490 334 7 
 2239 107 9 
 770 785 8 
 2169 1383 7 
 1080 427 1 
 832 1229 4 
 205 708 6 
 83 626 5 
 2329 1403 2 
 345 1358 5 
 1032 613 3 
 1638 329 3 
 2277 1176 8 
 1147 702 6 
 2134 790 5 
 1850 850 4 
 447 2067 5 
 2392 514 8 
 2126 1696 7 
 1847 1720 10 
 1608 18 1 
 772 600 6 
 1224 1773 6 
 1450 1636 6 
 1785 586 5 
 1105 231 3 
 936 179 10 
 2286 1950 3 
 45 587 8 
 1062 1184 10 
 2321 2137 2 
 1606 1396 1 
 854 249 5 
 2352 303 4 
 2466 420 4 
 2223 1793 1 
 1960 2247 6 
 552 662 5 
 2262 222 7 
 2090 517 7 
 1782 2145 6 
 2392 2197 1 
 848 1203 5 
 618 1714 4 
 1555 902 3 
 981 1134 2 
 1625 1727 9 
 408 2494 2 
 376 181 3 
 1868 511 10 
 623 2309 9 
 913 1375 4 
 999 762 3 
 1957 614 2 
 2287 486 2 
 1615 894 4 
 2305 1175 1 
 924 957 8 
 1172 627 7 
 593 206 7 
 1693 740 7 
 833 1219 5 
 2169 319 9 
 555 2454 4 
 2100 1435 2 
 940 48 2 
 1447 1187 3 
 693 412 6 
 1546 717 7 
 506 260 2 
 310 2063 4 
 1638 2422 4 
 737 394 7 
 1200 2056 1 
 1932 208 1 
 748 598 9 
 89 2030 1 
 710 132 3 
 1472 1283 9 
 1146 1592 10 
 2036 1622 8 
 285 1336 9 
 67 933 6 
 129 1986 6 
 1082 920 9 
 1476 529 1 
 1726 2474 10 
 1413 1383 6 
 2150 2001 2 
 1056 303 5 
 1016 2487 9 
 519 767 7 
 1735 653 8 
 2430 849 9 
 398 206 9 
 128 2383 1 
 260 707 7 
 358 1110 3 
 1780 947 8 
 1894 82 4 
 496 1675 8 
 1250 1867 2 
 2463 906 4 
 1295 2263 5 
 1860 1743 5 
 2180 1313 10 
 1955 899 9 
 2094 2448 5 
 1066 241 4 
 160 616 1 
 2062 878 2 
 2099 1938 5 
 1473 1823 8 
 1545 404 8 
 685 445 10 
 540 2439 8 
 1822 2036 10 
 672 1159 7 
 1788 138 2 
 884 2112 6 
 1152 1361 10 
 680 1433 6 
 527 91 1 
 2496 1757 5 
 564 2119 4 
 225 1625 6 
 1494 391 8 
 275 707 4 
 190 1857 1 
 2102 922 2 
 1178 957 8 
 2282 726 7 
 418 2248 6 
 1831 8 4 
 2044 2071 4 
 1243 1278 2 
 191 407 7 
 453 1170 10 
 1296 979 6 
 491 684 10 
 1478 1939 3 
 1098 1442 8 
 1600 1935 8 
 1727 802 2 
 145 1957 1 
 991 1602 1 
 1923 2278 8 
 2069 874 1 
 526 178 1 
 1896 479 8 
 1913 1553 9 
 227 571 3 
 1452 702 5 
 1844 669 9 
 2360 1788 3 
 336 694 5 
 1852 1193 3 
 287 1353 7 
 2330 2260 3 
 1596 2232 9 
 2179 1835 6 
 533 235 7 
 1707 881 7 
 1410 39 7 
 78 1884 9 
 1201 1579 5 
 1050 90 3 
 282 2427 9 
 1077 2123 7 
 971 1827 10 
 1210 343 4 
 270 1415 1 
 75 31 4 
 1904 386 4 
 219 2163 8 
 1083 268 7 
 2442 856 3 
 336 1729 6 
 2431 713 2 
 671 167 8 
 726 2196 5 
 1783 1542 1 
 813 1999 3 
 12 2149 9 
 2221 1658 9 
 254 422 9 
 642 982 8 
 65 608 1 
 349 341 3 
 1067 1054 3 
 1299 48 6 
 284 2356 7 
 105 485 3 
 898 1041 3 
 113 104 2 
 1269 1331 4 
 151 1631 9 
 449 345 10 
 628 342 7 
 1031 1087 7 
 23 582 5 
 97 1639 3 
 2103 621 2 
 1995 722 1 
 873 1696 6 
 1074 66 2 
 2007 1994 8 
 2395 2277 4 
 1713 1742 4 
 1836 793 7 
 345 2227 7 
 1265 2367 2 
 916 689 8 
 1889 2350 9 
 2338 2066 3 
 1406 1005 3 
 1803 212 9 
 1330 847 2 
 722 1663 8 
 2035 92 4 
 450 745 5 
 967 732 6 
 1434 1239 5 
 605 2363 3 
 897 1865 10 
 1974 2342 9 
 967 2133 9 
 1171 983 9 
 2178 1122 5 
 2061 1925 3 
 340 2445 1 
 1041 498 2 
 410 126 6 
 1811 1672 2 
 893 414 4 
 1680 375 8 
 2091 1397 7 
 1867 1637 9 
 1198 3 2 
 2212 501 6 
 1112 1001 10 
 49 2048 5 
 2285 901 10 
 2268 2283 3 
 172 2077 2 
 433 835 3 
 374 1590 4 
 2114 706 7 
 274 222 4 
 273 1117 10 
 1263 2049 4 
 2437 993 9 
 1268 745 2 
 217 908 8 
 1050 665 10 
 676 1712 8 
 1116 827 4 
 475 544 5 
 443 1779 2 
 2086 2267 4 
 756 1515 3 
 2355 760 7 
 1659 142 10 
 1081 1934 10 
 1215 1290 6 
 1944 634 7 
 1977 2199 6 
 477 94 2 
 1111 466 3 
 2141 152 7 
 1141 1725 6 
 881 1723 9 
 945 1943 6 
 880 2256 5 
 2021 2475 6 
 1491 326 1 
 2004 980 1 
 1795 291 8 
 998 1706 3 
 2484 571 8 
 1893 371 10 
 705 1106 10 
 173 1440 2 
 838 1999 6 
 1892 2091 1 
 123 1019 10 
 554 2337 10 
 1285 817 5 
 113 1557 3 
 1282 2117 7 
 46 1237 8 
 2306 1914 2 
 197 149 8 
 1017 2047 5 
 2093 1841 1 
 2044 430 3 
 741 80 9 
 948 927 10 
 2162 1863 1 
 594 137 7 
 147 1698 5 
 1940 1437 4 
 1335 19 7 
 2219 1129 2 
 2398 467 3 
 425 965 4 
 2074 2253 10 
 1585 2479 3 
 286 356 5 
 1053 595 8 
 2181 1764 9 
 1136 844 6 
 1724 877 7 
 1434 74 1 
 213 278 6 
 84 880 4 
 1900 1979 5 
 2312 1677 9 
 1982 1762 1 
 924 350 4 
 656 2157 9 
 1108 969 8 
 1292 398 10 
 1214 1427 8 
 1790 1154 6 
 2098 2432 5 
 990 686 9 
 794 1032 3 
 988 65 7 
 27 991 5 
 707 1399 1 
 802 1533 8 
 1510 731 9 
 1729 961 9 
 1900 1865 5 
 1309 2324 8 
 333 1303 4 
 1914 1332 8 
 1577 1397 9 
 568 534 5 
 755 1688 8 
 183 1084 6 
 533 2151 9 
 582 343 2 
 30 61 9 
 1808 871 2 
 1496 1951 3 
 1022 2200 2 
 2390 371 2 
 1975 898 8 
 800 2372 3 
 578 383 7 
 1018 133 2 
 1722 284 2 
 240 1952 3 
 1651 983 6 
 701 483 9 
 900 714 6 
 433 1628 4 
 998 70 5 
 1171 1607 1 
 1973 1229 10 
 726 1294 4 
 98 1917 8 
 2226 614 3 
 273 1749 1 
 1471 2051 8 
 1017 700 3 
 1475 759 8 
 369 501 7 
 1947 1990 2 
 943 1134 5 
 280 1345 10 
 541 469 8 
 2288 131 10 
 1960 438 3 
 1912 639 4 
 916 200 6 
 273 1260 1 
 601 1189 4 
 2181 2107 7 
 703 665 4 
 75 1220 9 
 1347 1229 7 
 889 273 9 
 780 602 1 
 176 2221 8 
 2276 965 4 
 1844 417 7 
 1165 1495 7 
 750 2314 3 
 585 2243 3 
 1626 756 4 
 2358 1228 4 
 2273 877 7 
 76 2334 7 
 145 2286 6 
 812 1226 6 
 1496 753 6 
 1964 1412 10 
 1379 1089 8 
 2096 2298 1 
 1308 145 5 
 565 870 8 
 568 403 8 
 379 738 4 
 2263 584 5 
 626 702 4 
 2088 130 9 
 1461 684 10 
 1704 318 1 
 784 915 5 
 544 1025 8 
 24 442 6 
 1476 1539 6 
 1183 144 10 
 1626 1178 6 
 849 1774 5 
 1108 575 2 
 1585 1076 9 
 2107 1446 5 
 1391 1713 4 
 433 260 1 
 1747 345 2 
 678 2385 5 
 1622 1231 1 
 533 391 5 
 1515 2357 5 
 1501 2331 5 
 918 1679 10 
 387 2267 2 
 335 720 1 
 1458 1968 8 
 2479 1056 9 
 605 555 1 
 1890 4 8 
 1237 808 9 
 1655 757 8 
 1198 968 3 
 2276 976 3 
 981 1958 9 
 1380 33 2 
 2210 893 3 
 747 1920 10 
 2225 730 1 
 439 719 7 
 580 1975 5 
 85 1571 1 
 895 670 2 
 881 2218 1 
 1403 726 3 
 1890 1007 9 
 579 1242 1 
 916 2210 5 
 952 1958 6 
 1566 2248 2 
 515 1947 6 
 399 916 5 
 307 1143 7 
 389 1174 2 
 973 969 9 
 608 2188 8 
 1707 1312 3 
 363 1570 5 
 2115 1280 9 
 1171 2278 2 
 468 227 1 
 84 1891 5 
 1006 435 5 
 1982 1017 10 
 795 1549 5 
 594 1898 2 
 302 2459 6 
 951 2090 6 
 87 1013 3 
 1881 1669 9 
 1431 2174 6 
 818 1079 9 
 942 1464 4 
 1294 1193 5 
 318 1018 8 
 880 1631 3 
 1926 2191 7 
 1464 1631 3 
 339 1404 8 
 55 1227 9 
 72 897 6 
 1936 164 3 
 1026 2458 4 
 1359 1012 5 
 1788 783 6 
 1405 1430 5 
 373 84 9 
 1268 1590 1 
 2500 2183 10 
 2499 839 8 
 1979 1461 7 
 2261 1380 3 
 913 1916 2 
 596 1203 1 
 1932 1238 9 
 1416 1361 8 
 2362 2268 3 
 243 441 1 
 493 626 7 
 349 512 7 
 1927 642 9 
 957 2473 2 
 1943 1007 4 
 2115 515 8 
 885 363 2 
 657 75 5 
 1443 1140 8 
 909 2406 3 
 2013 2269 3 
 2377 440 5 
 2244 549 10 
 2306 125 4 
 2084 2031 8 
 1865 1203 10 
 2113 745 9 
 1236 276 9 
 1385 639 4 
 2052 2483 2 
 1423 1129 8 
 411 2405 3 
 2273 614 1 
 218 1620 4 
 1865 1332 4 
 888 1535 7 
 2328 900 6 
 994 326 8 
 1506 1037 6 
 1320 950 3 
 2379 1051 1 
 2235 1737 2 
 1655 2104 4 
 2409 288 7 
 1591 1933 2 
 1305 1330 7 
 1323 2296 1 
 1903 1227 2 
 941 1779 2 
 2124 1341 3 
 1447 1832 4 
 1557 155 8 
 1719 1342 4 
 72 147 9 
 1576 1039 3 
 1119 1332 5 
 2447 184 5 
 2167 1722 4 
 1975 445 9 
 556 324 5 
 80 129 10 
 2155 580 1 
 153 422 10 
 2249 752 7 
 160 829 1 
 460 548 10 
 967 948 2 
 1299 622 8 
 248 56 2 
 2043 1410 3 
 94 1439 1 
 303 445 10 
 2473 1069 8 
 1683 2198 7 
 454 2447 5 
 566 2123 5 
 1707 1550 6 
 1994 1676 10 
 1733 136 5 
 2239 895 9 
 1966 597 6 
 1876 1897 5 
 1065 1482 10 
 839 830 1 
 370 1496 4 
 2211 443 6 
 32 1846 8 
 1244 1015 8 
 1847 2409 3 
 23 459 2 
 1380 1766 7 
 1063 805 4 
 1828 743 10 
 1438 937 10 
 382 1819 10 
 1582 2232 7 
 228 286 7 
 198 162 9 
 271 1954 1 
 1352 2270 1 
 1417 770 10 
 559 1593 7 
 1236 1888 7 
 2220 1417 1 
 1304 1941 2 
 438 1414 3 
 490 2131 2 
 2011 2167 6 
 214 57 8 
 28 2055 2 
 2345 2144 5 
 833 928 9 
 1411 197 1 
 1089 1688 5 
 2242 2318 6 
 51 1947 3 
 1393 957 9 
 1773 431 6 
 576 41 3 
 2145 1482 6 
 2171 1785 6 
 941 453 7 
 1403 505 1 
 837 2434 2 
 1998 2094 6 
 92 1741 7 
 1311 1773 9 
 1019 1292 7 
 2469 2127 10 
 1646 1307 5 
 698 950 3 
 963 1007 4 
 1148 2160 10 
 1510 1385 7 
 2290 2347 3 
 1247 489 10 
 875 2377 1 
 2107 352 2 
 1165 825 9 
 1026 2090 10 
 1948 879 1 
 542 1697 8 
 862 1328 7 
 555 694 5 
 264 1874 1 
 2331 494 10 
 515 2139 4 
 1065 409 1 
 942 1856 7 
 1912 1710 10 
 133 922 7 
 982 810 2 
 1887 164 8 
 587 2266 10 
 2146 1322 5 
 2109 370 3 
 844 39 6 
 2357 64 6 
 1719 1773 4 
 1503 1566 1 
 1939 308 6 
 1093 578 8 
 973 860 8 
 2004 1516 8 
 1961 1122 6 
 1875 1213 3 
 433 2123 10 
 1529 699 10 
 2246 1778 9 
 1952 837 2 
 2 925 1 
 24 2023 7 
 258 1337 4 
 10 519 4 
 1631 347 7 
 2249 218 3 
 649 1942 8 
 2089 2266 3 
 2118 1572 8 
 71 1935 10 
 308 1304 8 
 74 2138 3 
 143 1773 4 
 171 2192 10 
 852 2363 9 
 1503 974 2 
 2433 274 2 
 1765 454 4 
 2023 1870 5 
 603 2188 4 
 751 668 9 
 1172 2189 4 
 1071 2441 10 
 1371 300 3 
 222 311 10 
 2141 1981 6 
 1016 695 10 
 1267 1138 7 
 1512 2309 4 
 1392 92 1 
 668 771 1 
 1681 1320 9 
 965 332 8 
 779 1334 8 
 1173 747 4 
 2459 1028 7 
 367 651 5 
 873 1365 5 
 1599 1547 5 
 1929 2004 5 
 820 1825 5 
 264 2087 7 
 2123 800 2 
 1367 242 8 
 2456 1754 5 
 2005 526 6 
 2018 1800 4 
 2210 1968 10 
 481 1609 6 
 2058 791 2 
 1155 1080 5 
 2431 849 8 
 318 1872 2 
 31 91 1 
 148 316 4 
 465 1046 10 
 292 1020 5 
 115 1544 4 
 1336 1750 5 
 1807 1226 9 
 1743 1873 6 
 2132 40 9 
 127 693 1 
 1607 1447 10 
 1234 2008 3 
 856 2270 7 
 95 594 5 
 1194 2147 1 
 470 1502 10 
 2461 2495 9 
 479 1665 6 
 793 169 10 
 1980 459 5 
 977 1398 7 
 348 1445 9 
 1194 311 8 
 590 426 1 
 355 1216 7 
 69 72 9 
 1188 531 3 
 550 1308 7 
 1503 1186 2 
 1908 1690 9 
 767 1891 1 
 1588 456 3 
 445 767 2 
 943 628 2 
 1240 1701 5 
 300 692 3 
 2478 1862 2 
 1815 490 1 
 2262 94 6 
 2268 2370 4 
 1368 783 3 
 2307 2020 2 
 204 401 3 
 1474 270 6 
 230 1440 4 
 1041 1773 1 
 1027 2455 8 
 953 1380 4 
 1899 1596 3 
 88 800 8 
 924 2135 2 
 1340 155 10 
 757 2107 5 
 1557 2490 4 
 2141 635 4 
 1333 2412 9 
 1930 1203 10 
 1955 489 10 
 744 204 8 
 565 2399 7 
 975 433 1 
 2139 2160 9 
 1976 335 3 
 593 116 7 
 956 20 9 
 1015 896 9 
 2314 2051 10 
 910 1415 8 
 1765 262 7 
 1015 1786 9 
 1434 1608 6 
 1558 1293 3 
 969 1702 4 
 2463 1745 5 
 1035 1544 7 
 2070 1354 4 
 605 1654 3 
 922 1405 2 
 1014 335 9 
 960 1771 4 
 1528 391 6 
 1414 376 3 
 2425 186 4 
 1033 499 4 
 1891 1491 4 
 2498 693 10 
 124 2424 10 
 1698 680 3 
 2119 2230 8 
 1854 539 8 
 763 2449 6 
 719 2017 3 
 2498 1455 6 
 62 1351 5 
 1578 421 1 
 2299 919 7 
 664 1185 3 
 514 58 2 
 1261 833 5 
 559 1115 8 
 1184 2261 4 
 1609 812 10 
 252 668 7 
 2146 2053 6 
 2355 2210 9 
 2373 2071 4 
 1334 341 3 
 893 2432 7 
 481 1355 7 
 2184 204 5 
 1291 897 4 
 2411 563 8 
 634 2061 2 
 995 1451 3 
 112 325 2 
 1477 1371 8 
 1508 1460 3 
 2078 2293 8 
 1583 1235 4 
 34 394 6 
 596 540 4 
 1240 2337 1 
 940 553 1 
 1477 731 8 
 1591 461 7 
 525 372 1 
 53 22 7 
 2457 955 6 
 2152 1156 10 
 324 1730 6 
 877 555 2 
 2005 336 7 
 418 12 3 
 1096 1481 7 
 921 1350 9 
 1146 2052 9 
 1015 1724 6 
 436 2389 7 
 2228 1232 9 
 2373 2108 4 
 2080 524 5 
 1505 1391 3 
 1777 156 8 
 2086 336 7 
 1309 330 10 
 1134 2039 2 
 2289 1085 1 
 1102 810 8 
 1504 911 1 
 1395 1693 2 
 1148 2184 10 
 1201 289 5 
 902 1668 2 
 1341 1279 9 
 1623 2006 3 
 412 2150 8 
 180 939 5 
 2304 74 7 
 1859 2111 1 
 1766 1728 4 
 1632 814 6 
 222 2241 4 
 2255 793 10 
 883 919 4 
 384 28 10 
 1130 289 6 
 2122 2009 9 
 222 1347 9 
 1720 1360 8 
 1010 1250 2 
 2454 1483 5 
 1290 1890 3 
 542 71 7 
 854 378 9 
 1073 1445 9 
 1543 354 8 
 1856 2477 4 
 1919 1559 1 
 1476 470 6 
 2190 300 10 
 1823 1441 3 
 8 1189 3 
 1731 2489 6 
 270 1446 8 
 2183 2472 4 
 1204 1526 8 
 1018 950 1 
 792 1923 7 
 113 708 8 
 453 2449 2 
 2257 169 4 
 1193 1044 9 
 2249 2184 5 
 1617 2055 7 
 2487 677 4 
 1323 2492 4 
 588 830 4 
 1375 267 7 
 768 1515 7 
 1764 1982 8 
 2325 182 8 
 564 2067 9 
 675 2271 10 
 2196 2488 5 
 1769 2033 1 
 1125 742 1 
 2496 1720 3 
 1788 182 10 
 2488 624 9 
 1063 2311 3 
 2437 856 7 
 1095 1214 5 
 2196 1982 5 
 2472 1635 2 
 589 1659 1 
 2191 1237 7 
 307 1379 3 
 300 912 1 
 1028 2196 3 
 1778 985 5 
 574 1918 2 
 1210 466 5 
 990 2054 7 
 1243 1763 10 
 1588 2052 8 
 2015 1221 4 
 443 657 6 
 1886 724 4 
 2169 1438 10 
 103 314 5 
 2491 868 10 
 990 934 6 
 1225 1408 9 
 1220 1248 3 
 1765 332 6 
 1818 860 6 
 67 812 8 
 165 1617 7 
 301 2213 7 
 1358 2145 9 
 404 1339 8 
 2369 1745 8 
 315 1972 8 
 843 463 8 
 2439 1325 3 
 1437 1818 9 
 257 1984 9 
 1890 944 3 
 2178 34 1 
 2469 1836 2 
 733 477 9 
 542 801 4 
 943 1024 8 
 1046 2353 2 
 1183 207 10 
 1405 540 4 
 2202 253 5 
 1349 2038 2 
 1991 136 9 
 2401 1671 3 
 1028 411 9 
 2162 1636 4 
 2312 208 7 
 1504 468 1 
 349 2268 10 
 2330 1929 6 
 816 61 7 
 894 704 9 
 2020 188 3 
 1149 975 7 
 1179 72 10 
 796 2349 4 
 1815 2383 5 
 369 1317 9 
 2 284 6 
 793 1181 8 
 1146 922 3 
 1735 147 6 
 2440 95 2 
 462 1526 1 
 861 2242 1 
 1418 1809 7 
 183 2411 4 
 63 832 5 
 870 192 7 
 1787 760 6 
 2188 960 1 
 880 2377 7 
 1388 1120 7 
 1166 355 10 
 2271 2336 6 
 202 68 10 
 829 1164 2 
 433 943 1 
 500 1187 9 
 873 552 5 
 1163 777 2 
 1153 84 2 
 476 1580 3 
 1680 642 1 
 1501 371 6 
 683 1921 9 
 2197 1590 8 
 892 24 5 
 723 111 7 
 304 1484 4 
 85 587 4 
 721 2372 5 
 1760 1478 6 
 451 605 2 
 2094 1388 6 
 1403 1442 5 
 1208 2322 2 
 325 1376 8 
 16 1939 4 
 90 1191 10 
 1471 1245 1 
 448 2433 1 
 1369 448 9 
 608 1007 2 
 224 598 7 
 1655 498 10 
 49 1379 10 
 796 1568 10 
 894 1082 9 
 760 404 4 
 1126 2181 3 
 1259 846 5 
 1174 1923 6 
 135 521 4 
 1591 2295 5 
 1122 101 8 
 812 92 10 
 1632 1995 1 
 184 2044 2 
 2235 189 1 
 1966 51 2 
 955 319 9 
 1351 2333 10 
 1802 2493 8 
 1031 830 1 
 461 460 7 
 1703 2286 7 
 1875 1552 3 
 995 378 8 
 542 1935 5 
 1893 1733 8 
 1269 496 1 
 162 2149 2 
 1307 890 4 
 2336 2123 6 
 1578 87 1 
 1868 1524 1 
 1537 1336 5 
 1644 1609 4 
 429 1424 1 
 1469 1922 10 
 354 1859 1 
 817 1362 1 
 77 2262 6 
 948 765 7 
 783 260 2 
 2184 1920 9 
 2186 387 6 
 460 1228 10 
 681 478 10 
 64 2135 1 
 1032 2129 5 
 1015 633 2 
 338 770 7 
 2380 685 8 
 2026 1987 6 
 2355 622 4 
 2454 2229 2 
 758 361 7 
 1523 2087 2 
 67 1977 8 
 1902 929 6 
 2255 595 7 
 2431 1419 6 
 1626 1034 2 
 197 2112 2 
 2131 865 3 
 1922 219 5 
 1603 2072 3 
 800 976 9 
 1913 1624 7 
 582 2120 4 
 1388 1501 5 
 2177 292 9 
 203 120 6 
 706 592 2 
 1631 2452 8 
 1653 1793 2 
 2243 980 7 
 855 957 9 
 64 976 5 
 614 1207 9 
 2132 1025 1 
 1239 1204 8 
 533 93 6 
 1734 1545 5 
 2185 2296 1 
 1007 2256 10 
 1493 1761 2 
 426 2402 4 
 423 2309 3 
 1315 1687 8 
 2490 2251 5 
 2124 1921 5 
 1897 1818 2 
 1051 1429 1 
 2411 260 9 
 1028 737 2 
 2341 1201 1 
 314 1786 8 
 1157 2353 9 
 1288 95 9 
 2321 552 10 
 1863 2442 3 
 602 1674 2 
 301 1559 2 
 558 1831 8 
 725 2210 10 
 483 1649 4 
 428 1230 10 
 1833 293 7 
 1294 888 8 
 392 1555 4 
 2325 907 4 
 775 980 6 
 461 1471 4 
 1187 1537 6 
 82 1638 7 
 2448 811 2 
 1725 1083 5 
 2178 1166 2 
 656 1930 9 
 900 2267 9 
 2432 1010 5 
 1712 1907 10 
 323 2056 10 
 1372 31 1 
 1861 1233 8 
 1663 516 10 
 2033 1765 4 
 1680 2119 3 
 638 1112 4 
 2265 1693 7 
 142 1399 7 
 1071 1539 3 
 2330 498 6 
 107 104 8 
 1243 1871 8 
 637 984 7 
 196 1842 3 
 1918 1381 9 
 104 1321 5 
 27 1428 10 
 1671 534 8 
 1540 2456 4 
 1554 514 3 
 2141 1112 9 
 2153 1625 2 
 1720 1165 4 
 1219 975 2 
 1805 2104 6 
 1671 2001 2 
 1603 2305 9 
 1650 959 8 
 1491 491 2 
 197 917 1 
 1232 148 7 
 2120 1905 8 
 2198 1520 2 
 1136 908 4 
 485 2462 1 
 1748 266 9 
 2495 991 8 
 463 2441 7 
 1996 1563 1 
 1092 217 6 
 307 2473 6 
 218 683 2 
 1745 819 8 
 1278 1544 4 
 1212 157 2 
 2489 2404 5 
 1546 1290 7 
 1776 1872 3 
 2161 633 4 
 652 886 1 
 2232 227 6 
 352 2020 7 
 754 227 6 
 1606 1768 6 
 783 2166 7 
 1474 2207 6 
 2212 1736 2 
 907 104 1 
 789 2022 9 
 71 332 10 
 853 2384 10 
 537 218 10 
 772 2020 6 
 1354 186 7 
 1406 524 7 
 1640 1230 4 
 2442 910 8 
 2207 1599 7 
 1232 1586 8 
 795 736 6 
 2340 1681 2 
 1098 1233 3 
 392 1429 8 
 1084 2087 10 
 388 1056 10 
 2229 497 3 
 2294 2343 9 
 135 1913 7 
 733 306 5 
 1527 29 5 
 407 1252 5 
 2048 624 7 
 262 795 5 
 766 820 1 
 67 1266 2 
 724 990 7 
 524 1773 5 
 110 1125 8 
 2379 2136 3 
 2045 1804 10 
 2340 1154 10 
 138 2343 4 
 2444 370 9 
 1485 494 5 
 464 156 7 
 895 879 2 
 1890 1507 1 
 735 204 9 
 184 1542 7 
 1871 2143 10 
 339 1200 4 
 2121 301 10 
 1546 1774 1 
 2348 1343 6 
 1246 1842 5 
 1863 854 2 
 1014 1897 2 
 730 512 10 
 565 1126 4 
 729 2472 2 
 1660 1232 1 
 1414 459 1 
 163 2106 3 
 139 864 6 
 1564 1832 5 
 757 1067 7 
 1970 2354 10 
 1586 775 4 
 1930 1485 9 
 2124 710 4 
 779 2018 6 
 2135 1033 6 
 577 1431 4 
 1509 752 4 
 178 1124 3 
 2229 488 2 
 542 951 7 
 56 212 5 
 1090 2411 9 
 1659 2278 9 
 713 169 6 
 783 526 3 
 1618 1876 2 
 1749 1717 7 
 2224 1502 9 
 2103 1148 3 
 767 2410 7 
 1842 1477 6 
 653 193 5 
 969 1753 1 
 1986 1216 5 
 368 1315 7 
 395 2246 2 
 2060 406 1 
 2269 1860 8 
 652 100 6 
 415 158 6 
 2343 1536 3 
 237 1953 9 
 1302 1728 6 
 1933 448 3 
 1386 1324 8 
 714 517 8 
 1468 1892 1 
 1557 1175 10 
 629 56 6 
 1758 656 7 
 2190 67 5 
 1538 141 7 
 1116 1037 1 
 490 1380 6 
 462 262 6 
 1777 2026 3 
 451 1869 5 
 1022 727 7 
 2425 2105 5 
 1205 1056 1 
 393 81 6 
 310 1720 8 
 545 2047 4 
 224 1779 3 
 908 1042 6 
 2123 1826 6 
 2126 1434 8 
 472 311 2 
 1848 2129 9 
 1042 1860 3 
 2406 1845 6 
 776 1681 5 
 1968 1993 4 
 418 610 3 
 657 1115 4 
 2272 2003 7 
 1648 2023 9 
 2468 1056 6 
 1797 245 5 
 476 2281 4 
 571 1517 10 
 2219 2239 4 
 145 1256 3 
 2491 294 6 
 2432 2088 3 
 936 1963 4 
 1110 2439 8 
 1899 1110 2 
 950 40 6 
 2395 1866 9 
 2249 1205 9 
 1150 2405 7 
 572 166 4 
 2250 99 8 
 34 945 9 
 1152 1976 8 
 389 1645 2 
 136 2070 8 
 1945 1975 7 
 843 212 1 
 2428 624 10 
 1900 2127 10 
 1380 1256 6 
 1852 595 1 
 2471 1183 8 
 2302 1539 5 
 1667 109 4 
 1410 386 3 
 938 17 10 
 1871 1468 8 
 256 1452 4 
 1604 1837 4 
 1384 153 9 
 506 888 6 
 132 2164 1 
 1621 661 9 
 2297 1272 8 
 1608 1249 10 
 875 1537 9 
 896 259 2 
 2227 162 10 
 572 877 4 
 1271 1426 5 
 1892 215 4 
 1762 2098 5 
 830 1621 10 
 2290 2478 6 
 356 2242 6 
 557 2036 7 
 557 316 8 
 517 1133 4 
 908 35 6 
 2200 2164 2 
 699 2416 7 
 1322 1220 4 
 2238 1031 5 
 2048 2104 8 
 18 662 5 
 1262 412 5 
 1291 508 7 
 2388 2319 9 
 822 2466 6 
 1392 2191 10 
 1593 1645 4 
 1152 1645 5 
 1527 1928 3 
 1322 1238 9 
 1428 1883 2 
 2250 1168 5 
 1395 1171 2 
 2050 2052 4 
 598 2170 4 
 222 1990 9 
 2335 1471 3 
 1967 1009 10 
 332 275 1 
 788 476 8 
 1447 1445 6 
 422 716 3 
 756 1295 6 
 2348 1629 9 
 1733 611 2 
 1009 2299 7 
 1288 218 8 
 1502 1289 2 
 893 596 3 
 714 309 10 
 1363 1176 2 
 1763 308 9 
 1459 376 1 
 2202 1643 10 
 2490 499 7 
 1937 1878 8 
 1765 1339 5 
 1525 1938 7 
 1304 319 8 
 2438 1805 1 
 1683 1141 9 
 773 1285 3 
 759 140 9 
 1578 2004 4 
 1333 1457 4 
 284 1085 4 
 1795 789 7 
 418 1599 9 
 656 243 7 
 1126 2221 9 
 2103 1991 3 
 313 230 6 
 1704 1689 2 
 306 269 7 
 1660 1544 5 
 322 288 7 
 2191 1989 7 
 1788 1984 4 
 1918 2140 9 
 1161 290 8 
 1424 2110 2 
 1028 1735 10 
 722 1499 7 
 2271 311 4 
 587 421 6 
 357 1689 6 
 27 2059 7 
 549 428 1 
 677 1895 6 
 48 2452 8 
 1315 929 9 
 93 861 6 
 2207 8 7 
 1727 292 8 
 94 1386 9 
 1512 18 1 
 2369 1179 10 
 2444 1744 2 
 493 2208 7 
 1424 2047 4 
 677 991 5 
 1132 1627 6 
 1360 485 6 
 131 2326 2 
 1097 388 3 
 82 1440 10 
 2256 1003 3 
 428 2178 1 
 1905 347 9 
 2180 1351 6 
 597 993 5 
 773 802 8 
 797 1866 2 
 1105 2084 1 
 2331 2062 7 
 1729 1360 6 
 974 1518 8 
 1435 1615 2 
 1256 1977 8 
 1246 1430 8 
 2271 915 5 
 120 1456 1 
 369 2001 5 
 2391 548 8 
 327 930 7 
 356 1017 1 
 2324 1479 5 
 2351 362 10 
 1149 926 10 
 248 887 7 
 801 110 4 
 2299 114 6 
 159 2117 9 
 2437 1205 1 
 1611 774 5 
 6 1796 4 
 397 222 5 
 1645 738 5 
 1530 2105 6 
 2112 1056 1 
 2394 1291 6 
 735 1823 4 
 1875 1463 7 
 2096 890 8 
 1471 1392 6 
 2349 1259 5 
 1643 986 1 
 2145 80 8 
 1767 1569 8 
 1156 2451 2 
 1006 1183 4 
 1523 373 9 
 2381 2475 7 
 1393 1511 2 
 378 1215 4 
 2466 1899 1 
 1107 1776 3 
 2337 1171 2 
 1799 2123 8 
 1526 2440 4 
 1553 655 3 
 1013 2066 1 
 2233 2247 10 
 1791 871 10 
 694 2206 8 
 1252 1919 4 
 299 351 2 
 1823 2062 1 
 1161 780 6 
 1957 1772 4 
 2270 160 3 
 340 1832 9 
 755 1549 2 
 2275 1918 6 
 1622 468 4 
 1793 1342 7 
 2357 511 3 
 938 2490 2 
 1423 1557 7 
 2216 1861 10 
 2065 1301 10 
 1369 1153 8 
 1240 2048 6 
 61 2245 6 
 226 1146 8 
 2067 963 7 
 1449 2260 2 
 1089 599 8 
 1956 1413 9 
 1244 571 3 
 269 1463 3 
 641 1656 6 
 683 763 10 
 2264 1195 9 
 521 1861 7 
 1480 1725 10 
 2026 1180 8 
 447 2019 10 
 489 259 6 
 2026 1033 3 
 42 1753 2 
 1574 1582 4 
 906 1661 4 
 1793 2231 9 
 1844 2404 9 
 1624 765 6 
 1030 1526 5 
 2079 166 5 
 521 478 3 
 580 912 10 
 2177 228 1 
 1883 1717 4 
 30 289 6 
 1908 878 4 
 1438 1363 3 
 904 1009 4 
 1563 362 10 
 1181 1320 6 
 1969 348 8 
 2409 1099 4 
 227 1132 9 
 1355 2249 7 
 198 973 3 
 980 423 7 
 28 1023 5 
 1386 1773 7 
 1418 1017 6 
 509 1341 6 
 2197 2440 3 
 1127 544 7 
 1189 1206 1 
 1282 207 1 
 2038 235 1 
 1962 294 6 
 1606 756 2 
 1413 600 6 
 33 361 10 
 1744 546 9 
 500 407 10 
 2355 1355 3 
 579 2451 1 
 303 1702 1 
 598 1537 4 
 1002 26 3 
 308 1461 9 
 623 1453 3 
 108 838 7 
 2364 2091 6 
 792 2399 9 
 2200 432 4 
 459 890 1 
 55 1860 10 
 375 793 7 
 2376 2500 7 
 474 1128 8 
 9 933 7 
 1838 2361 5 
 308 2192 4 
 24 856 2 
 1933 952 9 
 1007 979 4 
 2355 1010 9 
 1303 2217 9 
 1378 1792 1 
 195 2123 1 
 90 2127 6 
 1031 1798 10 
 216 534 1 
 2410 1291 2 
 2484 909 9 
 1140 1814 2 
 1884 1791 6 
 1939 2292 2 
 2056 1009 10 
 2120 2106 3 
 423 2283 7 
 1190 1563 1 
 537 2433 1 
 1039 652 2 
 2256 1999 10 
 1532 385 7 
 2438 1678 6 
 845 1079 7 
 1287 701 9 
 599 1078 10 
 1088 1987 4 
 1799 1336 9 
 701 688 6 
 1662 231 1 
 906 614 6 
 594 654 3 
 2091 1800 10 
 1806 1551 2 
 586 2219 8 
 1218 1833 6 
 527 1748 1 
 1888 867 7 
 1096 1431 1 
 318 454 10 
 1421 292 7 
 2137 1582 8 
 849 2261 6 
 2097 516 7 
 914 343 10 
 1723 2254 9 
 1698 2329 5 
 113 2276 6 
 664 1644 1 
 929 1333 8 
 2199 1546 1 
 1807 731 5 
 1166 1451 8 
 1029 1459 2 
 143 1990 5 
 1554 262 10 
 49 2148 9 
 955 2344 3 
 1310 598 4 
 2201 662 5 
 1881 232 4 
 696 1397 6 
 2234 1971 10 
 356 470 10 
 1539 1567 4 
 2021 555 1 
 969 1530 8 
 1388 1251 4 
 727 713 4 
 1017 740 3 
 682 1551 8 
 2192 2392 8 
 2290 953 6 
 993 480 1 
 1193 2223 2 
 1571 1453 9 
 1368 1834 4 
 1120 2336 9 
 432 528 10 
 2147 1609 9 
 2046 277 8 
 1692 1109 8 
 1229 945 2 
 1427 1907 8 
 104 1530 1 
 225 1559 7 
 1436 1488 1 
 2167 2257 10 
 390 1682 3 
 1333 2134 3 
 2402 2494 2 
 2341 201 6 
 1296 166 7 
 597 390 5 
 42 733 4 
 1174 217 10 
 72 1873 7 
 30 2347 8 
 2439 384 4 
 196 886 9 
 1798 1920 4 
 115 248 8 
 1080 1219 8 
 1946 582 8 
 776 1401 1 
 1226 686 4 
 458 2044 4 
 867 1082 1 
 1702 1451 9 
 2040 1569 4 
 1392 1608 3 
 2369 790 10 
 1131 1969 1 
 1386 1818 10 
 633 537 5 
 603 633 4 
 1051 1117 7 
 815 970 5 
 2025 373 9 
 1203 1598 4 
 535 238 1 
 1764 2366 5 
 1712 1918 6 
 2035 1577 7 
 2325 870 7 
 472 2481 7 
 656 245 9 
 110 1519 9 
 1436 596 10 
 1127 935 1 
 1495 1973 6 
 231 446 9 
 1494 1492 1 
 1603 240 7 
 397 1249 3 
 1873 1757 5 
 2087 2357 3 
 962 2452 7 
 201 2347 1 
 872 836 1 
 1236 1839 5 
 1239 1357 4 
 1092 78 6 
 1982 265 4 
 2007 1442 6 
 1355 2486 3 
 1694 1310 10 
 1930 549 7 
 983 2420 5 
 2451 1664 3 
 1926 2094 7 
 2028 553 10 
 2363 233 4 
 1503 204 5 
 1981 1283 6 
 1057 2201 5 
 2425 758 6 
 2041 1513 1 
 2264 2412 6 
 1258 633 8 
 1352 2000 5 
 1121 1910 2 
 65 1147 9 
 755 1118 2 
 787 1274 1 
 256 934 1 
 975 1684 4 
 2017 68 3 
 249 566 8 
 403 705 10 
 2306 1323 3 
 2388 2111 8 
 1756 1175 5 
 1144 1009 9 
 691 446 5 
 816 1011 10 
 1765 1703 2 
 1607 1744 9 
 240 1149 4 
 598 2246 3 
 1291 1747 3 
 881 1111 6 
 2442 743 10 
 1827 2328 2 
 1117 154 4 
 2359 1769 3 
 989 1176 8 
 1766 118 10 
 702 1317 5 
 1666 2321 6 
 421 76 5 
 1173 1901 6 
 1771 112 3 
 1824 1159 7 
 1331 167 6 
 1310 815 6 
 2373 2200 7 
 660 751 3 
 1242 689 1 
 1102 1088 10 
 2207 33 1 
 1031 1584 8 
 1305 285 3 
 2298 2234 8 
 2288 1426 10 
 1821 799 7 
 1993 1712 7 
 347 1920 1 
 2270 2214 5 
 301 3 3 
 771 1773 1 
 2156 253 6 
 1630 1723 2 
 975 2391 5 
 1624 214 9 
 763 2126 5 
 154 1216 7 
 22 254 9 
 294 239 3 
 47 2343 5 
 1134 2344 6 
 998 696 5 
 778 2383 6 
 728 302 7 
 1407 433 4 
 788 1749 5 
 902 591 8 
 2400 1659 8 
 1102 1611 2 
 2058 1450 6 
 1025 220 5 
 178 1173 6 
 1968 348 9 
 314 895 6 
 794 1625 9 
 540 1401 4 
 2034 1808 10 
 1563 77 8 
 659 2375 5 
 661 1268 2 
 714 381 2 
 2488 2291 9 
 933 1815 9 
 2360 2258 5 
 675 2454 9 
 2137 587 9 
 700 107 3 
 1334 1055 9 
 724 1089 10 
 906 964 3 
 583 2430 7 
 2075 1655 4 
 1466 2375 6 
 1264 880 4 
 1544 671 10 
 934 603 9 
 64 2462 6 
 303 1466 9 
 840 1287 1 
 742 2184 6 
 1314 2017 3 
 570 2036 2 
 352 928 1 
 1441 2172 8 
 2281 2067 5 
 1931 1975 7 
 1455 1641 5 
 410 596 6 
 1466 2445 6 
 1122 415 4 
 1664 943 8 
 1366 2299 3 
 1466 1367 9 
 621 1753 10 
 1345 1026 7 
 1577 546 6 
 1292 1638 4 
 1093 476 3 
 1487 907 8 
 427 391 3 
 1798 2193 9 
 1994 762 10 
 1109 1673 9 
 1904 1888 6 
 262 1815 2 
 1190 611 2 
 670 2357 5 
 194 616 9 
 1755 545 2 
 652 1029 7 
 1539 84 4 
 1584 1768 10 
 1091 1301 8 
 1310 1470 9 
 1724 1344 10 
 2262 1486 7 
 1353 1677 7 
 1496 473 3 
 675 752 1 
 2178 486 4 
 1594 711 2 
 1569 1283 2 
 1961 1951 4 
 1445 405 10 
 1703 1224 2 
 1806 1320 7 
 779 618 6 
 1270 673 3 
 120 1116 3 
 2071 501 5 
 2279 904 8 
 1563 1187 3 
 2433 2067 8 
 1197 1931 9 
 747 1391 2 
 2366 1682 6 
 2130 1254 4 
 1050 1201 8 
 261 338 9 
 504 1054 9 
 1600 537 8 
 131 456 7 
 1451 1555 5 
 600 2291 10 
 929 1871 1 
 367 163 3 
 863 1301 3 
 1909 2482 10 
 2110 1115 4 
 289 1047 10 
 1273 1094 7 
 29 1292 1 
 1391 280 1 
 784 780 1 
 388 2494 3 
 556 1904 4 
 837 842 4 
 1824 1033 1 
 1689 2239 9 
 47 2362 10 
 1577 2374 9 
 1856 533 8 
 2206 2384 5 
 2342 1737 8 
 1670 808 5 
 714 449 6 
 640 1413 8 
 1800 1721 6 
 1103 2492 10 
 348 148 5 
 716 397 10 
 107 1987 7 
 1528 2290 5 
 1811 1108 9 
 2173 933 3 
 349 2019 3 
 1816 1262 3 
 1688 260 8 
 941 2132 9 
 960 260 5 
 1495 1873 1 
 2006 970 2 
 1824 1500 6 
 2327 1133 6 
 884 363 10 
 1089 1394 10 
 2292 1756 4 
 1779 1931 2 
 1226 724 5 
 908 1039 2 
 1091 575 4 
 1786 121 1 
 1266 989 9 
 2228 927 6 
 1577 2070 3 
 2082 395 10 
 982 580 1 
 905 1186 2 
 947 2276 8 
 1596 440 6 
 2188 2246 6 
 1642 1298 5 
 2090 1614 4 
 77 902 10 
 2251 465 1 
 2075 882 8 
 1373 1653 1 
 1308 1715 2 
 227 1673 10 
 1331 2209 3 
 280 1111 7 
 912 263 7 
 2299 1165 8 
 2 653 10 
 1085 2364 3 
 189 355 3 
 2410 142 4 
 497 801 2 
 1382 1055 8 
 808 1414 3 
 181 1576 4 
 1271 252 4 
 1798 2094 10 
 823 1101 4 
 1310 13 6 
 2291 366 6 
 695 825 1 
 2148 1236 2 
 1749 2189 3 
 2170 3 1 
 1700 1901 3 
 2061 717 10 
 1078 1058 3 
 488 39 1 
 188 2295 10 
 2369 2366 8 
 1543 1153 10 
 903 81 1 
 1078 1543 9 
 2473 479 5 
 36 955 7 
 1604 127 3 
 1033 161 6 
 1492 2253 9 
 44 163 9 
 50 1083 2 
 1523 382 9 
 1894 1830 4 
 33 906 3 
 112 205 7 
 1309 1897 9 
 1584 669 8 
 749 723 9 
 1403 668 3 
 1508 2417 10 
 1715 162 3 
 86 2316 2 
 673 2485 2 
 2150 107 5 
 1488 80 2 
 281 1237 10 
 2334 273 10 
 256 2152 9 
 1607 33 4 
 2027 2400 4 
 1528 1037 5 
 2383 1392 5 
 1792 1788 6 
 1298 1826 6 
 1414 442 1 
 1308 126 9 
 1531 1309 5 
 1338 51 5 
 89 949 1 
 1343 1317 4 
 657 2120 9 
 2391 1809 7 
 1112 674 8 
 1944 684 2 
 595 2231 10 
 2132 871 1 
 151 222 7 
 1976 2030 7 
 879 2083 6 
 1303 1837 8 
 2115 2356 7 
 2232 2320 7 
 1077 2185 1 
 1386 1865 10 
 120 1298 8 
 1590 192 8 
 2351 857 2 
 375 1336 5 
 2045 1313 5 
 352 286 10 
 1753 1613 4 
 1395 1973 3 
 700 1005 9 
 659 451 3 
 1947 778 3 
 877 2106 5 
 1173 2323 6 
 1564 2075 6 
 2106 1394 1 
 1184 1865 3 
 1047 2367 3 
 969 1446 5 
 2288 1562 10 
 1094 695 10 
 1606 1531 5 
 1726 1345 5 
 370 1787 6 
 2142 203 7 
 2098 1790 3 
 565 2014 1 
 1822 1908 3 
 1404 494 4 
 1849 1605 5 
 90 2376 6 
 1477 1593 2 
 485 1444 6 
 1966 406 5 
 1963 142 4 
 1207 2333 2 
 916 1902 9 
 672 1231 6 
 261 277 6 
 457 1546 7 
 1845 2196 4 
 1094 1522 9 
 1885 1049 2 
 94 1620 6 
 1754 352 9 
 250 69 1 
 165 1790 3 
 568 2130 1 
 1240 1593 9 
 1707 2060 9 
 402 1225 9 
 1585 602 5 
 1499 10 3 
 1191 129 3 
 1652 275 9 
 577 15 2 
 2471 1233 1 
 2000 2136 4 
 2301 2291 5 
 1373 1148 5 
 1463 546 4 
 1242 2238 5 
 447 1222 2 
 2417 1613 6 
 2123 1835 3 
 485 992 8 
 1244 2044 1 
 2367 180 8 
 1011 512 8 
 220 1691 1 
 55 1525 2 
 1257 1876 4 
 2219 1903 10 
 2427 1880 5 
 311 250 6 
 979 837 2 
 936 1068 7 
 1037 525 3 
 1440 1608 9 
 2418 1366 6 
 2344 987 6 
 933 710 6 
 945 881 7 
 654 465 3 
 2065 562 5 
 555 2408 9 
 1342 1996 7 
 1038 2425 5 
 1573 1374 5 
 2385 766 5 
 937 774 2 
 1737 555 3 
 1187 1318 2 
 1946 91 9 
 904 2464 1 
 873 756 5 
 406 2427 1 
 2132 1113 7 
 1129 1994 9 
 1788 1902 6 
 166 2338 10 
 2243 2081 7 
 1143 745 9 
 1350 565 5 
 2214 1661 8 
 1552 2292 7 
 28 2094 8 
 2197 686 3 
 1296 2325 9 
 1247 770 5 
 1156 744 2 
 1345 992 7 
 851 285 6 
 2495 781 1 
 2098 1789 8 
 2333 1446 8 
 1561 1710 4 
 1343 791 8 
 1771 543 3 
 1742 1687 5 
 2454 320 2 
 2303 1467 4 
 1228 732 9 
 616 2298 9 
 656 2075 9 
 215 2230 6 
 1522 2462 3 
 783 200 9 
 1271 1205 7 
 352 575 5 
 2108 729 5 
 1641 750 2 
 608 896 4 
 1475 610 8 
 2070 2439 2 
 1643 1369 9 
 253 466 3 
 1436 613 2 
 1778 2177 9 
 1351 1769 1 
 237 1828 10 
 288 680 7 
 537 15 1 
 1817 1761 10 
 2270 771 9 
 179 1713 4 
 757 206 3 
 314 606 6 
 534 348 5 
 2319 1163 5 
 1371 991 9 
 358 476 7 
 1051 1030 1 
 380 2445 5 
 279 1201 9 
 1068 491 7 
 2381 1472 7 
 761 935 4 
 1343 1568 2 
 1145 623 5 
 1285 1033 9 
 1239 1932 7 
 647 2119 9 
 349 1502 2 
 2298 765 5 
 364 902 2 
 2312 64 10 
 1328 1584 9 
 1642 662 8 
 1176 728 2 
 2261 1964 9 
 1322 2447 2 
 1684 1828 3 
 783 802 10 
 2295 2077 10 
 708 1353 9 
 1775 1679 5 
 1744 1073 6 
 421 1456 10 
 1888 551 8 
 711 1652 5 
 2381 1999 4 
 429 1065 6 
 852 723 5 
 135 512 5 
 9 1634 5 
 694 1778 4 
 2274 2102 3 
 649 2186 1 
 364 476 1 
 738 180 3 
 1885 2061 6 
 941 1907 10 
 1311 1361 8 
 1080 465 2 
 1195 901 6 
 1416 2407 4 
 2488 184 2 
 1729 1662 8 
 541 1806 9 
 599 1358 6 
 1991 1968 7 
 1981 1227 10 
 126 337 2 
 1912 280 10 
 1498 645 9 
 1272 2070 7 
 333 2433 6 
 990 1256 3 
 809 1170 2 
 85 2255 6 
 1979 1739 6 
 1812 558 2 
 894 1804 9 
 1457 207 4 
 951 1617 7 
 2125 1908 10 
 1070 1845 10 
 168 1934 1 
 1286 1256 3 
 2404 84 5 
 1695 995 2 
 1204 2223 10 
 1908 1085 2 
 1938 1207 1 
 272 523 5 
 2014 1769 9 
 425 2459 3 
 795 1973 6 
 932 1588 5 
 224 66 1 
 2338 245 10 
 1637 1079 3 
 455 2244 5 
 710 1324 8 
 341 2094 4 
 1336 1360 10 
 2287 389 4 
 1662 208 1 
 2361 88 4 
 1003 2096 6 
 403 239 9 
 2388 1492 4 
 2249 1988 1 
 481 746 9 
 492 1193 5 
 2216 1871 6 
 1467 1043 7 
 1743 75 9 
 316 593 10 
 1638 506 2 
 1398 954 10 
 1453 2427 2 
 1406 22 6 
 335 381 10 
 993 2025 1 
 1117 2434 4 
 659 1629 1 
 1283 1790 2 
 89 1744 4 
 581 1443 3 
 1510 1033 4 
 225 1697 9 
 920 1736 10 
 2416 79 3 
 2013 60 1 
 2496 1413 10 
 2368 2095 9 
 443 64 7 
 1506 824 4 
 1836 1173 7 
 984 2419 1 
 1089 187 5 
 1938 1169 7 
 793 762 3 
 2076 689 7 
 1080 1413 2 
 1124 463 1 
 2207 670 2 
 2362 762 5 
 291 1394 4 
 619 711 3 
 1378 1831 8 
 1765 1009 9 
 1930 525 8 
 1325 1424 1 
 1654 769 2 
 1577 385 10 
 2488 593 3 
 1875 2058 4 
 486 977 2 
 2381 974 10 
 1396 860 8 
 651 1336 8 
 1615 1521 1 
 189 457 6 
 1868 2327 8 
 2486 694 7 
 438 1946 7 
 85 1492 5 
 465 589 1 
 2150 439 9 
 2166 916 10 
 2308 377 8 
 743 82 4 
 743 2073 7 
 2424 494 4 
 2068 133 3 
 1679 857 6 
 1003 2477 5 
 1217 86 3 
 2027 1183 10 
 1917 1171 1 
 2114 620 9 
 204 1054 7 
 340 1964 5 
 2418 95 7 
 792 1892 1 
 1693 613 9 
 1997 349 3 
 538 885 3 
 986 2138 5 
 2367 534 1 
 1074 822 1 
 1909 2018 10 
 674 118 1 
 136 2263 7 
 3 500 7 
 859 2067 8 
 90 1801 4 
 568 548 5 
 2317 737 2 
 2206 2415 4 
 1630 50 4 
 83 1466 4 
 178 1707 6 
 514 873 8 
 870 23 8 
 1252 2199 3 
 2140 1562 6 
 1964 1508 2 
 2449 1829 2 
 1335 1937 4 
 1757 1483 10 
 2430 605 5 
 1340 1512 3 
 1280 1830 10 
 128 2479 10 
 742 1803 2 
 125 2459 3 
 1777 1434 10 
 1165 1397 7 
 2331 730 10 
 277 1083 4 
 1041 3 8 
 1694 821 5 
 2484 2441 6 
 1330 1773 2 
 159 120 8 
 1389 398 10 
 1257 461 4 
 425 2329 2 
 2454 128 3 
 2387 547 7 
 1800 179 10 
 1800 2361 5 
 1749 960 6 
 838 1624 3 
 2335 1644 2 
 370 1635 8 
 1393 1673 4 
 1283 552 6 
 419 112 2 
 223 2455 1 
 1429 418 1 
 343 644 4 
 1653 893 6 
 124 2024 6 
 408 1264 1 
 1248 1921 9 
 832 218 1 
 2453 2054 1 
 526 2190 7 
 718 897 1 
 1468 1554 5 
 1982 156 5 
 319 1131 6 
 2475 774 1 
 1358 397 7 
 1040 614 6 
 39 1839 6 
 2305 2374 5 
 380 2181 10 
 575 662 2 
 34 2433 7 
 2299 2100 9 
 2339 393 9 
 352 2129 4 
 2231 2263 7 
 1365 1879 4 
 1365 984 9 
 779 2204 8 
 880 1733 9 
 1016 1732 9 
 758 1572 5 
 712 1239 5 
 1848 1812 2 
 1095 2266 7 
 1976 2088 6 
 1389 115 3 
 1720 1410 5 
 1725 1792 5 
 2245 770 7 
 2400 236 6 
 48 2454 9 
 770 2410 1 
 2395 2223 9 
 1890 1184 6 
 2343 2185 3 
 1675 1660 2 
 1057 2490 1 
 2475 184 6 
 1786 2341 10 
 1775 339 5 
 1302 321 6 
 1258 2188 6 
 1721 2428 8 
 1212 1040 1 
 615 403 2 
 991 600 9 
 400 603 1 
 1184 362 6 
 1691 469 4 
 921 106 9 
 2075 1867 6 
 1522 1603 3 
 1923 329 9 
 905 1075 4 
 1410 2241 10 
 1903 1322 7 
 1141 624 3 
 1221 1108 4 
 1927 1970 10 
 1547 1286 1 
 2314 2155 4 
 215 77 3 
 1153 123 7 
 884 2157 2 
 1334 607 10 
 2035 2362 1 
 1304 1358 9 
 239 851 6 
 2344 2475 5 
 738 758 7 
 2307 1721 7 
 973 332 7 
 2152 488 7 
 1055 492 5 
 71 2347 8 
 81 589 5 
 1880 681 6 
 289 1041 9 
 57 519 4 
 2498 921 2 
 1553 2174 10 
 185 595 4 
 1043 1465 6 
 1732 1147 1 
 2448 1175 9 
 1503 495 9 
 2231 759 3 
 418 1624 8 
 1123 261 6 
 1453 140 9 
 429 133 4 
 52 1378 6 
 1745 914 9 
 1051 2075 7 
 1563 2108 6 
 1530 1792 5 
 1164 535 9 
 1428 261 3 
 1951 1581 6 
 1293 349 8 
 381 2101 1 
 76 151 3 
 905 214 3 
 1552 1733 9 
 1030 878 7 
 2213 515 9 
 48 1530 1 
 2281 175 6 
 358 1980 5 
 329 2458 2 
 211 131 1 
 1204 1948 3 
 2486 2254 2 
 278 1981 5 
 1936 695 6 
 78 1195 9 
 2094 442 9 
 690 83 8 
 2388 2122 10 
 1359 768 1 
 1359 2006 4 
 1617 249 9 
 543 1726 5 
 2246 1196 1 
 1857 1388 10 
 501 1397 1 
 1214 971 1 
 2276 380 9 
 440 186 8 
 535 1796 8 
 278 1870 1 
 1156 838 10 
 1912 679 6 
 2009 480 10 
 942 618 10 
 978 666 9 
 2176 2338 10 
 2198 2040 9 
 495 321 3 
 540 744 2 
 1360 1903 6 
 1578 514 1 
 1445 642 8 
 1426 2441 2 
 579 1291 6 
 1044 918 8 
 2067 1009 4 
 1386 1823 3 
 1705 1144 8 
 797 350 7 
 2285 2435 8 
 1795 1687 10 
 414 1301 2 
 597 2282 1 
 1002 2394 1 
 2232 1800 7 
 2493 977 2 
 1622 533 7 
 1452 777 3 
 1889 1735 2 
 765 180 6 
 317 1573 1 
 1743 738 5 
 876 157 7 
 1544 2036 4 
 1785 912 8 
 2172 917 4 
 1508 937 1 
 1868 1439 6 
 1694 2283 4 
 1902 2275 9 
 621 746 5 
 1248 109 9 
 320 670 3 
 1692 2287 4 
 2428 1856 7 
 1212 1397 3 
 1481 558 1 
 2027 214 1 
 1789 1153 7 
 2167 489 3 
 789 592 8 
 1694 2498 9 
 57 1724 3 
 2357 724 8 
 2222 1420 1 
 1236 2098 1 
 906 613 4 
 284 1542 5 
 1538 1680 8 
 1139 1892 4 
 813 540 6 
 142 946 8 
 1474 2085 8 
 2033 1684 1 
 755 1189 5 
 2130 1350 4 
 651 1375 6 
 1231 2091 9 
 295 8 10 
 1542 1554 7 
 1547 87 5 
 457 2199 10 
 1770 279 1 
 250 2149 7 
 668 1055 7 
 1425 1728 3 
 411 1254 5 
 846 957 7 
 1170 846 9 
 2216 1635 5 
 333 2468 10 
 1933 2076 5 
 214 2453 6 
 1822 789 8 
 2348 375 3 
 2366 2314 2 
 1858 448 2 
 301 398 7 
 1260 2267 8 
 2490 103 6 
 162 2183 9 
 1209 1034 10 
 1454 2294 8 
 2166 1376 8 
 141 364 3 
 391 404 7 
 698 1753 8 
 722 1441 10 
 722 297 5 
 460 629 1 
 2071 645 8 
 2092 1158 7 
 321 885 1 
 492 1414 4 
 87 627 8 
 1502 1139 1 
 2486 762 4 
 1718 187 3 
 1060 792 4 
 118 614 4 
 1819 1182 4 
 1144 1412 10 
 1041 1858 7 
 1053 134 9 
 2175 1831 10 
 2251 1128 2 
 1889 115 3 
 1879 2171 5 
 2262 470 2 
 1089 279 3 
 1621 1999 3 
 2178 1343 8 
 2390 348 4 
 1855 1712 8 
 1970 1061 5 
 880 1106 2 
 1119 2093 8 
 842 2248 10 
 1496 1605 10 
 91 1135 6 
 1722 312 8 
 1315 227 7 
 2340 1201 4 
 737 171 3 
 366 1189 7 
 1101 155 1 
 346 1401 4 
 1164 2242 4 
 2265 992 7 
 635 521 3 
 611 1592 10 
 1072 282 9 
 1657 408 3 
 1772 2251 5 
 53 473 8 
 1672 288 7 
 149 1733 3 
 529 742 1 
 990 488 5 
 2370 18 10 
 2239 1157 3 
 388 2102 3 
 560 1594 2 
 2044 1959 1 
 2398 1928 8 
 1241 675 5 
 429 2069 3 
 296 1011 3 
 2369 381 2 
 708 864 9 
 1809 1549 10 
 1667 1434 6 
 186 423 1 
 1101 1514 1 
 572 2256 2 
 2047 1673 1 
 751 851 10 
 2436 2339 5 
 2459 2025 1 
 2475 2379 2 
 600 1432 7 
 1587 511 6 
 1296 2373 5 
 2284 316 7 
 209 989 10 
 910 2248 2 
 1606 270 8 
 57 616 1 
 1380 1839 7 
 1338 2020 1 
 2339 1359 10 
 1057 1654 9 
 2429 525 5 
 1190 692 3 
 41 1847 10 
 293 1421 1 
 2175 772 5 
 602 457 7 
 580 1822 4 
 572 399 7 
 1683 1934 5 
 1446 213 3 
 1888 1249 3 
 1696 893 2 
 1535 1198 5 
 2013 1183 6 
 650 34 1 
 2440 1856 9 
 199 1622 5 
 1340 1960 8 
 919 2431 3 
 1015 283 1 
 1250 
 1114 2411 2124 768 2406 2490 743 149 1251 2149 2184 80 2090 1625 889 
 2197 1554 1205 761 347 404 2440 769 101 2328 1767 46 2317 2342 388 
 1266 919 1713 365 392 1897 1087 2193 1632 2185 1924 1586 2292 1506 472 
 1284 1299 2004 1110 1290 913 942 1092 2499 1258 1455 1648 1417 2479 67 
 2209 593 1985 1431 112 1109 2086 1216 846 1391 1275 2232 782 2348 2 
 819 930 2190 1398 1179 836 325 666 2233 1476 1670 753 1582 1379 1604 
 442 239 1150 638 242 1600 2031 2015 2051 1564 363 562 1268 1071 2130 
 2259 760 1303 1271 1610 1749 4 1239 1356 2117 1467 2225 229 543 536 
 2286 210 722 1594 788 927 1198 480 2325 977 1982 2218 741 1903 2115 
 1696 1158 2027 931 122 102 1525 2415 1878 444 714 319 2157 1171 1929 
 1503 48 1353 967 2173 1591 452 1042 154 221 1814 549 649 139 1922 
 879 1630 2127 1933 457 570 1601 1550 2020 213 716 1383 1201 2400 1302 
 2377 947 1806 1138 2353 460 996 986 1943 2229 1155 2037 1751 501 814 
 2028 1490 1434 894 735 309 1919 918 398 1040 2121 2021 326 847 2269 
 1669 2447 2362 1377 2468 159 781 2449 2410 721 1028 1432 2147 362 628 
 1119 294 1082 1638 910 1561 1079 998 492 771 1118 1047 2366 1325 1522 
 1691 1558 1344 2258 35 1665 607 1477 2116 1935 521 2135 2475 1992 791 
 11 2160 1387 360 541 1272 2296 2289 1820 2446 955 978 81 1889 509 
 1366 950 1068 1790 489 2494 512 989 1491 688 581 500 1683 1944 2022 
 368 2132 1817 2275 499 236 1615 353 1988 1038 2466 75 1685 1747 1057 
 2148 695 1090 1727 2222 1556 1315 1808 1876 525 632 1192 1647 644 2077 
 249 1799 1653 2448 1652 337 181 248 41 851 1035 1835 1375 1451 1170 
 448 1404 1064 271 2418 117 57 693 542 1828 699 359 1032 74 2457 
 994 1397 2321 1681 1027 1102 1644 1454 1995 2189 1750 554 1951 208 1664 
 380 1013 1131 1731 573 905 1524 2500 2252 403 863 755 66 78 595 
 2126 660 503 2257 839 395 604 993 1932 58 2105 576 625 257 1965 
 1473 219 199 55 664 591 1883 1296 1173 1978 1602 2078 946 1389 872 
 1073 1829 1105 575 1603 21 72 1785 396 1305 1259 964 2002 1062 592 
 315 1517 2471 284 696 317 2058 1851 1549 608 1031 1026 202 3 2320 
 1986 546 2088 458 144 2291 684 2407 976 730 678 1117 881 1825 330 
 1833 287 921 1149 606 164 107 1351 217 2201 1912 2489 992 1019 1736 
 566 128 334 1222 1465 675 1538 443 38 765 1914 193 2390 2091 2420 
 2493 2073 840 2156 2433 2315 410 1182 65 1605 2040 827 1860 1280 2318 
 15 979 1107 496 1180 390 125 1002 1438 1486 10 1186 1437 1407 1855 
 1372 694 1174 2476 1263 1333 1393 564 1723 1235 168 725 1129 216 137 
 1867 2277 991 1128 99 136 1526 2131 1700 87 534 1993 1895 497 2125 
 1885 1445 1124 2383 1910 1948 983 2041 370 2339 1319 147 69 1890 1289 
 180 2329 739 1963 936 826 1962 1870 1360 2049 1676 821 1249 756 877 
 435 794 335 2024 1888 973 1074 6 1419 1100 961 1066 1094 2308 715 
 1942 1199 1707 2176 1536 2224 2313 2422 8 580 2104 111 2413 2316 2428 
 178 381 2023 1956 1636 1075 2165 1568 1341 343 1979 1846 1218 1245 582 
 98 803 904 624 250 615 1856 849 302 1253 687 857 681 415 887 
 1913 891 1958 268 1631 568 2057 2103 1350 583 1244 1802 571 1385 1342 
 2211 1916 1552 1718 1123 1504 892 1915 20 2310 1427 1908 1197 2287 1023 
 1103 1976 1832 2326 1894 941 1654 1701 1505 340 425 408 2408 2282 1435 
 206 377 2198 1579 386 529 856 2274 2183 30 1848 2083 1463 1137 825 
 672 563 1758 1223 1782 96 2354 1402 1812 1365 1803 1540 272 1791 956 
 183 2014 1324 1663 1983 2119 141 1190 528 1971 1881 275 1931 882 727 
 717 1537 320 470 1462 738 972 345 799 2319 1735 2374 300 2243 361 
 1563 1959 1453 1034 445 323 379 774 1623 1609 446 1056 1442 2474 2249 
 1566 737 1355 1559 491 2394 1911 298 2019 2155 1548 2375 306 1927 1142 
 984 1209 241 1267 258 220 1989 2271 1805 222 1203 1577 118 1576 1543 
 1972 1273 1 110 1304 344 2234 2370 548 494 1414 407 1629 898 1165 
 600 1101 1254 691 2012 173 2064 2150 406 508 1240 507 1977 187 2143 
 338 2334 1243 160 1447 1049 667 2050 1571 1399 482 2404 1336 143 1376 
 2069 1292 1873 1232 2462 297 1459 572 1069 465 209 729 2298 1608 1918 
 2304 2137 1539 653 228 441 1194 474 2195 1936 1078 748 855 1581 569 
 2441 2161 1776 611 1843 1515 244 1264 598 367 1212 478 1225 2439 1405 
 2215 385 1500 751 1196 5 1923 2174 2245 705 646 2044 2465 120 484 
 424 1813 1461 52 311 1777 1720 1921 1637 2442 1775 1752 1326 1108 834 
 2265 2453 378 1236 1920 2175 559 1666 1151 1746 1140 766 2299 2438 1793 
 1291 354 138 2179 243 724 2075 1574 767 520 1772 1242 423 908 1321 
 629 1634 2384 1523 2367 16 1207 2219 1230 1145 1482 535 2220 329 2074 
 968 2405 126 158 1374 565 2389 890 1067 1682 232 833 277 108 613 
 364 1029 331 1060 1544 1840 1879 1460 184 2427 502 874 1780 524 274 
 816 2372 2323 1076 1955 2079 1297 109 746 1083 2337 806 1337 1510 1902 
 1005 1514 1088 616 915 2087 2054 2180 627 366 2177 2110 1952 1871 262 
 1689 1847 372 409 1498 2361 207 648 875 1252 777 1298 321 911 2450 
 922 1899 400 1502 798 130 2133 673 2322 2385 701 2047 1761 1611 473 
 1859 1095 439 842 259 2247 1457 601 1320 2032 1055 1909 1512 895 447 
 215 336 1712 301 1106 1479 2142 1662 192 1907 89 2401 1449 116 1822 
 1891 167 1111 2341 1352 420 1755 1768 1081 2240 459 848 2231 1709 1122 
 493 614 1008 2483 1798 885 1433 1270 1043 224 590 2388 1945 1248 218 
 62 1760 437 2216 1762 2270 2481 997 1390 1546 2417 1858 1144 876 1472 
 1420 231 13 1439 205 663 1466 633 226 1185 176 1844 1380 1052 2043 
 830 1310 1015 2144 547 312 2009 801 1968 1816 2136 2311 2122 1905 1711 
 461 1096 1928 1187 495 1551 1809 2487 1659 1359 47 2398 682 852 24 
 133 60 252 1044 1569 197 719 1086 1147 2350 1241 2094 1176 1778 1436 
 1489 2213 762 2303 253 1287 1000 1394 1053 1726 280 2246 2463 2346 932 
 1429 2452 113 1953 703 327 952 303 792 2451 1219 2241 866 234 823 
 2034 324 523 2045 481 1619 2093 813 665 438 2330 2267 1643 752 844 
 278 1530 2235 1430 540 1262 214 1607 510 349 2402 2085 2055 957 1898 
 1811 2345 70 934 1529 431 1175 307 710 1257 2455 1804 2158 479 2386 
 838 982 1729 1583 697 
