 10 9
 3 .46 .46 0
 2 .37 .37 117
 2 .25 .25 81
 2 .33 .33 36
 2 .25 .25 0
 1 0 .35 53
 3 0 .35 102
 2 .37 .37 103
 4 .35 .35 373
 4 .20 .40 157
 0 .15 .25 .25 .25 .15 .05 .15 .06 .15
 .15 0 .32 .32 .32 .15 0 0 .05 0
 .20 .20 0 .20 0 .20 .20 .20 .20 .20
 .27 .27 .27 0 .27 .27 .27 .27 .05 .27
 .20 .20 0 .20 0 .20 .20 .20 .20 .20
 0 0 0 0 0 0 0 0 0 0
 .06 0 .25 .25 .25 0 0 0 .05 0
 .15 0 .32 .32 .32 .15 0 0 .05 0
 .05 .05 .30 .05 .30 .05 .05 .05 0 .05
 .15 0 .25 .25 .25 .15 0 0 .05 0

