11 1   	      
3 0.35 0.35 200       
1 0 0.25 0       
4 0.3 0.3 0       
1 0 0.2 0       
3 0.28 0.28 0       
4 0.25 0.3 0       
4 0.22 0.22 100       
1 0 0.3333 100       
4 0.3 0.3 100       
4 0.2 0.35 100       
3 0.28 0.28 100       
0 0.15 0.15 0.15 0.1 0.15 0.15 0.15 0.15 0.1 0.1
0.1 0 0.1 0.1 0.1 0.1 0.1 0.1 0.1 0.1 0.1
0.15 0.15 0 0.15 0.15 0.1 0.15 0.15 0.15 0.15 0.15
0.05 0 0.05 0 0.05 0.15 0.05 0.05 0.05 0.05 0
0.05 0 0.05 0.1 0 0.15 0.05 0.05 0.05 0.05 0
0.05 0 0.05 0.1 0.05 0 0.05 0.05 0.05 0.05 0
0.15 0.15 0 0.15 0.15 0.15 0 0.15 0.15 0.15 0.15
0.15 0 0.15 0.15 0.15 0.15 0.15 0 0.15 0.15 0.15
0.1 0.1 0.1 0 0.1 0.1 0.1 0.1 0 0.1 0.1
0 0 0 0.1 0.1 0.1 0.1 0.1 0.1 0 0.1
0.05 0 0.05 0.1 0.05 0.15 0.05 0.05 0.05 0.05 0

