 20 1  
 3 .35 .35 103
 3 0 .35 0
 2 .33 .33 522
 3 .35 .35 0
 3 .33 .33 0
 3 0 .35 0
 1 0 .33 205
 4 .20 .40 136
 1 0 .10 0
 1 0 .33 336
 1 0 .35 108
 2 .28 .28 119
 1 0 .35 97
 2 .33 .33 27
 2 .28 .28 313
 4 .17 .17 38
 4 .35 .35 435
 2 .24 .24 411
 2 .45 .45 143
 2 .28 .28 320
 0 0 .15 0 0 0 .25 0 .10 0 0 0 0 .25 0 .25 .10 .10 .25 .10
 0 0 .15 0 0 0 .15 0 0 0 0 0 0 .25 0 .25 .05 .10 .10 0
 0 0 0 0 0 0 0 0 0 0 0 0 0 0 0 0 0 0 0 0
 0 0 .15 0 0 0 .25 0 .10 0 0 0 0 .25 0 .25 .10 .10 .25 .10
 .05 .05 .05 .05 0 .05 .05 .05 .05 .05 .05 .05 .05 .05 .05 .05 .05 .05 .05 .05
 0 0 .15 0 0 0 .15 0 0 0 0 0 0 .25 0 .25 .05 .10 .10 0
 .30 .15 .15 .30 .15 .15 0 .15 .15 .15 .30 .15 .30 .30 .15 .30 .15 .15 .15 .15
 0 0 .15 0 0 0 .15 0 .10 0 0 0 0 .25 0 .25 .05 .10 .10 .05
 .10 0 .15 .10 .05 0 .15 .10 0 .05 0 0 0 .15 .05 .35 .05 .10 .10 .05
 0 0 .15 0 0 0 .15 0 .05 0 0 0 0 .25 0 .25 .05 .10 .10 .05
 0 0 0 0 0 0 0 0 0 0 0 0 0 0 0 0 0 0 0 0
 0 0 .15 0 0 0 .15 0 0 0 0 0 0 .15 0 .30 .05 .10 .10 0
 0 0 0 0 0 0 0 0 0 0 0 0 0 0 0 0 0 0 0 0
 .27 .27 .27 .27 .05 .27 .27 .27 .05 .05 .27 0 .27 0 0 .27 .05 .27 .27 0
 0 0 .15 0 0 0 .15 0 0 0 0 0 0 0 0 .28 .05 .10 .10 0
 0 0 0 0 0 0 0 0 0 0 0 0 0 0 0 0 0 0 0 0
 .10 .05 .15 .10 .05 .05 .15 .05 .05 .05 .05 .05 .05 .05 .05 .30 0 .10 .15 .15
 0 0 0 0 0 0 0 0 0 0 0 0 0 0 0 0 0 0 0 0
 .20 .10 .15 .20 .10 .10 .15 .15 .10 .10 .10 .15 .10 .20 .10 .20 .15 .20 0 .15
 .10 0 .15 .10 .05 0 .15 .05 .05 .05 .05 0 .05 0 0 .25 .15 .15 .15 0

