 30 30 
 3 0 .35 118
 3 0 .35 0
 2 .45 .45 97
 4 .17 .17 39
 1 0 .33 471
 1 0 .10 214
 2 .33 .33 487
 1 0 .33 239
 2 .45 .45 98
 2 .28 .28 276
 2 .35 .35 307
 2 .24 .24 473
 1 0 .35 60
 2 .25 .25 114
 3 .46 .46 219
 3 .46 .46 196
 2 .24 .24 454
 2 .28 .28 288
 3 0 .35 96
 4 .35 .35 459
 1 0 .33 0
 2 .28 .28 325
 1 0 .33 237
 3 .35 .35 469
 3 .35 .35 143
 1 0 .35 115
 3 .46 .46 0
 2 .28 .28 277
 2 .40 .40 0
 1 0 .33 162
 0 0 .10 .25 0 0 .15 .15 .10 0 .25 .10 0 .25 .06 .06 .10 0 0 .05
 .15 0 .15 .15 0 0 .06 0 0 .15
 0 0 .10 .25 0 0 .15 .15 .10 0 .25 .10 0 .25 .06 .06 .10 0 0 .05
 .15 0 .15 .15 0 0 .06 0 0 .15
 .10 .10 0 .20 .10 .10 .15 .15 0 .10 .20 .20 .20 .20 .15 .15 .20 .10 .10 .15
 .15 .10 .15 .20 .20 .10 .15 .10 .20 .15
 0 0 0 0 0 0 0 0 0 0 0 0 0 0 0 0 0 0 0 0
 0 0 0 0 0 0 0 0 0 0
 0 0 .10 .25 0 .05 .15 .15 .10 0 .25 .10 .05 .25 .10 .10 .10 0 0 .05
 .15 0 .15 .15 0 0 .10 0 0 .15
 0 0 .10 .35 .05 0 .15 .15 .10 .05 .35 .10 .35 .35 .15 .15 .10 .05 0 .05
 .15 .05 .15 .35 .10 0 .15 .05 .05 .15
 0 0 0 0 0 0 0 0 0 0 0 0 0 0 0 0 0 0 0 0
 0 0 0 0 0 0 0 0 0 0
 .15 .15 .15 .30 .15 .15 .15 0 .15 .15 .30 .15 .30 .30 .15 .15 .15 .15 .15 .15
 0 .15 0 .30 .30 .30 .15 .15 .30 0
 .10 .10 0 .20 .10 .10 .15 .15 0 .10 .20 .20 .20 .20 .15 .15 .20 .10 .10 .15
 .15 .10 .15 .20 .20 .10 .15 .10 .20 .15
 0 0 .10 .28 0 0 .15 .15 .10 0 .28 .10 .05 .28 .10 .10 .10 0 0 .05
 .15 0 .15 0 0 0 .10 0 0 .15
 .10 .10 .10 .10 .10 .10 .10 .10 .10 .10 0 .10 .10 .10 .15 .15 .10 .10 .10 .10
 .10 .10 .10 .10 .10 .10 .15 .10 .10 .10
 0 0 0 0 0 0 0 0 0 0 0 0 0 0 0 0 0 0 0 0
 0 0 0 0 0 0 0 0 0 0
 0 0 0 0 0 0 0 0 0 0 0 0 0 0 0 0 0 0 0 0
 0 0 0 0 0 0 0 0 0 0
 .20 .20 .20 .20 .20 .20 .20 .20 .20 .20 .20 .20 .20 0 .20 .20 .20 .20 .20 .20
 .20 .20 .20 .20 .20 .20 .20 .20 .20 .20
 .05 .05 .15 .25 .10 .15 .15 .15 .15 .10 .15 .10 .15 .25 0 0 .10 .10 .05 .06
 .15 .10 .15 .15 .15 .05 0 .10 .25 .15
 .05 .05 .15 .25 .10 .15 .15 .15 .15 .10 .15 .10 .15 .25 0 0 .10 .10 .05 .06
 .15 .10 .15 .15 .15 .05 0 .10 .25 .15
 0 0 0 0 0 0 0 0 0 0 0 0 0 0 0 0 0 0 0 0
 0 0 0 0 0 0 0 0 0 0
 0 0 .10 .28 0 0 .15 .15 .10 0 .28 .10 .05 .28 .10 .10 .10 0 0 .05
 .15 0 .15 0 0 0 .10 0 0 .15
 0 0 .10 .25 0 0 .15 .15 .10 0 .25 .10 0 .25 .06 .06 .10 0 0 .05
 .15 0 .15 .15 0 0 .06 0 0 .15
 .05 .05 .15 .30 .05 .05 .15 .15 .15 .05 .30 .10 .05 .30 .05 .05 .10 .05 .05 0
 .15 .05 .15 .05 .10 .05 .05 .05 .30 .15
 .15 .15 .15 .30 .15 .15 .15 0 .15 .15 .30 .15 .30 .30 .15 .15 .15 .15 .15 .15
 0 .15 0 .30 .30 .30 .15 .15 .30 0
 0 0 .10 .28 0 0 .15 .15 .10 0 .28 .10 .05 .28 .10 .10 .10 0 0 .05
 .15 0 .15 0 0 0 .10 0 0 .15
 .15 .15 .15 .30 .15 .15 .15 0 .15 .15 .30 .15 .30 .30 .15 .15 .15 .15 .15 .15
 0 .15 0 .30 .30 .30 .15 .15 .30 0
 .15 .15 .15 .15 .15 0 .15 .15 .15 0 .15 .15 .15 .15 .15 .15 .15 0 .15 .05
 .15 0 .15 0 .15 .15 .15 0 .15 .15
 0 0 .25 .25 0 .10 .15 .25 .25 0 .25 .10 .25 .25 .15 .15 .10 0 0 .10
 .25 0 .25 .18 0 0 .15 0 0 .25
 0 0 0 0 0 0 0 0 0 0 0 0 0 0 0 0 0 0 0 0
 0 0 0 0 0 0 0 0 0 0
 .05 .05 .15 .25 .10 .15 .15 .15 .15 .10 .15 .10 .15 .25 0 0 .10 .10 .05 .06
 .15 .10 .15 .15 .15 .05 0 .10 .25 .15
 0 0 .10 .28 0 0 .15 .15 .10 0 .28 .10 .05 .28 .10 .10 .10 0 0 .05
 .15 0 .15 0 0 0 .10 0 0 .15
 0 0 0 0 0 0 0 0 0 0 0 0 0 0 0 0 0 0 0 0
 0 0 0 0 0 0 0 0 0 0
 .15 .15 .15 .30 .15 .15 .15 0 .15 .15 .30 .15 .30 .30 .15 .15 .15 .15 .15 .15
 0 .15 0 .30 .30 .30 .15 .15 .30 0

