 40 13  
 2 .37 .37 106
 2 .40 .40 176
 2 .28 .28 320
 1 0 .10 169
 1 0 .33 373
 3 .33 .33 263
 2 .37 .37 0
 1 0 .34 0
 3 .33 .33 304
 1 0 .35 60
 3 .46 .46 171
 2 .45 .45 0
 2 .28 .28 260
 3 .35 .35 446
 2 .28 .28 252
 4 .35 .35 386
 3 .35 .35 0
 2 .45 .45 125
 4 .17 .17 44
 2 .28 .28 350
 2 .33 .33 0
 4 .35 .35 0
 3 0 .35 115
 3 .35 .35 0
 3 .45 .45 711
 1 0 .33 476
 3 .35 .35 128
 2 .28 .28 120
 3 .35 .35 0
 1 0 .10 0
 3 .45 .45 720
 2 .40 .40 0
 2 .40 .40 166
 3 .46 .46 171
 2 .35 .35 333
 4 0 .43 175
 2 .28 .28 167
 3 .46 .46 172
 2 .30 .30 195
 3 0 .35 92
 0 0 0 .15 0 0 0 0 0 .15 .15 .32 .15 .15 0 .05 0 .32 .32 .15
 0 .05 0 .15 0 0 0 0 0 .15 0 0 0 .15 .32 .15 0 .15 .15 0
 0 0 0 0 0 0 0 0 0 0 0 0 0 0 0 0 0 0 0 0
 0 0 0 0 0 0 0 0 0 0 0 0 0 0 0 0 0 0 0 0
 0 0 0 0 0 0 0 0 0 .05 .10 .10 0 0 0 .05 0 .10 .28 0
 .15 .05 0 0 0 0 0 0 0 0 0 0 0 .10 .28 .15 0 .10 .28 0
 .15 .05 .05 0 .05 .05 .15 0 .05 .35 .15 .10 .05 .35 .05 .05 .10 .10 .35 .05
 .15 .05 0 .35 .05 .05 .10 0 .10 0 .05 .05 .05 .15 .35 .35 0 .15 .35 0
 0 0 0 .05 0 0 0 0 0 .05 .10 .10 .05 .15 0 .05 0 .10 .25 .05
 .15 .05 0 .15 0 0 0 0 0 .05 0 0 0 .10 .25 .15 0 .10 .15 0
 .05 .05 .05 .05 .05 0 .05 .05 0 .05 .05 .05 .05 .05 .05 .05 .05 .05 .05 .05
 .05 .05 .05 .05 .05 .05 .05 .05 .05 .05 .05 .05 .05 .05 .05 .05 .05 .05 .05 .05
 0 0 0 .15 0 0 0 0 0 .15 .15 .32 .15 .15 0 .05 0 .32 .32 .15
 0 .05 0 .15 0 0 0 0 0 .15 0 0 0 .15 .32 .15 0 .15 .15 0
 0 0 0 0 0 0 0 0 0 .25 .15 .10 0 .15 0 .05 0 .10 .25 0
 .15 .05 0 .15 0 0 0 0 0 0 0 0 0 .15 .20 .25 0 .15 .25 0
 .05 .05 .05 .05 .05 0 .05 .05 0 .05 .05 .05 .05 .05 .05 .05 .05 .05 .05 .05
 .05 .05 .05 .05 .05 .05 .05 .05 .05 .05 .05 .05 .05 .05 .05 .05 .05 .05 .05 .05
 0 0 0 0 0 0 0 0 0 0 0 0 0 0 0 0 0 0 0 0
 0 0 0 0 0 0 0 0 0 0 0 0 0 0 0 0 0 0 0 0
 .15 .25 .10 .15 .10 .10 .15 .15 .10 .15 0 .15 .15 .15 .10 .06 .15 .15 .25 .15
 .15 .06 .05 .15 .15 .10 .15 .15 .15 .15 .15 .25 .25 0 .15 .15 .15 0 .10 .05
 .10 .20 .10 .10 .10 .10 .10 .10 .10 .20 .15 0 .15 .20 .10 .15 .20 0 .20 .15
 .15 .15 .10 .20 .10 .10 .20 .15 .20 .10 .10 .20 .20 .15 .20 .20 .15 .15 .20 .10
 .15 .20 0 .05 .05 .05 .15 0 .05 .15 .15 .15 0 .20 0 .15 .10 .15 .25 0
 .15 .15 0 .20 .05 .05 .10 0 .10 .05 .05 .20 .20 .15 .15 .15 0 .15 .25 0
 .15 .15 0 0 .15 0 .15 .15 0 .15 .15 .15 .15 0 0 .05 .15 .15 .15 .15
 .15 .05 .15 0 .15 .15 .15 .05 .15 0 .15 .15 .15 .15 .15 .15 .05 .15 .15 .15
 0 0 0 0 0 0 0 0 0 .05 .10 .10 0 0 0 .05 0 .10 .28 0
 .15 .05 0 0 0 0 0 0 0 0 0 0 0 .10 .28 .15 0 .10 .28 0
 .05 .30 .05 .05 .05 .05 .05 .05 .05 .05 .05 .15 .15 .05 .05 0 .10 .15 .30 .15
 .15 0 .05 .05 .05 .05 .10 .05 .10 .05 .05 .30 .30 .05 .30 .30 .05 .05 .30 .05
 0 0 0 .10 0 0 0 0 0 .25 .15 .25 .10 .18 0 .10 0 .25 .25 .10
 .15 .10 0 .18 0 0 0 0 0 .10 0 0 0 .15 .25 .15 0 .15 .10 0
 .10 .20 .10 .10 .10 .10 .10 .10 .10 .20 .15 0 .15 .20 .10 .15 .20 0 .20 .15
 .15 .15 .10 .20 .10 .10 .20 .15 .20 .10 .10 .20 .20 .15 .20 .20 .15 .15 .20 .10
 0 0 0 0 0 0 0 0 0 0 0 0 0 0 0 0 0 0 0 0
 0 0 0 0 0 0 0 0 0 0 0 0 0 0 0 0 0 0 0 0
 .15 .20 0 .05 .05 .05 .15 0 .05 .15 .15 .15 0 .20 0 .15 .10 .15 .25 0
 .15 .15 0 .20 .05 .05 .10 0 .10 .05 .05 .20 .20 .15 .15 .15 0 .15 .25 0
 0 0 0 0 0 0 0 0 0 0 0 0 0 0 0 0 0 0 0 0
 0 0 0 0 0 0 0 0 0 0 0 0 0 0 0 0 0 0 0 0
 .05 .30 .05 .05 .05 .05 .05 .05 .05 .05 .05 .15 .15 .05 .05 0 .10 .15 .30 .15
 .15 0 .05 .05 .05 .05 .10 .05 .10 .05 .05 .30 .30 .05 .30 .30 .05 .05 .30 .05
 0 0 0 0 0 0 0 0 0 0 .06 .10 0 .15 0 .05 0 .10 .25 0
 .15 .05 0 .15 0 0 0 0 0 0 0 0 0 .06 .25 .15 0 .06 .25 0
 .15 .15 0 0 .15 0 .15 .15 0 .15 .15 .15 .15 0 0 .05 .15 .15 .15 .15
 .15 .05 .15 0 .15 .15 .15 .05 .15 0 .15 .15 .15 .15 .15 .15 .05 .15 .15 .15
 0 0 0 .05 0 0 0 0 0 .15 .15 .10 0 .15 0 .05 0 .10 .25 0
 .15 .05 0 .15 0 0 0 0 0 .05 0 0 0 .15 .15 .15 0 .15 .15 0
 0 0 0 .05 0 0 0 0 0 .05 .10 .10 .05 .15 0 .05 0 .10 .25 .05
 .15 .05 0 .15 0 0 0 0 0 .05 0 0 0 .10 .25 .15 0 .10 .15 0
 0 0 0 .10 0 0 0 0 0 .25 .15 .25 .10 .18 0 .10 0 .25 .25 .10
 .15 .10 0 .18 0 0 0 0 0 .10 0 0 0 .15 .25 .15 0 .15 .10 0
 .30 0 0 0 0 0 .30 0 0 .05 .15 .10 0 .15 0 .05 0 .10 .30 0
 .15 .05 0 .15 0 0 0 0 0 0 0 0 0 .15 .15 .15 0 .15 .30 0
 0 0 0 .10 0 0 0 0 0 .25 .15 .25 .10 .18 0 .10 0 .25 .25 .10
 .15 .10 0 .18 0 0 0 0 0 .10 0 0 0 .15 .25 .15 0 .15 .10 0
 .15 .05 .05 0 .05 .05 .15 0 .05 .35 .15 .10 .05 .35 .05 .05 .10 .10 .35 .05
 .15 .05 0 .35 .05 .05 .10 0 .10 0 .05 .05 .05 .15 .35 .35 0 .15 .35 0
 0 0 0 .05 0 0 0 0 0 .15 .15 .10 0 .15 0 .05 0 .10 .25 0
 .15 .05 0 .15 0 0 0 0 0 .05 0 0 0 .15 .15 .15 0 .15 .15 0
 0 0 0 0 0 0 0 0 0 0 0 0 0 0 0 0 0 0 0 0
 0 0 0 0 0 0 0 0 0 0 0 0 0 0 0 0 0 0 0 0
 0 0 0 0 0 0 0 0 0 0 0 0 0 0 0 0 0 0 0 0
 0 0 0 0 0 0 0 0 0 0 0 0 0 0 0 0 0 0 0 0
 .15 .25 .10 .15 .10 .10 .15 .15 .10 .15 0 .15 .15 .15 .10 .06 .15 .15 .25 .15
 .15 .06 .05 .15 .15 .10 .15 .15 .15 .15 .15 .25 .25 0 .15 .15 .15 0 .10 .05
 .10 .10 .10 .10 .10 .15 .10 .15 .15 .10 .15 .10 .15 .10 .10 .10 .10 .10 .10 .15
 .10 .10 .10 .10 .15 .10 .10 .15 .10 .10 .15 .10 .10 .15 0 .10 .15 .15 .10 .10
 0 0 0 0 0 0 0 0 0 0 0 0 0 0 0 0 0 0 0 0
 0 0 0 0 0 0 0 0 0 0 0 0 0 0 0 0 0 0 0 0
 .30 0 0 0 0 0 .30 0 0 .05 .15 .10 0 .15 0 .05 0 .10 .30 0
 .15 .05 0 .15 0 0 0 0 0 0 0 0 0 .15 .15 .15 0 .15 .30 0
 .15 .25 .10 .15 .10 .10 .15 .15 .10 .15 0 .15 .15 .15 .10 .06 .15 .15 .25 .15
 .15 .06 .05 .15 .15 .10 .15 .15 .15 .15 .15 .25 .25 0 .15 .15 .15 0 .10 .05
 0 0 0 0 0 0 0 0 0 0 0 0 0 0 0 0 0 0 0 0
 0 0 0 0 0 0 0 0 0 0 0 0 0 0 0 0 0 0 0 0
 0 0 0 0 0 0 0 0 0 0 .06 .10 0 .15 0 .05 0 .10 .25 0
 .15 .05 0 .15 0 0 0 0 0 0 0 0 0 .06 .25 .15 0 .06 .25 0

