 50 18	 
 1 0 .34 96
 3 .33 .33 279
 2 .37 .37 87
 1 0 .35 93
 1 0 .34 106
 4 .17 .17 33
 3 .35 .35 427
 3 .33 .33 352
 4 .20 .40 157
 2 .40 .40 134
 2 .33 .33 437
 2 .37 .37 101
 1 0 .35 117
 3 0 .35 81
 2 .30 .30 0
 3 .35 .35 141
 4 .17 .17 35
 4 .17 .17 48
 4 0 .43 219
 1 0 .33 204
 3 .46 .46 214
 4 0.01 .43 0
 2 .28 .28 275
 1 0 .35 59
 3 .35 .35 0
 2 .40 .40 176
 2 .37 .37 0
 1 0 .33 395
 2 .37 .37 0
 4 .35 .35 382
 4 .17 .17 37
 4 .35 .35 450
 4 .17 .17 0
 4 .17 .17 32
 2 .35 .35 342
 1 0 .34 0
 2 .40 .40 0
 3 .45 .45 643
 2 .37 .37 118
 4 .17 .17 46
 2 .45 .45 0
 4 .20 .40 163
 3 .35 .35 429
 3 .46 .46 0
 2 .28 .28 306
 3 .33 .33 258
 3 .46 .46 200
 4 0 .43 160
 3 .45 .45 583
 2 .28 .28 264
 0 0 0 0 0 .22 0 0 0 0 .15 0 0 0 .15 0 .22 .22 .15 .22
 .15 .15 .15 .15 0 0 0 0 0 .05 .22 .05 .22 .22 .22 0 0 0 0 .22
 0 0 0 .15 0 0 .15 .15 0 0 
 .05 0 .05 .05 .05 .05 .05 0 .05 .05 .05 .05 .05 .05 .05 .05 .05 .05 .05 .05
 .05 .05 .05 .05 .05 .05 .05 .05 .05 .05 .05 .05 .05 .05 .05 .05 .05 .05 .05 .05
 .05 .05 .05 .05 .05 0 .05 .05 .05 .05
 .15 0 0 .15 .15 .32 .15 0 0 0 0 0 .15 0 .15 0 .32 .32 .15 .15
 .15 .15 .15 .15 0 0 0 0 0 .05 .32 .05 .32 .32 .32 .15 0 0 0 .32
 .32 0 .15 .15 0 0 .15 .15 0 0 
 0 0 0 0 0 0 0 0 0 0 0 0 0 0 0 0 0 0 0 0 
 0 0 0 0 0 0 0 0 0 0 0 0 0 0 0 0 0 0 0 0 
 0 0 0 0 0 0 0 0 0 0 
 0 0 0 0 0 .22 0 0 0 0 .15 0 0 0 .15 0 .22 .22 .15 .22
 .15 .15 .15 .15 0 0 0 0 0 .05 .22 .05 .22 .22 .22 0 0 0 0 .22
 0 0 0 .15 0 0 .15 .15 0 0 
 0 0 0 0 0 0 0 0 0 0 0 0 0 0 0 0 0 0 0 0 
 0 0 0 0 0 0 0 0 0 0 0 0 0 0 0 0 0 0 0 0 
 0 0 0 0 0 0 0 0 0 0 
 0 0 .15 .15 0 .15 0 0 .15 .15 .15 .15 .15 .15 .15 .15 .15 .15 .15 .15
 .15 .15 .15 .15 .15 .15 .15 .15 .15 .05 .15 .05 .15 .15 .15 0 .15 .15 .15 .15
 .15 .15 0 .15 0 0 .15 .15 .15 0 
 .05 0 .05 .05 .05 .05 .05 0 .05 .05 .05 .05 .05 .05 .05 .05 .05 .05 .05 .05
 .05 .05 .05 .05 .05 .05 .05 .05 .05 .05 .05 .05 .05 .05 .05 .05 .05 .05 .05 .05
 .05 .05 .05 .05 .05 0 .05 .05 .05 .05
 0 0 0 0 0 .25 .15 0 0 0 .15 0 0 0 .25 0 .25 .25 .15 .15
 .15 .15 .05 .15 0 0 0 0 0 .05 .25 .05 .25 .25 .25 0 0 0 0 .25
 .10 0 .15 .15 0 0 .15 .15 0 0 
 0 0 0 0 0 0 0 0 0 0 0 0 0 0 0 0 0 0 0 0 
 0 0 0 0 0 0 0 0 0 0 0 0 0 0 0 0 0 0 0 0 
 0 0 0 0 0 0 0 0 0 0 
 0 0 0 0 0 0 0 0 0 0 0 0 0 0 0 0 0 0 0 0 
 0 0 0 0 0 0 0 0 0 0 0 0 0 0 0 0 0 0 0 0 
 0 0 0 0 0 0 0 0 0 0 
 .15 0 0 .15 .15 .32 .15 0 0 0 0 0 .15 0 .15 0 .32 .32 .15 .15
 .15 .15 .15 .15 0 0 0 0 0 .05 .32 .05 .32 .32 .32 .15 0 0 0 .32
 .32 0 .15 .15 0 0 .15 .15 0 0 
 0 0 0 0 0 0 0 0 0 0 0 0 0 0 0 0 0 0 0 0 
 0 0 0 0 0 0 0 0 0 0 0 0 0 0 0 0 0 0 0 0 
 0 0 0 0 0 0 0 0 0 0 
 .05 0 0 0 .05 .25 .15 0 0 0 .15 0 0 0 .25 0 .25 .25 .15 .15
 .06 .15 0 0 0 0 0 0 0 .05 .25 .05 .25 .25 .25 .05 0 0 0 .25
 .10 0 .15 .06 0 0 .06 .15 0 0 
 0 0 0 0 0 0 0 0 0 0 0 0 0 0 0 0 0 0 0 0 
 0 0 0 0 0 0 0 0 0 0 0 0 0 0 0 0 0 0 0 0 
 0 0 0 0 0 0 0 0 0 0 
 0 0 0 0 0 .25 .18 0 0 0 .15 0 0 0 .10 0 .25 .25 .15 .25
 .15 .15 .10 .25 0 0 0 0 0 .10 .25 .10 .25 .25 .25 0 0 0 0 .25
 .25 0 .18 .15 0 0 .15 .15 0 0 
 0 0 0 0 0 0 0 0 0 0 0 0 0 0 0 0 0 0 0 0 
 0 0 0 0 0 0 0 0 0 0 0 0 0 0 0 0 0 0 0 0 
 0 0 0 0 0 0 0 0 0 0 
 0 0 0 0 0 0 0 0 0 0 0 0 0 0 0 0 0 0 0 0 
 0 0 0 0 0 0 0 0 0 0 0 0 0 0 0 0 0 0 0 0 
 0 0 0 0 0 0 0 0 0 0 
 0 0 0 0 0 0 0 0 0 0 0 0 0 0 0 0 0 0 0 0 
 0 0 0 0 0 0 0 0 0 0 0 0 0 0 0 0 0 0 0 0 
 0 0 0 0 0 0 0 0 0 0 
 .30 .15 .15 .30 .30 .30 .30 .15 .15 .30 .15 .15 .30 .15 .30 .30 .30 .30 .30 0 
 .15 .30 .15 .30 .30 .30 .15 .15 .15 .15 .30 .15 .30 .30 .30 .30 .30 .15 .15 .30
 .15 .15 .30 .15 .15 .15 .15 .30 .15 .15
 .15 .10 .15 .05 .15 .25 .15 .10 .15 .25 .15 .15 .05 .05 .10 .15 .25 .25 .15 .15
 0 .15 .15 .15 .15 .25 .15 .10 .15 .06 .25 .06 .25 .25 .15 .15 .25 .15 .15 .25
 .15 .15 .15 0 .10 .10 0 .15 .15 .10
 0 0 0 0 0 0 0 0 0 0 0 0 0 0 0 0 0 0 0 0 
 0 0 0 0 0 0 0 0 0 0 0 0 0 0 0 0 0 0 0 0 
 0 0 0 0 0 0 0 0 0 0 
 .15 .05 .15 .05 .15 .25 .20 .05 .05 .20 .15 .15 .05 0 .25 .10 .25 .25 .15 .15
 .15 .15 0 .15 .10 .20 .15 .05 .15 .15 .25 .15 .25 .25 .15 .15 .20 .05 .15 .25
 .15 .05 .20 .15 0 .05 .15 .15 .05 0 
 0 0 0 0 0 0 0 0 0 0 0 0 0 0 0 0 0 0 0 0 
 0 0 0 0 0 0 0 0 0 0 0 0 0 0 0 0 0 0 0 0 
 0 0 0 0 0 0 0 0 0 0 
 0 0 0 0 0 .25 .18 0 0 0 .15 0 0 0 .10 0 .25 .25 .15 .25
 .15 .15 .10 .25 0 0 0 0 0 .10 .25 .10 .25 .25 .25 0 0 0 0 .25
 .25 0 .18 .15 0 0 .15 .15 0 0 
 0 0 0 0 0 0 0 0 0 0 0 0 0 0 0 0 0 0 0 0 
 0 0 0 0 0 0 0 0 0 0 0 0 0 0 0 0 0 0 0 0 
 0 0 0 0 0 0 0 0 0 0 
 .15 0 0 .15 .15 .32 .15 0 0 0 0 0 .15 0 .15 0 .32 .32 .15 .15
 .15 .15 .15 .15 0 0 0 0 0 .05 .32 .05 .32 .32 .32 .15 0 0 0 .32
 .32 0 .15 .15 0 0 .15 .15 0 0 
 0 0 0 0 0 .25 .15 0 0 0 .15 0 0 0 .15 0 .25 .25 .15 .15
 .10 .15 .05 .05 0 0 0 0 0 .05 .25 .05 .25 .25 .25 0 0 0 0 .25
 .10 0 .15 .10 0 0 .10 .15 0 0 
 .15 0 0 .15 .15 .32 .15 0 0 0 0 0 .15 0 .15 0 .32 .32 .15 .15
 .15 .15 .15 .15 0 0 0 0 0 .05 .32 .05 .32 .32 .32 .15 0 0 0 .32
 .32 0 .15 .15 0 0 .15 .15 0 0 
 .05 .05 .05 .05 .05 .30 .05 .05 .05 .30 .15 .05 .05 .05 .30 .10 .30 .30 .30 .15
 .05 .30 .15 .05 .10 .30 .05 .05 .05 0 .30 0 .30 .30 .30 .05 .30 .05 .05 .30
 .15 .05 .05 .05 .05 .05 .05 .30 .05 .05
 0 0 0 0 0 0 0 0 0 0 0 0 0 0 0 0 0 0 0 0 
 0 0 0 0 0 0 0 0 0 0 0 0 0 0 0 0 0 0 0 0 
 0 0 0 0 0 0 0 0 0 0 
 .05 .05 .05 .05 .05 .30 .05 .05 .05 .30 .15 .05 .05 .05 .30 .10 .30 .30 .30 .15
 .05 .30 .15 .05 .10 .30 .05 .05 .05 0 .30 0 .30 .30 .30 .05 .30 .05 .05 .30
 .15 .05 .05 .05 .05 .05 .05 .30 .05 .05
 0 0 0 0 0 0 0 0 0 0 0 0 0 0 0 0 0 0 0 0 
 0 0 0 0 0 0 0 0 0 0 0 0 0 0 0 0 0 0 0 0 
 0 0 0 0 0 0 0 0 0 0 
 0 0 0 0 0 0 0 0 0 0 0 0 0 0 0 0 0 0 0 0 
 0 0 0 0 0 0 0 0 0 0 0 0 0 0 0 0 0 0 0 0 
 0 0 0 0 0 0 0 0 0 0 
 .10 .15 .10 .10 .10 .10 .10 .15 .10 .10 .10 .10 .10 .10 .10 .10 .10 .10 .10 .10
 .15 .10 .15 .10 .10 .10 .10 .10 .10 .10 .10 .10 .10 .10 0 .10 .10 .15 .10 .10
 .10 .10 .10 .15 .10 .15 .15 .10 .15 .10
 0 0 0 0 0 .22 0 0 0 0 .15 0 0 0 .15 0 .22 .22 .15 .22
 .15 .15 .15 .15 0 0 0 0 0 .05 .22 .05 .22 .22 .22 0 0 0 0 .22
 0 0 0 .15 0 0 .15 .15 0 0 
 0 0 0 0 0 0 0 0 0 0 0 0 0 0 0 0 0 0 0 0 
 0 0 0 0 0 0 0 0 0 0 0 0 0 0 0 0 0 0 0 0 
 0 0 0 0 0 0 0 0 0 0 
 0 0 0 0 0 .25 .15 0 0 0 .15 0 0 0 .15 0 .25 .25 .15 .15
 .15 .15 0 .15 0 0 0 0 0 .05 .25 .05 .25 .25 .15 0 0 0 0 .25
 .10 0 .15 .15 0 0 .15 .15 0 0 
 .15 0 0 .15 .15 .32 .15 0 0 0 0 0 .15 0 .15 0 .32 .32 .15 .15
 .15 .15 .15 .15 0 0 0 0 0 .05 .32 .05 .32 .32 .32 .15 0 0 0 .32
 .32 0 .15 .15 0 0 .15 .15 0 0 
 0 0 0 0 0 0 0 0 0 0 0 0 0 0 0 0 0 0 0 0 
 0 0 0 0 0 0 0 0 0 0 0 0 0 0 0 0 0 0 0 0 
 0 0 0 0 0 0 0 0 0 0 
 .10 .10 .10 .10 .10 .20 .20 .10 .15 .20 .15 .10 .10 .10 .20 .20 .20 .20 .20 .15
 .15 .20 .15 .20 .20 .20 .10 .10 .10 .15 .20 .15 .20 .20 .20 .10 .20 .10 .10 .20
 0 .15 .20 .15 .10 .10 .15 .20 .10 .10
 0 0 0 0 0 .25 .15 0 0 0 .15 0 0 0 .25 0 .25 .25 .15 .15
 .15 .15 .05 .15 0 0 0 0 0 .05 .25 .05 .25 .25 .25 0 0 0 0 .25
 .10 0 .15 .15 0 0 .15 .15 0 0 
 0 0 .15 .15 0 .15 0 0 .15 .15 .15 .15 .15 .15 .15 .15 .15 .15 .15 .15
 .15 .15 .15 .15 .15 .15 .15 .15 .15 .05 .15 .05 .15 .15 .15 0 .15 .15 .15 .15
 .15 .15 0 .15 0 0 .15 .15 .15 0 
 .15 .10 .15 .05 .15 .25 .15 .10 .15 .25 .15 .15 .05 .05 .10 .15 .25 .25 .15 .15
 0 .15 .15 .15 .15 .25 .15 .10 .15 .06 .25 .06 .25 .25 .15 .15 .25 .15 .15 .25
 .15 .15 .15 0 .10 .10 0 .15 .15 .10
 0 0 0 0 0 .28 0 0 0 0 .15 0 0 0 .28 0 .28 .28 .15 .15
 .10 .15 0 .05 0 0 0 0 0 .05 .28 .05 .28 .28 .28 0 0 0 0 .28
 .10 0 0 .10 0 0 .10 .15 0 0 
 .05 0 .05 .05 .05 .05 .05 0 .05 .05 .05 .05 .05 .05 .05 .05 .05 .05 .05 .05
 .05 .05 .05 .05 .05 .05 .05 .05 .05 .05 .05 .05 .05 .05 .05 .05 .05 .05 .05 .05
 .05 .05 .05 .05 .05 0 .05 .05 .05 .05
 .15 .10 .15 .05 .15 .25 .15 .10 .15 .25 .15 .15 .05 .05 .10 .15 .25 .25 .15 .15
 0 .15 .15 .15 .15 .25 .15 .10 .15 .06 .25 .06 .25 .25 .15 .15 .25 .15 .15 .25
 .15 .15 .15 0 .10 .10 0 .15 .15 .10
 0 0 0 0 0 0 0 0 0 0 0 0 0 0 0 0 0 0 0 0 
 0 0 0 0 0 0 0 0 0 0 0 0 0 0 0 0 0 0 0 0 
 0 0 0 0 0 0 0 0 0 0 
 0 0 0 0 0 .25 .15 0 0 0 .15 0 0 0 .15 0 .25 .25 .15 .15
 .15 .15 0 .15 0 0 0 0 0 .05 .25 .05 .25 .25 .15 0 0 0 0 .25
 .10 0 .15 .15 0 0 .15 .15 0 0 
 0 0 0 0 0 .28 0 0 0 0 .15 0 0 0 .28 0 .28 .28 .15 .15
 .10 .15 0 .05 0 0 0 0 0 .05 .28 .05 .28 .28 .28 0 0 0 0 .28
 .10 0 0 .10 0 0 .10 .15 0 0 
