 75 52	 
 3 0 .35 115
 4 0 .43 167
 1 0 .10 219
 2 .28 .28 252
 4 .35 .35 426
 2 .28 .28 338
 2 .37 .37 111
 2 .28 .28 0
 2 .33 .33 443
 2 .33 .33 0
 2 .30 .30 167
 2 .24 .24 0
 3 0 .35 80
 1 0 .33 201
 1 0 .35 59
 1 0 .10 212
 2 .30 .30 166
 2 .25 .25 84
 2 .28 .28 312
 3 .45 .45 0
 2 .33 .33 519
 2 .24 .24 0
 2 .40 .40 149
 1 0 .35 93
 2 .28 .28 155
 2 .37 .37 115
 1 0 .34 95
 2 .33 .33 0
 2 .40 .40 0
 4 0.02 .43 0
 3 0 .35 86
 1 0 .33 186
 2 .30 .30 181
 2 .40 .40 174
 3 0 .35 104
 1 0 .10 229
 2 .24 .24 328
 2 .40 .40 143
 2 .25 .25 83
 2 .25 .25 100
 3 .46 .46 195
 1 0 .10 202
 1 0 .34 328
 2 .40 .40 169
 3 .33 .33 341
 2 .28 .28 327
 3 .45 .45 686
 2 .35 .35 0
 2 .33 .33 25
 2 .25 .25 0
 2 .28 .28 0
 2 .37 .37 114
 3 .35 .35 390
 4 .17 .17 0
 4 .20 .40 146
 4 .20 .40 126
 2 .37 .37 92
 4 .20 .40 0
 2 .25 .25 108
 2 .37 .37 100
 2 .40 .40 134
 4 .17 .17 0
 1 0 .33 0
 1 0 .10 169
 3 .45 .45 678
 1 0 .33 0
 2 .25 .25 86
 1 0 .33 220
 4 0 .43 182
 2 .33 .33 571
 1 0 .34 0
 1 0 .33 199
 2 .45 .45 130
 1 0 .35 60
 4 .35 .35 323
 0 .15 0 0 .05 0 0 0 .15 .25 .25 .10 0 .15 0 0 .25 .25 0 0
 .15 .10 0 0 0 0 .05 .25 0 .15 0 .15 .25 0 0 0 .10 0 .25 .25
 .06 0 0 0 0 0 0 .25 .25 .25 0 0 .15 .25 0 0 0 0 .25 0
 0 .25 0 0 0 .15 .25 .15 .15 .15 0 .15 .10 0 .05
 0 0 0 0 0 0 0 0 0 0 0 0 0 0 0 0 0 0 0 0
 0 0 0 0 0 0 0 0 0 0 0 0 0 0 0 0 0 0 0 0
 0 0 0 0 0 0 0 0 0 0 0 0 0 0 0 0 0 0 0 0
 0 0 0 0 0 0 0 0 0 0 0 0 0 0 0
 0 .35 0 .05 .05 .05 .15 .05 .15 .15 .35 .10 0 .15 .35 0 .35 .35 .05 .05
 .15 .10 .05 0 0 .15 .05 .15 .05 .35 0 .15 .35 .05 0 0 .10 .05 .35 .35
 .15 0 0 .05 .05 .05 .05 .35 .15 .35 .05 .15 .35 .35 .10 .10 .15 .10 .35 .15
 .05 .35 .05 0 .05 .15 .35 .15 .35 .15 0 .15 .10 .35 .05
 0 .15 .05 0 .15 0 .15 0 .15 0 .25 .15 0 .15 .15 .05 .25 .25 0 .05
 .15 .15 .20 .05 0 .15 .15 0 .20 .15 0 .15 .25 .20 0 .05 .15 .20 .25 .25
 .15 .05 0 .20 .05 0 .05 .15 0 .25 0 .15 .20 .25 .05 .05 .15 .05 .25 .15
 .20 .25 .05 .05 .05 .15 .25 .15 .15 .15 0 .15 .15 .15 .15
 .05 .30 .05 .15 0 .05 .05 .05 .15 .05 .30 .10 .05 .15 .05 .05 .30 .30 .15 .05
 .15 .10 .30 .05 .05 .05 .05 .05 .30 .30 .05 .15 .30 .30 .05 .05 .10 .30 .30 .30
 .05 .05 .05 .30 .05 .15 .05 .30 .05 .30 .05 .05 .05 .30 .05 .05 .05 .05 .30 .05
 .30 .30 .05 .05 .05 .15 .30 .15 .30 .15 .05 .15 .15 .05 0
 0 .15 0 0 .05 0 0 0 .15 0 .28 .10 0 .15 .05 0 .28 .28 0 0
 .15 .10 0 0 0 0 0 0 0 .15 0 .15 .28 0 0 0 .10 0 .28 .28
 .10 0 0 0 0 0 0 .28 0 .28 0 0 0 .28 0 0 0 0 .28 0
 0 .28 0 0 0 .15 .28 .15 .15 .15 0 .15 .10 .05 .05
 0 .15 .15 .15 .05 0 0 0 0 .32 .15 .10 0 .15 .15 .15 .15 .32 .15 0
 0 .10 0 .15 0 0 .15 .32 0 .15 0 .15 .15 0 0 .15 .10 0 .32 .32
 .15 .15 0 0 0 .15 0 .32 .32 .32 0 0 .15 .32 0 0 0 0 .32 0
 0 .32 0 .15 0 .15 .32 .15 .15 0 0 .15 .32 .15 .05
 0 .15 0 0 .05 0 0 0 .15 0 .28 .10 0 .15 .05 0 .28 .28 0 0
 .15 .10 0 0 0 0 0 0 0 .15 0 .15 .28 0 0 0 .10 0 .28 .28
 .10 0 0 0 0 0 0 .28 0 .28 0 0 0 .28 0 0 0 0 .28 0
 0 .28 0 0 0 .15 .28 .15 .15 .15 0 .15 .10 .05 .05
 0 0 0 0 0 0 0 0 0 0 0 0 0 0 0 0 0 0 0 0
 0 0 0 0 0 0 0 0 0 0 0 0 0 0 0 0 0 0 0 0
 0 0 0 0 0 0 0 0 0 0 0 0 0 0 0 0 0 0 0 0
 0 0 0 0 0 0 0 0 0 0 0 0 0 0 0
 .27 .27 .05 0 .05 0 .27 0 .27 0 .27 .27 .27 .27 .27 .05 .27 .27 0 .05
 .27 .27 .27 .27 0 .27 .27 0 .27 .27 .27 .27 .27 .27 .27 .05 .27 .27 .27 .27
 .27 .05 0 .27 .05 0 .05 .27 0 .27 0 .27 .27 .27 .27 .27 .27 .27 .27 .27
 .27 .27 .05 .05 .05 .27 .27 .27 .27 .27 0 .27 .27 .27 .05
 0 0 0 0 0 0 0 0 0 0 0 0 0 0 0 0 0 0 0 0
 0 0 0 0 0 0 0 0 0 0 0 0 0 0 0 0 0 0 0 0
 0 0 0 0 0 0 0 0 0 0 0 0 0 0 0 0 0 0 0 0
 0 0 0 0 0 0 0 0 0 0 0 0 0 0 0
 0 0 0 0 0 0 0 0 0 0 0 0 0 0 0 0 0 0 0 0
 0 0 0 0 0 0 0 0 0 0 0 0 0 0 0 0 0 0 0 0
 0 0 0 0 0 0 0 0 0 0 0 0 0 0 0 0 0 0 0 0
 0 0 0 0 0 0 0 0 0 0 0 0 0 0 0
 0 .15 0 0 .05 0 0 0 .15 .25 .25 .10 0 .15 0 0 .25 .25 0 0
 .15 .10 0 0 0 0 .05 .25 0 .15 0 .15 .25 0 0 0 .10 0 .25 .25
 .06 0 0 0 0 0 0 .25 .25 .25 0 0 .15 .25 0 0 0 0 .25 0
 0 .25 0 0 0 .15 .25 .15 .15 .15 0 .15 .10 0 .05
 .15 .30 .15 .15 .15 .15 .15 .15 .15 .30 .30 .15 .15 0 .30 .15 .30 .30 .15 .15
 .15 .15 .30 .30 .15 .15 .30 .30 .30 .30 .15 0 .30 .30 .15 .15 .15 .30 .30 .30
 .15 .15 .15 .30 .15 .15 .15 .30 .30 .30 .15 .15 .30 .30 .15 .15 .15 .15 .30 .15
 .30 .30 .15 .15 .15 0 .30 0 .30 .15 .15 0 .15 .30 .15
 0 0 0 0 0 0 0 0 0 0 0 0 0 0 0 0 0 0 0 0
 0 0 0 0 0 0 0 0 0 0 0 0 0 0 0 0 0 0 0 0
 0 0 0 0 0 0 0 0 0 0 0 0 0 0 0 0 0 0 0 0
 0 0 0 0 0 0 0 0 0 0 0 0 0 0 0
 0 .35 0 .05 .05 .05 .15 .05 .15 .15 .35 .10 0 .15 .35 0 .35 .35 .05 .05
 .15 .10 .05 0 0 .15 .05 .15 .05 .35 0 .15 .35 .05 0 0 .10 .05 .35 .35
 .15 0 0 .05 .05 .05 .05 .35 .15 .35 .05 .15 .35 .35 .10 .10 .15 .10 .35 .15
 .05 .35 .05 0 .05 .15 .35 .15 .35 .15 0 .15 .10 .35 .05
 0 0 0 0 0 0 0 0 0 0 0 0 0 0 0 0 0 0 0 0
 0 0 0 0 0 0 0 0 0 0 0 0 0 0 0 0 0 0 0 0
 0 0 0 0 0 0 0 0 0 0 0 0 0 0 0 0 0 0 0 0
 0 0 0 0 0 0 0 0 0 0 0 0 0 0 0
 .20 .20 .20 .20 .20 .20 .20 .20 .20 .20 .20 .20 .20 .20 .20 .20 .20 0 .20 .20
 .20 .20 .20 .20 .20 .20 .20 .20 .20 .20 .20 .20 .20 .20 .20 .20 .20 .20 0 0
 .20 .20 .20 .20 .20 .20 .20 .20 .20 0 .20 .20 .20 .20 .20 .20 .20 .20 0 .20
 .20 .20 .20 .20 .20 .20 0 .20 .20 .20 .20 .20 .20 .20 .20
 0 .15 .05 0 .15 0 .15 0 .15 0 .25 .15 0 .15 .15 .05 .25 .25 0 .05
 .15 .15 .20 .05 0 .15 .15 0 .20 .15 0 .15 .25 .20 0 .05 .15 .20 .25 .25
 .15 .05 0 .20 .05 0 .05 .15 0 .25 0 .15 .20 .25 .05 .05 .15 .05 .25 .15
 .20 .25 .05 .05 .05 .15 .25 .15 .15 .15 0 .15 .15 .15 .15
 0 .15 .05 0 .05 0 0 0 .15 .25 .15 .15 0 .15 .15 .05 .15 .25 0 0
 .15 .15 0 0 0 0 0 .25 0 .15 0 .15 .15 0 0 .05 .15 0 .25 .25
 .15 .05 0 0 0 0 0 .15 .25 .25 0 0 .15 .25 0 0 0 0 .25 0
 0 .25 0 .05 0 .15 .25 .15 .15 .15 0 .15 .10 .15 .05
 0 0 0 0 0 0 0 0 0 0 0 0 0 0 0 0 0 0 0 0
 0 0 0 0 0 0 0 0 0 0 0 0 0 0 0 0 0 0 0 0
 0 0 0 0 0 0 0 0 0 0 0 0 0 0 0 0 0 0 0 0
 0 0 0 0 0 0 0 0 0 0 0 0 0 0 0
 0 0 0 0 0 0 0 0 0 0 0 0 0 0 0 0 0 0 0 0
 0 0 0 0 0 0 0 0 0 0 0 0 0 0 0 0 0 0 0 0
 0 0 0 0 0 0 0 0 0 0 0 0 0 0 0 0 0 0 0 0
 0 0 0 0 0 0 0 0 0 0 0 0 0 0 0
 0 0 0 0 0 0 0 0 0 0 0 0 0 0 0 0 0 0 0 0
 0 0 0 0 0 0 0 0 0 0 0 0 0 0 0 0 0 0 0 0
 0 0 0 0 0 0 0 0 0 0 0 0 0 0 0 0 0 0 0 0
 0 0 0 0 0 0 0 0 0 0 0 0 0 0 0
 0 0 0 0 0 0 0 0 0 0 0 0 0 0 0 0 0 0 0 0
 0 0 0 0 0 0 0 0 0 0 0 0 0 0 0 0 0 0 0 0
 0 0 0 0 0 0 0 0 0 0 0 0 0 0 0 0 0 0 0 0
 0 0 0 0 0 0 0 0 0 0 0 0 0 0 0
 0 .15 0 0 .05 0 .30 0 .15 .15 .30 .10 0 .15 .05 0 .30 .30 0 0
 .15 .10 0 0 0 .30 0 .15 0 .15 0 .15 .30 0 0 0 .10 0 .30 .30
 .15 0 0 0 0 0 0 .15 .15 .30 0 .30 .15 .30 0 0 .30 0 .30 .30
 0 .30 0 0 0 .15 .30 .15 .15 .15 0 .15 .10 .05 .05
 0 .15 .15 .15 .05 0 0 0 0 .32 .15 .10 0 .15 .15 .15 .15 .32 .15 0
 0 .10 0 .15 0 0 .15 .32 0 .15 0 .15 .15 0 0 .15 .10 0 .32 .32
 .15 .15 0 0 0 .15 0 .32 .32 .32 0 0 .15 .32 0 0 0 0 .32 0
 0 .32 0 .15 0 .15 .32 .15 .15 0 0 .15 .32 .15 .05
 0 .15 .05 .15 .05 0 0 0 .15 .22 .15 .07 0 .22 .15 .05 .15 .22 .15 0
 .15 .07 0 0 0 0 0 .22 0 .15 0 .22 .15 0 0 .05 .07 0 .22 .22
 .15 .05 0 0 0 .15 0 .22 .22 .22 0 0 0 .22 0 0 0 0 .22 0
 0 .22 0 .05 0 .22 .22 .22 .15 .15 0 .22 0 .15 .05
 .27 .27 .05 0 .05 0 .27 0 .27 0 .27 .27 .27 .27 .27 .05 .27 .27 0 .05
 .27 .27 .27 .27 0 .27 .27 0 .27 .27 .27 .27 .27 .27 .27 .05 .27 .27 .27 .27
 .27 .05 0 .27 .05 0 .05 .27 0 .27 0 .27 .27 .27 .27 .27 .27 .27 .27 .27
 .27 .27 .05 .05 .05 .27 .27 .27 .27 .27 0 .27 .27 .27 .05
 0 0 0 0 0 0 0 0 0 0 0 0 0 0 0 0 0 0 0 0
 0 0 0 0 0 0 0 0 0 0 0 0 0 0 0 0 0 0 0 0
 0 0 0 0 0 0 0 0 0 0 0 0 0 0 0 0 0 0 0 0
 0 0 0 0 0 0 0 0 0 0 0 0 0 0 0
 0 0 0 0 0 0 0 0 0 0 0 0 0 0 0 0 0 0 0 0
 0 0 0 0 0 0 0 0 0 0 0 0 0 0 0 0 0 0 0 0
 0 0 0 0 0 0 0 0 0 0 0 0 0 0 0 0 0 0 0 0
 0 0 0 0 0 0 0 0 0 0 0 0 0 0 0
 0 .15 0 0 .05 0 0 0 .15 .25 .25 .10 0 .15 0 0 .25 .25 0 0
 .15 .10 0 0 0 0 .05 .25 0 .15 0 .15 .25 0 0 0 .10 0 .25 .25
 .06 0 0 0 0 0 0 .25 .25 .25 0 0 .15 .25 0 0 0 0 .25 0
 0 .25 0 0 0 .15 .25 .15 .15 .15 0 .15 .10 0 .05
 .15 .30 .15 .15 .15 .15 .15 .15 .15 .30 .30 .15 .15 0 .30 .15 .30 .30 .15 .15
 .15 .15 .30 .30 .15 .15 .30 .30 .30 .30 .15 0 .30 .30 .15 .15 .15 .30 .30 .30
 .15 .15 .15 .30 .15 .15 .15 .30 .30 .30 .15 .15 .30 .30 .15 .15 .15 .15 .30 .15
 .30 .30 .15 .15 .15 0 .30 0 .30 .15 .15 0 .15 .30 .15
 0 0 0 0 0 0 0 0 0 0 0 0 0 0 0 0 0 0 0 0
 0 0 0 0 0 0 0 0 0 0 0 0 0 0 0 0 0 0 0 0
 0 0 0 0 0 0 0 0 0 0 0 0 0 0 0 0 0 0 0 0
 0 0 0 0 0 0 0 0 0 0 0 0 0 0 0
 0 0 0 0 0 0 0 0 0 0 0 0 0 0 0 0 0 0 0 0
 0 0 0 0 0 0 0 0 0 0 0 0 0 0 0 0 0 0 0 0
 0 0 0 0 0 0 0 0 0 0 0 0 0 0 0 0 0 0 0 0
 0 0 0 0 0 0 0 0 0 0 0 0 0 0 0
 0 .15 0 0 .05 0 0 0 .15 .25 .25 .10 0 .15 0 0 .25 .25 0 0
 .15 .10 0 0 0 0 .05 .25 0 .15 0 .15 .25 0 0 0 .10 0 .25 .25
 .06 0 0 0 0 0 0 .25 .25 .25 0 0 .15 .25 0 0 0 0 .25 0
 0 .25 0 0 0 .15 .25 .15 .15 .15 0 .15 .10 0 .05
 0 .35 0 .05 .05 .05 .15 .05 .15 .15 .35 .10 0 .15 .35 0 .35 .35 .05 .05
 .15 .10 .05 0 0 .15 .05 .15 .05 .35 0 .15 .35 .05 0 0 .10 .05 .35 .35
 .15 0 0 .05 .05 .05 .05 .35 .15 .35 .05 .15 .35 .35 .10 .10 .15 .10 .35 .15
 .05 .35 .05 0 .05 .15 .35 .15 .35 .15 0 .15 .10 .35 .05
 0 0 0 0 0 0 0 0 0 0 0 0 0 0 0 0 0 0 0 0
 0 0 0 0 0 0 0 0 0 0 0 0 0 0 0 0 0 0 0 0
 0 0 0 0 0 0 0 0 0 0 0 0 0 0 0 0 0 0 0 0
 0 0 0 0 0 0 0 0 0 0 0 0 0 0 0
 0 0 0 0 0 0 0 0 0 0 0 0 0 0 0 0 0 0 0 0
 0 0 0 0 0 0 0 0 0 0 0 0 0 0 0 0 0 0 0 0
 0 0 0 0 0 0 0 0 0 0 0 0 0 0 0 0 0 0 0 0
 0 0 0 0 0 0 0 0 0 0 0 0 0 0 0
 .20 .20 .20 .20 .20 .20 .20 .20 .20 .20 .20 .20 .20 .20 .20 .20 .20 0 .20 .20
 .20 .20 .20 .20 .20 .20 .20 .20 .20 .20 .20 .20 .20 .20 .20 .20 .20 .20 0 0
 .20 .20 .20 .20 .20 .20 .20 .20 .20 0 .20 .20 .20 .20 .20 .20 .20 .20 0 .20
 .20 .20 .20 .20 .20 .20 0 .20 .20 .20 .20 .20 .20 .20 .20
 .20 .20 .20 .20 .20 .20 .20 .20 .20 .20 .20 .20 .20 .20 .20 .20 .20 0 .20 .20
 .20 .20 .20 .20 .20 .20 .20 .20 .20 .20 .20 .20 .20 .20 .20 .20 .20 .20 0 0
 .20 .20 .20 .20 .20 .20 .20 .20 .20 0 .20 .20 .20 .20 .20 .20 .20 .20 0 .20
 .20 .20 .20 .20 .20 .20 0 .20 .20 .20 .20 .20 .20 .20 .20
 .05 .15 .15 .15 .06 .10 .15 .10 .15 .25 .10 .10 .05 .15 .15 .15 .10 .25 .15 .15
 .15 .10 .25 .05 .15 .15 .15 .25 .25 .15 .05 .15 .10 .25 .05 .15 .10 .25 .25 .25
 0 .15 .15 .25 .10 .15 .15 .15 .25 .25 .10 .15 .15 .25 .15 .15 .15 .15 .25 .15
 .25 .25 .10 .15 .15 .15 .25 .15 .15 .15 .15 .15 .15 .15 .06
 0 .35 0 .05 .05 .05 .15 .05 .15 .15 .35 .10 0 .15 .35 0 .35 .35 .05 .05
 .15 .10 .05 0 0 .15 .05 .15 .05 .35 0 .15 .35 .05 0 0 .10 .05 .35 .35
 .15 0 0 .05 .05 .05 .05 .35 .15 .35 .05 .15 .35 .35 .10 .10 .15 .10 .35 .15
 .05 .35 .05 0 .05 .15 .35 .15 .35 .15 0 .15 .10 .35 .05
 0 .25 0 0 .05 0 0 0 .15 0 .25 .10 0 .15 .25 0 .25 .25 0 0
 .15 .10 0 0 0 0 0 0 0 .25 0 .15 .25 0 0 0 .10 0 .25 .25
 .15 0 0 0 0 0 0 .20 0 .25 0 0 .15 .25 0 0 0 0 .25 0
 0 .25 0 0 0 .15 .25 .15 .25 .15 0 .15 .10 .25 .05
 0 0 0 0 0 0 0 0 0 0 0 0 0 0 0 0 0 0 0 0
 0 0 0 0 0 0 0 0 0 0 0 0 0 0 0 0 0 0 0 0
 0 0 0 0 0 0 0 0 0 0 0 0 0 0 0 0 0 0 0 0
 0 0 0 0 0 0 0 0 0 0 0 0 0 0 0
 .05 .05 .05 .05 .05 .05 .05 .05 .05 .05 .05 .05 .05 .05 .05 .05 .05 .05 .05 .05
 .05 .05 .05 .05 .05 .05 .05 .05 .05 .05 .05 .05 .05 .05 .05 .05 .05 .05 .05 .05
 .05 .05 .05 .05 0 .05 .05 .05 .05 .05 .05 .05 .05 .05 .05 .05 .05 .05 .05 .05
 .05 .05 .05 .05 .05 .05 .05 .05 .05 .05 .05 .05 .05 .05 .05
 0 .15 .05 0 .15 0 .15 0 .15 0 .25 .15 0 .15 .15 .05 .25 .25 0 .05
 .15 .15 .20 .05 0 .15 .15 0 .20 .15 0 .15 .25 .20 0 .05 .15 .20 .25 .25
 .15 .05 0 .20 .05 0 .05 .15 0 .25 0 .15 .20 .25 .05 .05 .15 .05 .25 .15
 .20 .25 .05 .05 .05 .15 .25 .15 .15 .15 0 .15 .15 .15 .15
 0 .15 .05 0 .05 0 0 0 .15 .25 .15 .15 0 .15 .15 .05 .15 .25 0 0
 .15 .15 0 0 0 0 0 .25 0 .15 0 .15 .15 0 0 .05 .15 0 .25 .25
 .15 .05 0 0 0 0 0 .15 .25 .25 0 0 .15 .25 0 0 0 0 .25 0
 0 .25 0 .05 0 .15 .25 .15 .15 .15 0 .15 .10 .15 .05
 .10 .10 .10 .15 .10 .10 .10 .10 .10 .10 .10 .10 .10 .10 .10 .10 .10 .10 .15 .15
 .10 .10 .10 .10 .15 .10 .10 .10 .10 .10 .10 .10 .10 .10 .10 .10 .10 .10 .10 .10
 .15 .10 .15 .10 .15 .15 .15 0 .10 .10 .10 .10 .10 .10 .10 .10 .10 .10 .10 .10
 .10 .10 .10 .10 .15 .10 .10 .10 .10 .10 .15 .10 .10 .10 .10
 .27 .27 .05 0 .05 0 .27 0 .27 0 .27 .27 .27 .27 .27 .05 .27 .27 0 .05
 .27 .27 .27 .27 0 .27 .27 0 .27 .27 .27 .27 .27 .27 .27 .05 .27 .27 .27 .27
 .27 .05 0 .27 .05 0 .05 .27 0 .27 0 .27 .27 .27 .27 .27 .27 .27 .27 .27
 .27 .27 .05 .05 .05 .27 .27 .27 .27 .27 0 .27 .27 .27 .05
 .20 .20 .20 .20 .20 .20 .20 .20 .20 .20 .20 .20 .20 .20 .20 .20 .20 0 .20 .20
 .20 .20 .20 .20 .20 .20 .20 .20 .20 .20 .20 .20 .20 .20 .20 .20 .20 .20 0 0
 .20 .20 .20 .20 .20 .20 .20 .20 .20 0 .20 .20 .20 .20 .20 .20 .20 .20 0 .20
 .20 .20 .20 .20 .20 .20 0 .20 .20 .20 .20 .20 .20 .20 .20
 0 .15 0 0 .05 0 0 0 .15 0 .28 .10 0 .15 .05 0 .28 .28 0 0
 .15 .10 0 0 0 0 0 0 0 .15 0 .15 .28 0 0 0 .10 0 .28 .28
 .10 0 0 0 0 0 0 .28 0 .28 0 0 0 .28 0 0 0 0 .28 0
 0 .28 0 0 0 .15 .28 .15 .15 .15 0 .15 .10 .05 .05
 0 .15 .15 .15 .05 0 0 0 0 .32 .15 .10 0 .15 .15 .15 .15 .32 .15 0
 0 .10 0 .15 0 0 .15 .32 0 .15 0 .15 .15 0 0 .15 .10 0 .32 .32
 .15 .15 0 0 0 .15 0 .32 .32 .32 0 0 .15 .32 0 0 0 0 .32 0
 0 .32 0 .15 0 .15 .32 .15 .15 0 0 .15 .32 .15 .05
 .15 .15 0 .15 .05 0 .15 0 .15 .15 .15 .15 .15 .15 .15 0 .15 .15 .15 .15
 .15 .15 .15 .15 .05 .15 0 .15 .15 .15 .15 .15 .15 .15 .15 0 .15 .15 .15 .15
 .15 0 .15 .15 0 .15 .15 .15 .15 .15 0 .15 0 .15 .15 .15 .15 .15 .15 .15
 .15 .15 .15 0 .15 .15 .15 .15 .15 .15 .15 .15 .15 .15 .05
 0 0 0 0 0 0 0 0 0 0 0 0 0 0 0 0 0 0 0 0
 0 0 0 0 0 0 0 0 0 0 0 0 0 0 0 0 0 0 0 0
 0 0 0 0 0 0 0 0 0 0 0 0 0 0 0 0 0 0 0 0
 0 0 0 0 0 0 0 0 0 0 0 0 0 0 0
 0 .15 .10 .05 .05 0 0 0 .15 .25 .25 .10 0 .15 .15 .10 .25 .25 .05 0
 .15 .10 0 0 0 0 0 .25 0 .15 0 .15 .25 0 0 .10 .10 0 .25 .25
 .15 .10 0 0 0 .05 0 .25 .25 .25 0 0 .15 .25 0 0 0 0 .25 0
 0 .25 0 .10 0 .15 .25 .15 .15 .15 0 .15 .10 .15 .05
 0 .15 .10 .05 .05 0 0 0 .15 .25 .25 .10 0 .15 .15 .10 .25 .25 .05 0
 .15 .10 0 0 0 0 0 .25 0 .15 0 .15 .25 0 0 .10 .10 0 .25 .25
 .15 .10 0 0 0 .05 0 .25 .25 .25 0 0 .15 .25 0 0 0 0 .25 0
 0 .25 0 .10 0 .15 .25 .15 .15 .15 0 .15 .10 .15 .05
 0 .15 .15 .15 .05 0 0 0 0 .32 .15 .10 0 .15 .15 .15 .15 .32 .15 0
 0 .10 0 .15 0 0 .15 .32 0 .15 0 .15 .15 0 0 .15 .10 0 .32 .32
 .15 .15 0 0 0 .15 0 .32 .32 .32 0 0 .15 .32 0 0 0 0 .32 0
 0 .32 0 .15 0 .15 .32 .15 .15 0 0 .15 .32 .15 .05
 0 .15 .10 .05 .05 0 0 0 .15 .25 .25 .10 0 .15 .15 .10 .25 .25 .05 0
 .15 .10 0 0 0 0 0 .25 0 .15 0 .15 .25 0 0 .10 .10 0 .25 .25
 .15 .10 0 0 0 .05 0 .25 .25 .25 0 0 .15 .25 0 0 0 0 .25 0
 0 .25 0 .10 0 .15 .25 .15 .15 .15 0 .15 .10 .15 .05
 .20 .20 .20 .20 .20 .20 .20 .20 .20 .20 .20 .20 .20 .20 .20 .20 .20 0 .20 .20
 .20 .20 .20 .20 .20 .20 .20 .20 .20 .20 .20 .20 .20 .20 .20 .20 .20 .20 0 0
 .20 .20 .20 .20 .20 .20 .20 .20 .20 0 .20 .20 .20 .20 .20 .20 .20 .20 0 .20
 .20 .20 .20 .20 .20 .20 0 .20 .20 .20 .20 .20 .20 .20 .20
 0 .15 .15 .15 .05 0 0 0 0 .32 .15 .10 0 .15 .15 .15 .15 .32 .15 0
 0 .10 0 .15 0 0 .15 .32 0 .15 0 .15 .15 0 0 .15 .10 0 .32 .32
 .15 .15 0 0 0 .15 0 .32 .32 .32 0 0 .15 .32 0 0 0 0 .32 0
 0 .32 0 .15 0 .15 .32 .15 .15 0 0 .15 .32 .15 .05
 0 0 0 0 0 0 0 0 0 0 0 0 0 0 0 0 0 0 0 0
 0 0 0 0 0 0 0 0 0 0 0 0 0 0 0 0 0 0 0 0
 0 0 0 0 0 0 0 0 0 0 0 0 0 0 0 0 0 0 0 0
 0 0 0 0 0 0 0 0 0 0 0 0 0 0 0
 0 0 0 0 0 0 0 0 0 0 0 0 0 0 0 0 0 0 0 0
 0 0 0 0 0 0 0 0 0 0 0 0 0 0 0 0 0 0 0 0
 0 0 0 0 0 0 0 0 0 0 0 0 0 0 0 0 0 0 0 0
 0 0 0 0 0 0 0 0 0 0 0 0 0 0 0
 0 .15 .05 .05 .05 0 0 0 .15 .25 .15 .10 0 .15 .05 .05 .15 .25 .05 0
 .15 .10 0 0 0 0 0 .25 0 .15 0 .15 .15 0 0 .05 .10 0 .25 .25
 .10 .05 0 0 0 .05 0 .25 .25 .25 0 0 .15 .25 0 0 0 0 .25 0
 0 .25 0 .05 0 .15 .25 .15 .15 .15 0 .15 .10 .05 .05
 0 .35 0 .05 .05 .05 .15 .05 .15 .15 .35 .10 0 .15 .35 0 .35 .35 .05 .05
 .15 .10 .05 0 0 .15 .05 .15 .05 .35 0 .15 .35 .05 0 0 .10 .05 .35 .35
 .15 0 0 .05 .05 .05 .05 .35 .15 .35 .05 .15 .35 .35 .10 .10 .15 .10 .35 .15
 .05 .35 .05 0 .05 .15 .35 .15 .35 .15 0 .15 .10 .35 .05
 0 .15 .05 0 .05 0 0 0 .15 .25 .15 .15 0 .15 .15 .05 .15 .25 0 0
 .15 .15 0 0 0 0 0 .25 0 .15 0 .15 .15 0 0 .05 .15 0 .25 .25
 .15 .05 0 0 0 0 0 .15 .25 .25 0 0 .15 .25 0 0 0 0 .25 0
 0 .25 0 .05 0 .15 .25 .15 .15 .15 0 .15 .10 .15 .05
 .15 .30 .15 .15 .15 .15 .15 .15 .15 .30 .30 .15 .15 0 .30 .15 .30 .30 .15 .15
 .15 .15 .30 .30 .15 .15 .30 .30 .30 .30 .15 0 .30 .30 .15 .15 .15 .30 .30 .30
 .15 .15 .15 .30 .15 .15 .15 .30 .30 .30 .15 .15 .30 .30 .15 .15 .15 .15 .30 .15
 .30 .30 .15 .15 .15 0 .30 0 .30 .15 .15 0 .15 .30 .15
 .20 .20 .20 .20 .20 .20 .20 .20 .20 .20 .20 .20 .20 .20 .20 .20 .20 0 .20 .20
 .20 .20 .20 .20 .20 .20 .20 .20 .20 .20 .20 .20 .20 .20 .20 .20 .20 .20 0 0
 .20 .20 .20 .20 .20 .20 .20 .20 .20 0 .20 .20 .20 .20 .20 .20 .20 .20 0 .20
 .20 .20 .20 .20 .20 .20 0 .20 .20 .20 .20 .20 .20 .20 .20
 .15 .30 .15 .15 .15 .15 .15 .15 .15 .30 .30 .15 .15 0 .30 .15 .30 .30 .15 .15
 .15 .15 .30 .30 .15 .15 .30 .30 .30 .30 .15 0 .30 .30 .15 .15 .15 .30 .30 .30
 .15 .15 .15 .30 .15 .15 .15 .30 .30 .30 .15 .15 .30 .30 .15 .15 .15 .15 .30 .15
 .30 .30 .15 .15 .15 0 .30 0 .30 .15 .15 0 .15 .30 .15
 0 0 0 0 0 0 0 0 0 0 0 0 0 0 0 0 0 0 0 0
 0 0 0 0 0 0 0 0 0 0 0 0 0 0 0 0 0 0 0 0
 0 0 0 0 0 0 0 0 0 0 0 0 0 0 0 0 0 0 0 0
 0 0 0 0 0 0 0 0 0 0 0 0 0 0 0
 0 0 0 0 0 0 0 0 0 0 0 0 0 0 0 0 0 0 0 0
 0 0 0 0 0 0 0 0 0 0 0 0 0 0 0 0 0 0 0 0
 0 0 0 0 0 0 0 0 0 0 0 0 0 0 0 0 0 0 0 0
 0 0 0 0 0 0 0 0 0 0 0 0 0 0 0
 0 .25 0 0 .05 0 0 0 .15 0 .25 .10 0 .15 .25 0 .25 .25 0 0
 .15 .10 0 0 0 0 0 0 0 .25 0 .15 .25 0 0 0 .10 0 .25 .25
 .15 0 0 0 0 0 0 .20 0 .25 0 0 .15 .25 0 0 0 0 .25 0
 0 .25 0 0 0 .15 .25 .15 .25 .15 0 .15 .10 .25 .05
 .15 .30 .15 .15 .15 .15 .15 .15 .15 .30 .30 .15 .15 0 .30 .15 .30 .30 .15 .15
 .15 .15 .30 .30 .15 .15 .30 .30 .30 .30 .15 0 .30 .30 .15 .15 .15 .30 .30 .30
 .15 .15 .15 .30 .15 .15 .15 .30 .30 .30 .15 .15 .30 .30 .15 .15 .15 .15 .30 .15
 .30 .30 .15 .15 .15 0 .30 0 .30 .15 .15 0 .15 .30 .15
 .10 .20 .10 .15 .15 .10 .10 .10 .15 .20 .20 .20 .10 .15 .20 .10 .20 .20 .15 .10
 .15 .20 .20 .10 .15 .10 .10 .20 .20 .20 .10 .15 .20 .20 .10 .10 .20 .20 .20 .20
 .15 .10 .10 .20 .10 .15 .10 .20 .20 .20 .10 .10 .20 .20 .15 .15 .10 .15 .20 .10
 .20 .20 .10 .10 .10 .15 .20 .15 .20 .15 .10 .15 0 .20 .15
 0 0 0 0 0 0 0 0 0 0 0 0 0 0 0 0 0 0 0 0
 0 0 0 0 0 0 0 0 0 0 0 0 0 0 0 0 0 0 0 0
 0 0 0 0 0 0 0 0 0 0 0 0 0 0 0 0 0 0 0 0
 0 0 0 0 0 0 0 0 0 0 0 0 0 0 0
 .05 .30 .05 .15 0 .05 .05 .05 .15 .05 .30 .10 .05 .15 .05 .05 .30 .30 .15 .05
 .15 .10 .30 .05 .05 .05 .05 .05 .30 .30 .05 .15 .30 .30 .05 .05 .10 .30 .30 .30
 .05 .05 .05 .30 .05 .15 .05 .30 .05 .30 .05 .05 .05 .30 .05 .05 .05 .05 .30 .05
 .30 .30 .05 .05 .05 .15 .30 .15 .30 .15 .05 .15 .15 .05 0
