 100 66	 
 4 .35 .35 407
 3 .33 .33 257
 2 .33 .33 29
 1 0 .33 165
 2 .28 .28 167
 2 .33 .33 413
 3 .35 .35 407
 2 .25 .25 87
 1 0 .34 321
 2 .35 .35 257
 2 .30 .30 0
 3 .33 .33 264
 3 .35 .35 108
 3 .46 .46 180
 1 0 .33 413
 3 .46 .46 0
 3 .35 .35 96
 3 .33 .33 268
 2 .40 .40 172
 2 .37 .37 99
 2 .28 .28 277
 2 .28 .28 355
 2 .28 .28 0
 1 0 .34 102
 4 .35 .35 422
 2 .35 .35 359
 2 .25 .25 0
 3 0 .35 85
 4 0 .43 33
 3 .46 .46 197
 2 .24 .24 393
 4 .20 .40 146
 1 0 .10 228
 2 .33 .33 0
 2 .35 .35 343
 3 .35 .35 0
 4 .35 .35 400
 2 0.01 .33 0
 3 .45 .45 670
 2 .33 .33 27
 2 .37 .37 81
 3 .35 .35 112
 3 .46 .46 0
 3 0 .35 105
 1 0 .35 41
 3 .46 .46 0
 2 .33 .33 466
 4 .20 .40 150
 1 0 .35 34
 1 0 .33 204
 1 0 .35 119
 2 .33 .33 27
 3 .33 .33 345
 3 0 .35 0
 2 .24 .24 346
 2 .28 .28 117
 2 .28 .28 125
 2 .24 .24 459
 3 .35 .35 386
 1 0 .34 0
 2 .40 .40 165
 2 .25 .25 94
 1 0 .35 41
 2 .35 .35 341
 4 .35 .35 388
 4 .20 .40 128
 4 .35 .35 411
 1 0 .34 317
 1 0 .33 343
 2 .40 .40 180
 3 .35 .35 442
 1 0 .35 120
 1 0 .33 0
 1 0 .35 40
 2 .28 .28 267
 2 .45 .45 0
 2 .30 .30 179
 2 .24 .24 338
 2 .30 .30 205
 4 .17 .17 33
 3 .33 .33 305
 3 .35 .35 337
 2 .33 .33 0
 2 .24 .24 448
 1 0 .34 84
 4 .17 .17 39
 2 .35 .35 316
 2 .45 .45 0
 1 0 .35 82
 2 .45 .45 123
 3 0 .35 81
 2 .40 .40 0
 1 0 .33 180
 2 .25 .25 0
 2 .30 .30 0
 1 0 .35 57
 2 .28 .28 275
 2 .24 .24 360
 2 .37 .37 83
 1 0 .34 99
 0 .05 .05 .15 .05 .15 .05 .30 .05 .30 .30 .05 .10 .05 .05 .05 .10 .05 .30 .05
 .05 .05 .15 .05 0 .30 .30 .05 .30 .05 .10 .05 .05 .15 .30 .05 0 .15 .05 .05
 .05 .10 .05 .05 .05 .05 .15 .05 .05 .15 .05 .05 .05 .05 .10 .05 .05 .10 .05 .05
 .30 .30 .05 .30 0 .05 0 .05 .05 .30 .05 .05 .15 .05 .05 .15 .30 .10 .30 .30
 .05 .05 .05 .10 .05 .30 .30 .15 .05 .15 .05 .30 .15 .30 .30 .05 .15 .10 .05 .05
 .05 0 .05 .05 .05 .05 .05 .05 .05 .05 .05 0 .05 .05 .05 .05 .05 0 .05 .05
 .05 .05 .05 .05 .05 .05 .05 .05 .05 .05 .05 .05 .05 .05 .05 .05 .05 .05 .05 .05
 .05 .05 .05 .05 .05 .05 .05 .05 .05 .05 .05 .05 0 .05 .05 .05 .05 .05 .05 .05
 .05 .05 .05 .05 .05 .05 .05 .05 .05 .05 .05 .05 .05 .05 .05 .05 .05 .05 .05 .05
 0 .05 .05 .05 .05 .05 .05 .05 .05 .05 .05 .05 .05 .05 .05 .05 .05 .05 .05 .05
 .05 .05 0 .27 0 .27 .27 .27 0 .27 .27 .05 .27 .27 .05 .27 .27 .05 .27 .27
 0 0 0 .27 .05 .27 .27 .27 .27 .27 .27 .27 .05 .27 .27 .27 .05 .27 .05 0
 .27 .27 .27 .27 .27 .27 .27 .27 .27 .27 .27 0 .05 .27 .27 0 0 .27 .27 0
 .27 .27 .27 .27 .05 .27 .05 0 .05 .27 .27 .27 .27 .27 0 .27 .27 .27 .27 .27
 .05 .27 0 .27 .27 .27 .27 .27 .27 .27 .27 .27 .27 .27 .27 .27 0 .27 .27 .27
 .15 .15 .30 0 .15 .15 .30 .30 .15 .30 .30 .15 .30 .15 .15 .15 .30 .15 .30 .15
 .15 .15 .15 .30 .15 .30 .30 .15 .30 .15 .15 .15 .15 .15 .30 .30 .15 0 .15 .30
 .15 .30 .15 .15 .30 .15 .15 .15 .30 0 .30 .30 .15 .15 .15 .15 .15 .15 .30 .15
 .30 .30 .30 .30 .15 .15 .15 .15 .15 .30 .30 .30 0 .30 .15 .15 .30 .15 .30 .30
 .15 .30 .30 .15 .30 .30 .30 .15 .30 .15 .15 .30 0 .30 .30 .30 .15 .15 .15 .30
 .05 0 .15 .15 0 .15 .15 .30 0 .15 .30 0 0 .15 0 .15 0 0 0 .30
 0 0 0 0 .05 .15 .30 0 .15 .15 .10 0 0 .15 .15 .15 .05 .15 0 .15
 .30 0 .15 0 .05 .15 .15 0 .05 .15 0 .15 0 0 .10 0 0 .10 .15 0
 0 .30 .05 .15 .05 0 .05 0 0 0 .15 0 .15 .05 0 .10 .30 .10 .30 .30
 0 .15 .15 .10 0 .30 .15 .10 0 .10 0 0 .15 .30 .30 .05 0 .10 .30 0
 0 0 0 0 0 0 0 0 0 0 0 0 0 0 0 0 0 0 0 0
 0 0 0 0 0 0 0 0 0 0 0 0 0 0 0 0 0 0 0 0
 0 0 0 0 0 0 0 0 0 0 0 0 0 0 0 0 0 0 0 0
 0 0 0 0 0 0 0 0 0 0 0 0 0 0 0 0 0 0 0 0
 0 0 0 0 0 0 0 0 0 0 0 0 0 0 0 0 0 0 0 0
 .05 0 .15 .15 .05 .15 0 .15 .15 .15 .15 0 .15 .15 .15 .15 .15 0 .15 .15
 0 0 .15 0 .05 .15 .15 .15 .15 .15 .15 .15 0 .15 .15 0 .05 .15 .15 .15
 .15 .15 .15 .15 .15 .15 .15 .15 .15 .15 .15 .15 0 .15 .15 .05 .05 .15 0 .15
 .15 .15 .15 .15 .05 .15 .05 .15 .15 .15 0 .15 .15 .15 0 .15 .15 .15 .15 .15
 0 0 .15 .15 0 .15 .15 .15 .15 .15 .15 .15 .15 .15 .15 .15 .15 .15 .15 0
 .20 .20 .20 .20 .20 .20 .20 0 .20 .20 .20 .20 .20 .20 .20 .20 .20 .20 .20 .20
 .20 .20 .20 .20 .20 .20 0 .20 .20 .20 .20 .20 .20 .20 .20 .20 .20 .20 .20 .20
 .20 .20 .20 .20 .20 .20 .20 .20 .20 .20 .20 .20 .20 .20 .20 .20 .20 .20 .20 .20
 .20 0 .20 .20 .20 .20 .20 .20 .20 .20 .20 .20 .20 .20 .20 .20 .20 .20 .20 .20
 .20 .20 .20 .20 .20 .20 .20 .20 .20 .20 .20 .20 .20 0 .20 .20 .20 .20 .20 .20
 .05 0 0 .15 0 .15 .15 .25 0 .20 .25 0 0 .15 0 .15 0 0 0 0
 0 0 0 0 .05 .20 .25 0 .25 .15 .10 0 0 .15 .20 .15 .05 .15 0 0
 0 0 .15 0 .25 .15 .15 0 .25 .15 0 0 0 0 .10 0 0 .10 .15 0
 0 .25 .25 .20 .05 0 .05 0 0 0 .15 0 .15 .25 0 .10 .25 .10 .25 .25
 0 .15 0 .10 0 .25 .20 .10 0 .10 0 0 .15 .25 .25 .25 0 .10 0 0
 .10 .15 .10 .10 .15 .10 .10 .10 .15 0 .10 .15 .10 .15 .10 .15 .10 .15 .10 .10
 .10 .10 .15 .10 .10 0 .10 .10 .10 .15 .10 .10 .10 .10 0 .10 .10 .10 .15 .10
 .10 .10 .15 .10 .10 .15 .10 .10 .10 .10 .10 .10 .15 .10 .10 .15 .15 .10 .10 .15
 .10 .10 .10 0 .10 .10 .10 .15 .10 .10 .10 .10 .10 .10 .10 .10 .10 .10 .10 .10
 .15 .10 .10 .10 .10 .10 0 .10 .10 .10 .10 .10 .10 .10 .10 .10 .15 .10 .10 .10
 0 0 0 0 0 0 0 0 0 0 0 0 0 0 0 0 0 0 0 0
 0 0 0 0 0 0 0 0 0 0 0 0 0 0 0 0 0 0 0 0
 0 0 0 0 0 0 0 0 0 0 0 0 0 0 0 0 0 0 0 0
 0 0 0 0 0 0 0 0 0 0 0 0 0 0 0 0 0 0 0 0
 0 0 0 0 0 0 0 0 0 0 0 0 0 0 0 0 0 0 0 0
 .05 0 .05 .05 .05 .05 .05 .05 .05 .05 .05 0 .05 .05 .05 .05 .05 0 .05 .05
 .05 .05 .05 .05 .05 .05 .05 .05 .05 .05 .05 .05 .05 .05 .05 .05 .05 .05 .05 .05
 .05 .05 .05 .05 .05 .05 .05 .05 .05 .05 .05 .05 0 .05 .05 .05 .05 .05 .05 .05
 .05 .05 .05 .05 .05 .05 .05 .05 .05 .05 .05 .05 .05 .05 .05 .05 .05 .05 .05 .05
 0 .05 .05 .05 .05 .05 .05 .05 .05 .05 .05 .05 .05 .05 .05 .05 .05 .05 .05 .05
 .10 0 .25 .25 0 .15 .18 .25 0 .25 .10 0 0 .15 0 .15 0 0 0 0
 0 0 .10 0 .10 .25 .25 0 .15 .15 .10 0 .10 .15 .25 .18 .10 .25 0 .25
 0 0 .15 0 .25 .15 .15 0 .25 .25 0 .25 0 0 .10 0 0 .10 .18 0
 0 .25 .25 .25 .10 0 .10 0 0 0 .18 0 .25 .25 0 .25 .10 .10 .10 .25
 0 .18 .25 .10 0 .25 .25 .25 0 .25 0 0 .25 .25 .10 .25 .10 .10 0 0
 .06 .10 .25 .15 .15 .15 .15 .25 .15 .15 .10 .10 .15 0 .10 0 .15 .10 .25 .15
 .10 .10 .15 .15 .06 .15 .25 .05 .15 0 .10 .15 .15 .15 .15 .15 .06 .15 .15 .25
 .15 .15 0 .05 .15 0 .15 .15 .15 .15 .05 .25 .10 .05 .10 .15 .15 .10 .15 .15
 .25 .25 .15 .15 .06 .15 .06 .15 .10 .25 .15 .05 .15 .15 .10 .15 .10 .10 .10 .25
 .10 .15 .25 .10 .15 .25 .15 .15 .05 .15 .05 .25 .15 .25 .10 .15 .15 .10 .15 .15
 .05 0 .25 .15 0 .15 .15 .25 0 .25 .15 0 0 .10 0 .10 0 0 0 0
 0 0 .05 0 .05 .25 .25 0 .15 .10 .10 0 .05 .15 .25 .15 .05 .15 0 .25
 0 0 .10 0 .05 .10 .15 0 .05 .15 0 .25 0 0 .10 0 0 .10 .15 0
 0 .25 .05 .25 .05 0 .05 0 0 0 .15 0 .15 .05 0 .10 .15 .10 .15 .25
 0 .15 .25 .10 0 .25 .25 .10 0 .10 0 0 .15 .25 .15 .05 .05 .10 0 0
 .06 .10 .25 .15 .15 .15 .15 .25 .15 .15 .10 .10 .15 0 .10 0 .15 .10 .25 .15
 .10 .10 .15 .15 .06 .15 .25 .05 .15 0 .10 .15 .15 .15 .15 .15 .06 .15 .15 .25
 .15 .15 0 .05 .15 0 .15 .15 .15 .15 .05 .25 .10 .05 .10 .15 .15 .10 .15 .15
 .25 .25 .15 .15 .06 .15 .06 .15 .10 .25 .15 .05 .15 .15 .10 .15 .10 .10 .10 .25
 .10 .15 .25 .10 .15 .25 .15 .15 .05 .15 .05 .25 .15 .25 .10 .15 .15 .10 .15 .15
 .10 0 .25 .25 0 .15 .18 .25 0 .25 .10 0 0 .15 0 .15 0 0 0 0
 0 0 .10 0 .10 .25 .25 0 .15 .15 .10 0 .10 .15 .25 .18 .10 .25 0 .25
 0 0 .15 0 .25 .15 .15 0 .25 .25 0 .25 0 0 .10 0 0 .10 .18 0
 0 .25 .25 .25 .10 0 .10 0 0 0 .18 0 .25 .25 0 .25 .10 .10 .10 .25
 0 .18 .25 .10 0 .25 .25 .25 0 .25 0 0 .25 .25 .10 .25 .10 .10 0 0
 .05 0 .05 .05 .05 .05 .05 .05 .05 .05 .05 0 .05 .05 .05 .05 .05 0 .05 .05
 .05 .05 .05 .05 .05 .05 .05 .05 .05 .05 .05 .05 .05 .05 .05 .05 .05 .05 .05 .05
 .05 .05 .05 .05 .05 .05 .05 .05 .05 .05 .05 .05 0 .05 .05 .05 .05 .05 .05 .05
 .05 .05 .05 .05 .05 .05 .05 .05 .05 .05 .05 .05 .05 .05 .05 .05 .05 .05 .05 .05
 0 .05 .05 .05 .05 .05 .05 .05 .05 .05 .05 .05 .05 .05 .05 .05 .05 .05 .05 .05
 0 0 0 0 0 0 0 0 0 0 0 0 0 0 0 0 0 0 0 0
 0 0 0 0 0 0 0 0 0 0 0 0 0 0 0 0 0 0 0 0
 0 0 0 0 0 0 0 0 0 0 0 0 0 0 0 0 0 0 0 0
 0 0 0 0 0 0 0 0 0 0 0 0 0 0 0 0 0 0 0 0
 0 0 0 0 0 0 0 0 0 0 0 0 0 0 0 0 0 0 0 0
 .05 0 .32 .15 0 0 .15 .32 0 .32 .15 0 0 .15 0 .15 0 0 0 0
 0 0 .15 .15 .05 .32 .32 0 .15 .15 .10 0 .15 0 .32 .15 .05 .15 0 .32
 0 0 .15 0 .15 .15 0 0 .15 .15 .15 .32 0 0 .10 0 0 .10 .15 0
 0 .32 .15 .32 .05 0 .05 0 0 0 .15 .15 .15 .15 0 .32 .15 .10 .15 .32
 0 .15 .32 .10 .15 .32 .32 .32 .15 .32 0 0 .15 .32 .15 .15 .15 .10 0 .15
 .05 0 0 .15 0 .15 0 .28 0 .28 .28 0 0 .10 0 .10 0 0 0 0
 0 0 0 0 .05 .28 .28 0 .15 .10 .10 0 0 .15 .28 0 .05 .15 0 0
 0 0 .10 0 .05 .10 .15 0 .05 .15 0 0 0 0 .10 0 0 .10 0 0
 0 .28 .05 .28 .05 0 .05 0 0 0 0 0 .15 .05 0 .10 .28 .10 .28 .28
 0 0 0 .10 0 .28 .28 .10 0 .10 0 0 .15 .28 .28 .05 0 .10 0 0
 .05 0 0 .15 0 .15 0 .28 0 .28 .28 0 0 .10 0 .10 0 0 0 0
 0 0 0 0 .05 .28 .28 0 .15 .10 .10 0 0 .15 .28 0 .05 .15 0 0
 0 0 .10 0 .05 .10 .15 0 .05 .15 0 0 0 0 .10 0 0 .10 0 0
 0 .28 .05 .28 .05 0 .05 0 0 0 0 0 .15 .05 0 .10 .28 .10 .28 .28
 0 0 0 .10 0 .28 .28 .10 0 .10 0 0 .15 .28 .28 .05 0 .10 0 0
 .15 .05 0 .15 0 .15 .20 .25 0 .15 .25 .05 .10 .15 .05 .15 .10 .05 .20 .15
 0 0 0 .15 .15 .15 .25 0 .15 .15 .15 .05 .05 .15 .15 .20 .15 .15 .05 0
 .15 .10 .15 0 .15 .15 .15 .05 .15 .15 .05 0 .05 0 .15 0 0 .15 .20 0
 .20 .25 .15 .15 .15 .05 .15 0 .05 .20 .20 .05 .15 .15 0 .15 .25 .15 .25 .25
 .05 .20 0 .15 .15 .25 .15 .15 .05 .15 0 .20 .15 .25 .25 .15 0 .15 .15 .15
 .05 0 .22 .22 0 .15 0 .22 0 .22 .15 0 0 .15 0 .15 0 0 0 0
 0 0 .15 0 .05 .22 .22 0 .15 .15 .07 0 .05 .15 .22 0 .05 .22 0 .22
 0 0 .15 0 .15 .15 .15 0 .15 .22 0 .22 0 0 .07 0 0 .07 0 0
 0 .22 .15 .22 .05 0 .05 0 0 0 0 0 .22 .15 0 0 .15 .07 .15 .22
 0 0 .22 .07 0 .22 .22 0 0 0 0 0 .22 .22 .15 .15 .15 .07 0 0
 0 .05 .05 .15 .05 .15 .05 .30 .05 .30 .30 .05 .10 .05 .05 .05 .10 .05 .30 .05
 .05 .05 .15 .05 0 .30 .30 .05 .30 .05 .10 .05 .05 .15 .30 .05 0 .15 .05 .05
 .05 .10 .05 .05 .05 .05 .15 .05 .05 .15 .05 .05 .05 .05 .10 .05 .05 .10 .05 .05
 .30 .30 .05 .30 0 .05 0 .05 .05 .30 .05 .05 .15 .05 .05 .15 .30 .10 .30 .30
 .05 .05 .05 .10 .05 .30 .30 .15 .05 .15 .05 .30 .15 .30 .30 .05 .15 .10 .05 .05
 .10 .15 .10 .10 .15 .10 .10 .10 .15 0 .10 .15 .10 .15 .10 .15 .10 .15 .10 .10
 .10 .10 .15 .10 .10 0 .10 .10 .10 .15 .10 .10 .10 .10 0 .10 .10 .10 .15 .10
 .10 .10 .15 .10 .10 .15 .10 .10 .10 .10 .10 .10 .15 .10 .10 .15 .15 .10 .10 .15
 .10 .10 .10 0 .10 .10 .10 .15 .10 .10 .10 .10 .10 .10 .10 .10 .10 .10 .10 .10
 .15 .10 .10 .10 .10 .10 0 .10 .10 .10 .10 .10 .10 .10 .10 .10 .15 .10 .10 .10
 .20 .20 .20 .20 .20 .20 .20 0 .20 .20 .20 .20 .20 .20 .20 .20 .20 .20 .20 .20
 .20 .20 .20 .20 .20 .20 0 .20 .20 .20 .20 .20 .20 .20 .20 .20 .20 .20 .20 .20
 .20 .20 .20 .20 .20 .20 .20 .20 .20 .20 .20 .20 .20 .20 .20 .20 .20 .20 .20 .20
 .20 0 .20 .20 .20 .20 .20 .20 .20 .20 .20 .20 .20 .20 .20 .20 .20 .20 .20 .20
 .20 .20 .20 .20 .20 .20 .20 .20 .20 .20 .20 .20 .20 0 .20 .20 .20 .20 .20 .20
 .05 0 .25 .15 0 .15 .15 .25 0 .25 .25 0 0 .06 0 .06 0 0 0 0
 0 0 0 .05 .05 .25 .25 0 .15 .06 .10 0 0 .15 .25 .15 .05 .15 0 .25
 0 0 .06 0 0 .06 .15 0 0 .15 0 .25 0 0 .10 0 0 .10 .15 0
 0 .25 0 .25 .05 0 .05 0 0 0 .15 0 .15 0 0 .10 .25 .10 .25 .25
 0 .15 .25 .10 .05 .25 .25 .10 0 .10 0 0 .15 .25 .25 0 0 .10 0 .05
 0 0 0 0 0 0 0 0 0 0 0 0 0 0 0 0 0 0 0 0
 0 0 0 0 0 0 0 0 0 0 0 0 0 0 0 0 0 0 0 0
 0 0 0 0 0 0 0 0 0 0 0 0 0 0 0 0 0 0 0 0
 0 0 0 0 0 0 0 0 0 0 0 0 0 0 0 0 0 0 0 0
 0 0 0 0 0 0 0 0 0 0 0 0 0 0 0 0 0 0 0 0
 .06 .10 .25 .15 .15 .15 .15 .25 .15 .15 .10 .10 .15 0 .10 0 .15 .10 .25 .15
 .10 .10 .15 .15 .06 .15 .25 .05 .15 0 .10 .15 .15 .15 .15 .15 .06 .15 .15 .25
 .15 .15 0 .05 .15 0 .15 .15 .15 .15 .05 .25 .10 .05 .10 .15 .15 .10 .15 .15
 .25 .25 .15 .15 .06 .15 .06 .15 .10 .25 .15 .05 .15 .15 .10 .15 .10 .10 .10 .25
 .10 .15 .25 .10 .15 .25 .15 .15 .05 .15 .05 .25 .15 .25 .10 .15 .15 .10 .15 .15
 0 0 0 0 0 0 0 0 0 0 0 0 0 0 0 0 0 0 0 0
 0 0 0 0 0 0 0 0 0 0 0 0 0 0 0 0 0 0 0 0
 0 0 0 0 0 0 0 0 0 0 0 0 0 0 0 0 0 0 0 0
 0 0 0 0 0 0 0 0 0 0 0 0 0 0 0 0 0 0 0 0
 0 0 0 0 0 0 0 0 0 0 0 0 0 0 0 0 0 0 0 0
 .05 0 .25 .15 0 .15 .15 .25 0 .25 .25 0 0 .15 0 .15 0 0 0 0
 0 0 .05 0 .05 .25 .25 0 .15 .15 .10 0 .10 .15 .25 .15 .05 .15 0 .25
 0 0 .15 0 .15 .15 .15 0 .15 .15 0 .25 0 0 .10 0 0 .10 .15 0
 0 .25 .15 .25 .05 0 .05 0 0 0 .15 0 .15 .15 0 .10 .25 .10 .25 .25
 0 .15 .25 .10 0 .25 .25 .10 0 .10 0 0 .15 .25 .25 .15 .05 .10 0 0
 .05 .05 .15 .15 0 .15 .35 .35 0 .35 .35 .05 .10 .15 .05 .15 .10 .05 .05 .15
 .05 .05 .05 .05 .05 .35 .35 0 .35 .15 .10 .10 0 .15 .35 .35 .05 .15 .05 .15
 .15 .10 .15 0 .35 .15 .15 .10 .35 .15 0 .15 .05 0 .10 0 0 .10 .35 0
 .05 .35 .35 .35 .05 .10 .05 0 .05 .05 .35 0 .15 .35 .05 .10 .35 .10 .35 .35
 .05 .35 .15 .10 .05 .35 .35 .10 0 .10 0 .05 .15 .35 .35 .35 .05 .10 .15 .05
 0 0 0 0 0 0 0 0 0 0 0 0 0 0 0 0 0 0 0 0
 0 0 0 0 0 0 0 0 0 0 0 0 0 0 0 0 0 0 0 0
 0 0 0 0 0 0 0 0 0 0 0 0 0 0 0 0 0 0 0 0
 0 0 0 0 0 0 0 0 0 0 0 0 0 0 0 0 0 0 0 0
 0 0 0 0 0 0 0 0 0 0 0 0 0 0 0 0 0 0 0 0
 .10 .15 .10 .10 .15 .10 .10 .10 .15 0 .10 .15 .10 .15 .10 .15 .10 .15 .10 .10
 .10 .10 .15 .10 .10 0 .10 .10 .10 .15 .10 .10 .10 .10 0 .10 .10 .10 .15 .10
 .10 .10 .15 .10 .10 .15 .10 .10 .10 .10 .10 .10 .15 .10 .10 .15 .15 .10 .10 .15
 .10 .10 .10 0 .10 .10 .10 .15 .10 .10 .10 .10 .10 .10 .10 .10 .10 .10 .10 .10
 .15 .10 .10 .10 .10 .10 0 .10 .10 .10 .10 .10 .10 .10 .10 .10 .15 .10 .10 .10
 .05 0 .15 .15 .05 .15 0 .15 .15 .15 .15 0 .15 .15 .15 .15 .15 0 .15 .15
 0 0 .15 0 .05 .15 .15 .15 .15 .15 .15 .15 0 .15 .15 0 .05 .15 .15 .15
 .15 .15 .15 .15 .15 .15 .15 .15 .15 .15 .15 .15 0 .15 .15 .05 .05 .15 0 .15
 .15 .15 .15 .15 .05 .15 .05 .15 .15 .15 0 .15 .15 .15 0 .15 .15 .15 .15 .15
 0 0 .15 .15 0 .15 .15 .15 .15 .15 .15 .15 .15 .15 .15 .15 .15 .15 .15 0
 0 .05 .05 .15 .05 .15 .05 .30 .05 .30 .30 .05 .10 .05 .05 .05 .10 .05 .30 .05
 .05 .05 .15 .05 0 .30 .30 .05 .30 .05 .10 .05 .05 .15 .30 .05 0 .15 .05 .05
 .05 .10 .05 .05 .05 .05 .15 .05 .05 .15 .05 .05 .05 .05 .10 .05 .05 .10 .05 .05
 .30 .30 .05 .30 0 .05 0 .05 .05 .30 .05 .05 .15 .05 .05 .15 .30 .10 .30 .30
 .05 .05 .05 .10 .05 .30 .30 .15 .05 .15 .05 .30 .15 .30 .30 .05 .15 .10 .05 .05
 .15 .15 .30 0 .15 .15 .30 .30 .15 .30 .30 .15 .30 .15 .15 .15 .30 .15 .30 .15
 .15 .15 .15 .30 .15 .30 .30 .15 .30 .15 .15 .15 .15 .15 .30 .30 .15 0 .15 .30
 .15 .30 .15 .15 .30 .15 .15 .15 .30 0 .30 .30 .15 .15 .15 .15 .15 .15 .30 .15
 .30 .30 .30 .30 .15 .15 .15 .15 .15 .30 .30 .30 0 .30 .15 .15 .30 .15 .30 .30
 .15 .30 .30 .15 .30 .30 .30 .15 .30 .15 .15 .30 0 .30 .30 .30 .15 .15 .15 .30
 .05 0 .25 .15 0 .15 .15 .25 0 .15 .15 0 0 .15 0 .15 0 0 0 0
 0 0 0 0 .05 .15 .25 0 .15 .15 .15 0 .05 .15 .15 .15 .05 .15 0 .25
 0 0 .15 0 .15 .15 .15 0 .15 .15 0 .25 0 0 .15 0 0 .15 .15 0
 0 .25 .15 .15 .05 0 .05 0 0 0 .15 0 .15 .15 0 .10 .15 .15 .15 .25
 0 .15 .25 .15 0 .25 .15 .10 0 .10 0 0 .15 .25 .15 .15 0 .15 0 0
 .05 .05 0 .27 0 .27 .27 .27 0 .27 .27 .05 .27 .27 .05 .27 .27 .05 .27 .27
 0 0 0 .27 .05 .27 .27 .27 .27 .27 .27 .27 .05 .27 .27 .27 .05 .27 .05 0
 .27 .27 .27 .27 .27 .27 .27 .27 .27 .27 .27 0 .05 .27 .27 0 0 .27 .27 0
 .27 .27 .27 .27 .05 .27 .05 0 .05 .27 .27 .27 .27 .27 0 .27 .27 .27 .27 .27
 .05 .27 0 .27 .27 .27 .27 .27 .27 .27 .27 .27 .27 .27 .27 .27 0 .27 .27 .27
 .05 0 .32 .15 0 0 .15 .32 0 .32 .15 0 0 .15 0 .15 0 0 0 0
 0 0 .15 .15 .05 .32 .32 0 .15 .15 .10 0 .15 0 .32 .15 .05 .15 0 .32
 0 0 .15 0 .15 .15 0 0 .15 .15 .15 .32 0 0 .10 0 0 .10 .15 0
 0 .32 .15 .32 .05 0 .05 0 0 0 .15 .15 .15 .15 0 .32 .15 .10 .15 .32
 0 .15 .32 .10 .15 .32 .32 .32 .15 .32 0 0 .15 .32 .15 .15 .15 .10 0 .15
 .10 0 .25 .25 0 .15 .18 .25 0 .25 .10 0 0 .15 0 .15 0 0 0 0
 0 0 .10 0 .10 .25 .25 0 .15 .15 .10 0 .10 .15 .25 .18 .10 .25 0 .25
 0 0 .15 0 .25 .15 .15 0 .25 .25 0 .25 0 0 .10 0 0 .10 .18 0
 0 .25 .25 .25 .10 0 .10 0 0 0 .18 0 .25 .25 0 .25 .10 .10 .10 .25
 0 .18 .25 .10 0 .25 .25 .25 0 .25 0 0 .25 .25 .10 .25 .10 .10 0 0
 .06 .10 .25 .15 .15 .15 .15 .25 .15 .15 .10 .10 .15 0 .10 0 .15 .10 .25 .15
 .10 .10 .15 .15 .06 .15 .25 .05 .15 0 .10 .15 .15 .15 .15 .15 .06 .15 .15 .25
 .15 .15 0 .05 .15 0 .15 .15 .15 .15 .05 .25 .10 .05 .10 .15 .15 .10 .15 .15
 .25 .25 .15 .15 .06 .15 .06 .15 .10 .25 .15 .05 .15 .15 .10 .15 .10 .10 .10 .25
 .10 .15 .25 .10 .15 .25 .15 .15 .05 .15 .05 .25 .15 .25 .10 .15 .15 .10 .15 .15
 .05 0 .25 .15 0 .15 .15 .25 0 .25 .25 0 0 .06 0 .06 0 0 0 0
 0 0 0 .05 .05 .25 .25 0 .15 .06 .10 0 0 .15 .25 .15 .05 .15 0 .25
 0 0 .06 0 0 .06 .15 0 0 .15 0 .25 0 0 .10 0 0 .10 .15 0
 0 .25 0 .25 .05 0 .05 0 0 0 .15 0 .15 0 0 .10 .25 .10 .25 .25
 0 .15 .25 .10 .05 .25 .25 .10 0 .10 0 0 .15 .25 .25 0 0 .10 0 .05
 0 0 0 0 0 0 0 0 0 0 0 0 0 0 0 0 0 0 0 0
 0 0 0 0 0 0 0 0 0 0 0 0 0 0 0 0 0 0 0 0
 0 0 0 0 0 0 0 0 0 0 0 0 0 0 0 0 0 0 0 0
 0 0 0 0 0 0 0 0 0 0 0 0 0 0 0 0 0 0 0 0
 0 0 0 0 0 0 0 0 0 0 0 0 0 0 0 0 0 0 0 0
 .06 .10 .25 .15 .15 .15 .15 .25 .15 .15 .10 .10 .15 0 .10 0 .15 .10 .25 .15
 .10 .10 .15 .15 .06 .15 .25 .05 .15 0 .10 .15 .15 .15 .15 .15 .06 .15 .15 .25
 .15 .15 0 .05 .15 0 .15 .15 .15 .15 .05 .25 .10 .05 .10 .15 .15 .10 .15 .15
 .25 .25 .15 .15 .06 .15 .06 .15 .10 .25 .15 .05 .15 .15 .10 .15 .10 .10 .10 .25
 .10 .15 .25 .10 .15 .25 .15 .15 .05 .15 .05 .25 .15 .25 .10 .15 .15 .10 .15 .15
 0 0 0 0 0 0 0 0 0 0 0 0 0 0 0 0 0 0 0 0
 0 0 0 0 0 0 0 0 0 0 0 0 0 0 0 0 0 0 0 0
 0 0 0 0 0 0 0 0 0 0 0 0 0 0 0 0 0 0 0 0
 0 0 0 0 0 0 0 0 0 0 0 0 0 0 0 0 0 0 0 0
 0 0 0 0 0 0 0 0 0 0 0 0 0 0 0 0 0 0 0 0
 .05 0 .25 .15 0 .15 .15 .25 0 .25 .25 0 0 .15 0 .15 0 0 0 0
 0 0 .05 0 .05 .25 .25 0 .15 .15 .10 0 .10 .15 .25 .15 .05 .15 0 .25
 0 0 .15 0 .15 .15 .15 0 .15 .15 0 .25 0 0 .10 0 0 .10 .15 0
 0 .25 .15 .25 .05 0 .05 0 0 0 .15 0 .15 .15 0 .10 .25 .10 .25 .25
 0 .15 .25 .10 0 .25 .25 .10 0 .10 0 0 .15 .25 .25 .15 .05 .10 0 0
 0 0 0 0 0 0 0 0 0 0 0 0 0 0 0 0 0 0 0 0
 0 0 0 0 0 0 0 0 0 0 0 0 0 0 0 0 0 0 0 0
 0 0 0 0 0 0 0 0 0 0 0 0 0 0 0 0 0 0 0 0
 0 0 0 0 0 0 0 0 0 0 0 0 0 0 0 0 0 0 0 0
 0 0 0 0 0 0 0 0 0 0 0 0 0 0 0 0 0 0 0 0
 .15 .15 .30 0 .15 .15 .30 .30 .15 .30 .30 .15 .30 .15 .15 .15 .30 .15 .30 .15
 .15 .15 .15 .30 .15 .30 .30 .15 .30 .15 .15 .15 .15 .15 .30 .30 .15 0 .15 .30
 .15 .30 .15 .15 .30 .15 .15 .15 .30 0 .30 .30 .15 .15 .15 .15 .15 .15 .30 .15
 .30 .30 .30 .30 .15 .15 .15 .15 .15 .30 .30 .30 0 .30 .15 .15 .30 .15 .30 .30
 .15 .30 .30 .15 .30 .30 .30 .15 .30 .15 .15 .30 0 .30 .30 .30 .15 .15 .15 .30
 0 0 0 0 0 0 0 0 0 0 0 0 0 0 0 0 0 0 0 0
 0 0 0 0 0 0 0 0 0 0 0 0 0 0 0 0 0 0 0 0
 0 0 0 0 0 0 0 0 0 0 0 0 0 0 0 0 0 0 0 0
 0 0 0 0 0 0 0 0 0 0 0 0 0 0 0 0 0 0 0 0
 0 0 0 0 0 0 0 0 0 0 0 0 0 0 0 0 0 0 0 0
 .05 .05 0 .27 0 .27 .27 .27 0 .27 .27 .05 .27 .27 .05 .27 .27 .05 .27 .27
 0 0 0 .27 .05 .27 .27 .27 .27 .27 .27 .27 .05 .27 .27 .27 .05 .27 .05 0
 .27 .27 .27 .27 .27 .27 .27 .27 .27 .27 .27 0 .05 .27 .27 0 0 .27 .27 0
 .27 .27 .27 .27 .05 .27 .05 0 .05 .27 .27 .27 .27 .27 0 .27 .27 .27 .27 .27
 .05 .27 0 .27 .27 .27 .27 .27 .27 .27 .27 .27 .27 .27 .27 .27 0 .27 .27 .27
 .05 0 .05 .05 .05 .05 .05 .05 .05 .05 .05 0 .05 .05 .05 .05 .05 0 .05 .05
 .05 .05 .05 .05 .05 .05 .05 .05 .05 .05 .05 .05 .05 .05 .05 .05 .05 .05 .05 .05
 .05 .05 .05 .05 .05 .05 .05 .05 .05 .05 .05 .05 0 .05 .05 .05 .05 .05 .05 .05
 .05 .05 .05 .05 .05 .05 .05 .05 .05 .05 .05 .05 .05 .05 .05 .05 .05 .05 .05 .05
 0 .05 .05 .05 .05 .05 .05 .05 .05 .05 .05 .05 .05 .05 .05 .05 .05 .05 .05 .05
 .05 0 .25 .15 0 .15 .15 .25 0 .25 .25 0 0 .06 0 .06 0 0 0 0
 0 0 0 .05 .05 .25 .25 0 .15 .06 .10 0 0 .15 .25 .15 .05 .15 0 .25
 0 0 .06 0 0 .06 .15 0 0 .15 0 .25 0 0 .10 0 0 .10 .15 0
 0 .25 0 .25 .05 0 .05 0 0 0 .15 0 .15 0 0 .10 .25 .10 .25 .25
 0 .15 .25 .10 .05 .25 .25 .10 0 .10 0 0 .15 .25 .25 0 0 .10 0 .05
 0 0 0 0 0 0 0 0 0 0 0 0 0 0 0 0 0 0 0 0
 0 0 0 0 0 0 0 0 0 0 0 0 0 0 0 0 0 0 0 0
 0 0 0 0 0 0 0 0 0 0 0 0 0 0 0 0 0 0 0 0
 0 0 0 0 0 0 0 0 0 0 0 0 0 0 0 0 0 0 0 0
 0 0 0 0 0 0 0 0 0 0 0 0 0 0 0 0 0 0 0 0
 .05 0 .15 .15 0 .15 .15 .30 0 .15 .30 0 0 .15 0 .15 0 0 0 .30
 0 0 0 0 .05 .15 .30 0 .15 .15 .10 0 0 .15 .15 .15 .05 .15 0 .15
 .30 0 .15 0 .05 .15 .15 0 .05 .15 0 .15 0 0 .10 0 0 .10 .15 0
 0 .30 .05 .15 .05 0 .05 0 0 0 .15 0 .15 .05 0 .10 .30 .10 .30 .30
 0 .15 .15 .10 0 .30 .15 .10 0 .10 0 0 .15 .30 .30 .05 0 .10 .30 0
 .05 0 .15 .15 0 .15 .15 .30 0 .15 .30 0 0 .15 0 .15 0 0 0 .30
 0 0 0 0 .05 .15 .30 0 .15 .15 .10 0 0 .15 .15 .15 .05 .15 0 .15
 .30 0 .15 0 .05 .15 .15 0 .05 .15 0 .15 0 0 .10 0 0 .10 .15 0
 0 .30 .05 .15 .05 0 .05 0 0 0 .15 0 .15 .05 0 .10 .30 .10 .30 .30
 0 .15 .15 .10 0 .30 .15 .10 0 .10 0 0 .15 .30 .30 .05 0 .10 .30 0
 0 0 0 0 0 0 0 0 0 0 0 0 0 0 0 0 0 0 0 0
 0 0 0 0 0 0 0 0 0 0 0 0 0 0 0 0 0 0 0 0
 0 0 0 0 0 0 0 0 0 0 0 0 0 0 0 0 0 0 0 0
 0 0 0 0 0 0 0 0 0 0 0 0 0 0 0 0 0 0 0 0
 0 0 0 0 0 0 0 0 0 0 0 0 0 0 0 0 0 0 0 0
 .05 0 .15 .15 .05 .15 0 .15 .15 .15 .15 0 .15 .15 .15 .15 .15 0 .15 .15
 0 0 .15 0 .05 .15 .15 .15 .15 .15 .15 .15 0 .15 .15 0 .05 .15 .15 .15
 .15 .15 .15 .15 .15 .15 .15 .15 .15 .15 .15 .15 0 .15 .15 .05 .05 .15 0 .15
 .15 .15 .15 .15 .05 .15 .05 .15 .15 .15 0 .15 .15 .15 0 .15 .15 .15 .15 .15
 0 0 .15 .15 0 .15 .15 .15 .15 .15 .15 .15 .15 .15 .15 .15 .15 .15 .15 0
 .05 0 0 .15 0 .15 .15 .25 0 .20 .25 0 0 .15 0 .15 0 0 0 0
 0 0 0 0 .05 .20 .25 0 .25 .15 .10 0 0 .15 .20 .15 .05 .15 0 0
 0 0 .15 0 .25 .15 .15 0 .25 .15 0 0 0 0 .10 0 0 .10 .15 0
 0 .25 .25 .20 .05 0 .05 0 0 0 .15 0 .15 .25 0 .10 .25 .10 .25 .25
 0 .15 0 .10 0 .25 .20 .10 0 .10 0 0 .15 .25 .25 .25 0 .10 0 0
 0 0 0 0 0 0 0 0 0 0 0 0 0 0 0 0 0 0 0 0
 0 0 0 0 0 0 0 0 0 0 0 0 0 0 0 0 0 0 0 0
 0 0 0 0 0 0 0 0 0 0 0 0 0 0 0 0 0 0 0 0
 0 0 0 0 0 0 0 0 0 0 0 0 0 0 0 0 0 0 0 0
 0 0 0 0 0 0 0 0 0 0 0 0 0 0 0 0 0 0 0 0
 .20 .20 .20 .20 .20 .20 .20 0 .20 .20 .20 .20 .20 .20 .20 .20 .20 .20 .20 .20
 .20 .20 .20 .20 .20 .20 0 .20 .20 .20 .20 .20 .20 .20 .20 .20 .20 .20 .20 .20
 .20 .20 .20 .20 .20 .20 .20 .20 .20 .20 .20 .20 .20 .20 .20 .20 .20 .20 .20 .20
 .20 0 .20 .20 .20 .20 .20 .20 .20 .20 .20 .20 .20 .20 .20 .20 .20 .20 .20 .20
 .20 .20 .20 .20 .20 .20 .20 .20 .20 .20 .20 .20 .20 0 .20 .20 .20 .20 .20 .20
 0 0 0 0 0 0 0 0 0 0 0 0 0 0 0 0 0 0 0 0
 0 0 0 0 0 0 0 0 0 0 0 0 0 0 0 0 0 0 0 0
 0 0 0 0 0 0 0 0 0 0 0 0 0 0 0 0 0 0 0 0
 0 0 0 0 0 0 0 0 0 0 0 0 0 0 0 0 0 0 0 0
 0 0 0 0 0 0 0 0 0 0 0 0 0 0 0 0 0 0 0 0
 .10 .15 .10 .10 .15 .10 .10 .10 .15 0 .10 .15 .10 .15 .10 .15 .10 .15 .10 .10
 .10 .10 .15 .10 .10 0 .10 .10 .10 .15 .10 .10 .10 .10 0 .10 .10 .10 .15 .10
 .10 .10 .15 .10 .10 .15 .10 .10 .10 .10 .10 .10 .15 .10 .10 .15 .15 .10 .10 .15
 .10 .10 .10 0 .10 .10 .10 .15 .10 .10 .10 .10 .10 .10 .10 .10 .10 .10 .10 .10
 .15 .10 .10 .10 .10 .10 0 .10 .10 .10 .10 .10 .10 .10 .10 .10 .15 .10 .10 .10
 0 .05 .05 .15 .05 .15 .05 .30 .05 .30 .30 .05 .10 .05 .05 .05 .10 .05 .30 .05
 .05 .05 .15 .05 0 .30 .30 .05 .30 .05 .10 .05 .05 .15 .30 .05 0 .15 .05 .05
 .05 .10 .05 .05 .05 .05 .15 .05 .05 .15 .05 .05 .05 .05 .10 .05 .05 .10 .05 .05
 .30 .30 .05 .30 0 .05 0 .05 .05 .30 .05 .05 .15 .05 .05 .15 .30 .10 .30 .30
 .05 .05 .05 .10 .05 .30 .30 .15 .05 .15 .05 .30 .15 .30 .30 .05 .15 .10 .05 .05
 .05 0 .25 .15 0 .15 .15 .25 0 .25 .25 0 0 .15 0 .15 0 0 0 0
 0 0 .05 0 .05 .25 .25 0 .15 .15 .10 0 .10 .15 .25 .15 .05 .15 0 .25
 0 0 .15 0 .15 .15 .15 0 .15 .15 0 .25 0 0 .10 0 0 .10 .15 0
 0 .25 .15 .25 .05 0 .05 0 0 0 .15 0 .15 .15 0 .10 .25 .10 .25 .25
 0 .15 .25 .10 0 .25 .25 .10 0 .10 0 0 .15 .25 .25 .15 .05 .10 0 0
 0 .05 .05 .15 .05 .15 .05 .30 .05 .30 .30 .05 .10 .05 .05 .05 .10 .05 .30 .05
 .05 .05 .15 .05 0 .30 .30 .05 .30 .05 .10 .05 .05 .15 .30 .05 0 .15 .05 .05
 .05 .10 .05 .05 .05 .05 .15 .05 .05 .15 .05 .05 .05 .05 .10 .05 .05 .10 .05 .05
 .30 .30 .05 .30 0 .05 0 .05 .05 .30 .05 .05 .15 .05 .05 .15 .30 .10 .30 .30
 .05 .05 .05 .10 .05 .30 .30 .15 .05 .15 .05 .30 .15 .30 .30 .05 .15 .10 .05 .05
 .05 0 0 .15 0 .15 .15 .25 0 .20 .25 0 0 .15 0 .15 0 0 0 0
 0 0 0 0 .05 .20 .25 0 .25 .15 .10 0 0 .15 .20 .15 .05 .15 0 0
 0 0 .15 0 .25 .15 .15 0 .25 .15 0 0 0 0 .10 0 0 .10 .15 0
 0 .25 .25 .20 .05 0 .05 0 0 0 .15 0 .15 .25 0 .10 .25 .10 .25 .25
 0 .15 0 .10 0 .25 .20 .10 0 .10 0 0 .15 .25 .25 .25 0 .10 0 0
 .05 0 .25 .15 0 .15 .15 .25 0 .25 .15 0 0 .10 0 .10 0 0 0 0
 0 0 .05 0 .05 .25 .25 0 .15 .10 .10 0 .05 .15 .25 .15 .05 .15 0 .25
 0 0 .10 0 .05 .10 .15 0 .05 .15 0 .25 0 0 .10 0 0 .10 .15 0
 0 .25 .05 .25 .05 0 .05 0 0 0 .15 0 .15 .05 0 .10 .15 .10 .15 .25
 0 .15 .25 .10 0 .25 .25 .10 0 .10 0 0 .15 .25 .15 .05 .05 .10 0 0
 0 0 0 0 0 0 0 0 0 0 0 0 0 0 0 0 0 0 0 0
 0 0 0 0 0 0 0 0 0 0 0 0 0 0 0 0 0 0 0 0
 0 0 0 0 0 0 0 0 0 0 0 0 0 0 0 0 0 0 0 0
 0 0 0 0 0 0 0 0 0 0 0 0 0 0 0 0 0 0 0 0
 0 0 0 0 0 0 0 0 0 0 0 0 0 0 0 0 0 0 0 0
 .05 0 .15 .15 .05 .15 0 .15 .15 .15 .15 0 .15 .15 .15 .15 .15 0 .15 .15
 0 0 .15 0 .05 .15 .15 .15 .15 .15 .15 .15 0 .15 .15 0 .05 .15 .15 .15
 .15 .15 .15 .15 .15 .15 .15 .15 .15 .15 .15 .15 0 .15 .15 .05 .05 .15 0 .15
 .15 .15 .15 .15 .05 .15 .05 .15 .15 .15 0 .15 .15 .15 0 .15 .15 .15 .15 .15
 0 0 .15 .15 0 .15 .15 .15 .15 .15 .15 .15 .15 .15 .15 .15 .15 .15 .15 0
 0 0 0 0 0 0 0 0 0 0 0 0 0 0 0 0 0 0 0 0
 0 0 0 0 0 0 0 0 0 0 0 0 0 0 0 0 0 0 0 0
 0 0 0 0 0 0 0 0 0 0 0 0 0 0 0 0 0 0 0 0
 0 0 0 0 0 0 0 0 0 0 0 0 0 0 0 0 0 0 0 0
 0 0 0 0 0 0 0 0 0 0 0 0 0 0 0 0 0 0 0 0
 .15 .15 .30 0 .15 .15 .30 .30 .15 .30 .30 .15 .30 .15 .15 .15 .30 .15 .30 .15
 .15 .15 .15 .30 .15 .30 .30 .15 .30 .15 .15 .15 .15 .15 .30 .30 .15 0 .15 .30
 .15 .30 .15 .15 .30 .15 .15 .15 .30 0 .30 .30 .15 .15 .15 .15 .15 .15 .30 .15
 .30 .30 .30 .30 .15 .15 .15 .15 .15 .30 .30 .30 0 .30 .15 .15 .30 .15 .30 .30
 .15 .30 .30 .15 .30 .30 .30 .15 .30 .15 .15 .30 0 .30 .30 .30 .15 .15 .15 .30
 0 0 0 0 0 0 0 0 0 0 0 0 0 0 0 0 0 0 0 0
 0 0 0 0 0 0 0 0 0 0 0 0 0 0 0 0 0 0 0 0
 0 0 0 0 0 0 0 0 0 0 0 0 0 0 0 0 0 0 0 0
 0 0 0 0 0 0 0 0 0 0 0 0 0 0 0 0 0 0 0 0
 0 0 0 0 0 0 0 0 0 0 0 0 0 0 0 0 0 0 0 0
 .05 0 0 .15 0 .15 0 .28 0 .28 .28 0 0 .10 0 .10 0 0 0 0
 0 0 0 0 .05 .28 .28 0 .15 .10 .10 0 0 .15 .28 0 .05 .15 0 0
 0 0 .10 0 .05 .10 .15 0 .05 .15 0 0 0 0 .10 0 0 .10 0 0
 0 .28 .05 .28 .05 0 .05 0 0 0 0 0 .15 .05 0 .10 .28 .10 .28 .28
 0 0 0 .10 0 .28 .28 .10 0 .10 0 0 .15 .28 .28 .05 0 .10 0 0
 .15 .10 .20 .15 .15 .15 .20 .20 .10 .20 .20 .10 .20 .15 .10 .15 .20 .10 .20 .10
 .10 .10 .15 .10 .15 .20 .20 .10 .20 .15 .20 .15 .10 .15 .20 .20 .15 .15 .10 .20
 .10 .20 .15 .10 .20 .15 .15 .15 .20 .15 .10 .20 .10 .10 .20 .15 .15 .20 .20 .10
 .20 .20 .20 .20 .15 .15 .15 .10 .10 .20 .20 .10 .15 .20 .10 0 .20 .20 .20 .20
 .10 .20 .20 .20 .10 .20 .20 0 .10 0 .10 .20 .15 .20 .20 .20 .15 .20 .10 .10
 0 0 0 0 0 0 0 0 0 0 0 0 0 0 0 0 0 0 0 0
 0 0 0 0 0 0 0 0 0 0 0 0 0 0 0 0 0 0 0 0
 0 0 0 0 0 0 0 0 0 0 0 0 0 0 0 0 0 0 0 0
 0 0 0 0 0 0 0 0 0 0 0 0 0 0 0 0 0 0 0 0
 0 0 0 0 0 0 0 0 0 0 0 0 0 0 0 0 0 0 0 0
 0 0 0 0 0 0 0 0 0 0 0 0 0 0 0 0 0 0 0 0
 0 0 0 0 0 0 0 0 0 0 0 0 0 0 0 0 0 0 0 0
 0 0 0 0 0 0 0 0 0 0 0 0 0 0 0 0 0 0 0 0
 0 0 0 0 0 0 0 0 0 0 0 0 0 0 0 0 0 0 0 0
 0 0 0 0 0 0 0 0 0 0 0 0 0 0 0 0 0 0 0 0
 0 0 0 0 0 0 0 0 0 0 0 0 0 0 0 0 0 0 0 0
 0 0 0 0 0 0 0 0 0 0 0 0 0 0 0 0 0 0 0 0
 0 0 0 0 0 0 0 0 0 0 0 0 0 0 0 0 0 0 0 0
 0 0 0 0 0 0 0 0 0 0 0 0 0 0 0 0 0 0 0 0
 0 0 0 0 0 0 0 0 0 0 0 0 0 0 0 0 0 0 0 0
 0 0 0 0 0 0 0 0 0 0 0 0 0 0 0 0 0 0 0 0
 0 0 0 0 0 0 0 0 0 0 0 0 0 0 0 0 0 0 0 0
 0 0 0 0 0 0 0 0 0 0 0 0 0 0 0 0 0 0 0 0
 0 0 0 0 0 0 0 0 0 0 0 0 0 0 0 0 0 0 0 0
 0 0 0 0 0 0 0 0 0 0 0 0 0 0 0 0 0 0 0 0
 .05 0 .05 .05 .05 .05 .05 .05 .05 .05 .05 0 .05 .05 .05 .05 .05 0 .05 .05
 .05 .05 .05 .05 .05 .05 .05 .05 .05 .05 .05 .05 .05 .05 .05 .05 .05 .05 .05 .05
 .05 .05 .05 .05 .05 .05 .05 .05 .05 .05 .05 .05 0 .05 .05 .05 .05 .05 .05 .05
 .05 .05 .05 .05 .05 .05 .05 .05 .05 .05 .05 .05 .05 .05 .05 .05 .05 .05 .05 .05
 0 .05 .05 .05 .05 .05 .05 .05 .05 .05 .05 .05 .05 .05 .05 .05 .05 .05 .05 .05
 .05 0 .15 .15 .05 .15 0 .15 .15 .15 .15 0 .15 .15 .15 .15 .15 0 .15 .15
 0 0 .15 0 .05 .15 .15 .15 .15 .15 .15 .15 0 .15 .15 0 .05 .15 .15 .15
 .15 .15 .15 .15 .15 .15 .15 .15 .15 .15 .15 .15 0 .15 .15 .05 .05 .15 0 .15
 .15 .15 .15 .15 .05 .15 .05 .15 .15 .15 0 .15 .15 .15 0 .15 .15 .15 .15 .15
 0 0 .15 .15 0 .15 .15 .15 .15 .15 .15 .15 .15 .15 .15 .15 .15 .15 .15 0
 .05 .05 0 .27 0 .27 .27 .27 0 .27 .27 .05 .27 .27 .05 .27 .27 .05 .27 .27
 0 0 0 .27 .05 .27 .27 .27 .27 .27 .27 .27 .05 .27 .27 .27 .05 .27 .05 0
 .27 .27 .27 .27 .27 .27 .27 .27 .27 .27 .27 0 .05 .27 .27 0 0 .27 .27 0
 .27 .27 .27 .27 .05 .27 .05 0 .05 .27 .27 .27 .27 .27 0 .27 .27 .27 .27 .27
 .05 .27 0 .27 .27 .27 .27 .27 .27 .27 .27 .27 .27 .27 .27 .27 0 .27 .27 .27
 0 0 0 0 0 0 0 0 0 0 0 0 0 0 0 0 0 0 0 0
 0 0 0 0 0 0 0 0 0 0 0 0 0 0 0 0 0 0 0 0
 0 0 0 0 0 0 0 0 0 0 0 0 0 0 0 0 0 0 0 0
 0 0 0 0 0 0 0 0 0 0 0 0 0 0 0 0 0 0 0 0
 0 0 0 0 0 0 0 0 0 0 0 0 0 0 0 0 0 0 0 0
 .05 0 .22 .22 0 .15 0 .22 0 .22 .15 0 0 .15 0 .15 0 0 0 0
 0 0 .15 0 .05 .22 .22 0 .15 .15 .07 0 .05 .15 .22 0 .05 .22 0 .22
 0 0 .15 0 .15 .15 .15 0 .15 .22 0 .22 0 0 .07 0 0 .07 0 0
 0 .22 .15 .22 .05 0 .05 0 0 0 0 0 .22 .15 0 0 .15 .07 .15 .22
 0 0 .22 .07 0 .22 .22 0 0 0 0 0 .22 .22 .15 .15 .15 .07 0 0
 0 0 0 0 0 0 0 0 0 0 0 0 0 0 0 0 0 0 0 0
 0 0 0 0 0 0 0 0 0 0 0 0 0 0 0 0 0 0 0 0
 0 0 0 0 0 0 0 0 0 0 0 0 0 0 0 0 0 0 0 0
 0 0 0 0 0 0 0 0 0 0 0 0 0 0 0 0 0 0 0 0
 0 0 0 0 0 0 0 0 0 0 0 0 0 0 0 0 0 0 0 0
 .10 .15 .10 .10 .15 .10 .10 .10 .15 0 .10 .15 .10 .15 .10 .15 .10 .15 .10 .10
 .10 .10 .15 .10 .10 0 .10 .10 .10 .15 .10 .10 .10 .10 0 .10 .10 .10 .15 .10
 .10 .10 .15 .10 .10 .15 .10 .10 .10 .10 .10 .10 .15 .10 .10 .15 .15 .10 .10 .15
 .10 .10 .10 0 .10 .10 .10 .15 .10 .10 .10 .10 .10 .10 .10 .10 .10 .10 .10 .10
 .15 .10 .10 .10 .10 .10 0 .10 .10 .10 .10 .10 .10 .10 .10 .10 .15 .10 .10 .10
 .15 .10 .20 .15 .15 .15 .20 .20 .10 .20 .20 .10 .20 .15 .10 .15 .20 .10 .20 .10
 .10 .10 .15 .10 .15 .20 .20 .10 .20 .15 .20 .15 .10 .15 .20 .20 .15 .15 .10 .20
 .10 .20 .15 .10 .20 .15 .15 .15 .20 .15 .10 .20 .10 .10 .20 .15 .15 .20 .20 .10
 .20 .20 .20 .20 .15 .15 .15 .10 .10 .20 .20 .10 .15 .20 .10 0 .20 .20 .20 .20
 .10 .20 .20 .20 .10 .20 .20 0 .10 0 .10 .20 .15 .20 .20 .20 .15 .20 .10 .10
 0 0 0 0 0 0 0 0 0 0 0 0 0 0 0 0 0 0 0 0
 0 0 0 0 0 0 0 0 0 0 0 0 0 0 0 0 0 0 0 0
 0 0 0 0 0 0 0 0 0 0 0 0 0 0 0 0 0 0 0 0
 0 0 0 0 0 0 0 0 0 0 0 0 0 0 0 0 0 0 0 0
 0 0 0 0 0 0 0 0 0 0 0 0 0 0 0 0 0 0 0 0
 .15 .10 .20 .15 .15 .15 .20 .20 .10 .20 .20 .10 .20 .15 .10 .15 .20 .10 .20 .10
 .10 .10 .15 .10 .15 .20 .20 .10 .20 .15 .20 .15 .10 .15 .20 .20 .15 .15 .10 .20
 .10 .20 .15 .10 .20 .15 .15 .15 .20 .15 .10 .20 .10 .10 .20 .15 .15 .20 .20 .10
 .20 .20 .20 .20 .15 .15 .15 .10 .10 .20 .20 .10 .15 .20 .10 0 .20 .20 .20 .20
 .10 .20 .20 .20 .10 .20 .20 0 .10 0 .10 .20 .15 .20 .20 .20 .15 .20 .10 .10
 .05 0 .25 .15 0 .15 .15 .25 0 .25 .25 0 0 .06 0 .06 0 0 0 0
 0 0 0 .05 .05 .25 .25 0 .15 .06 .10 0 0 .15 .25 .15 .05 .15 0 .25
 0 0 .06 0 0 .06 .15 0 0 .15 0 .25 0 0 .10 0 0 .10 .15 0
 0 .25 0 .25 .05 0 .05 0 0 0 .15 0 .15 0 0 .10 .25 .10 .25 .25
 0 .15 .25 .10 .05 .25 .25 .10 0 .10 0 0 .15 .25 .25 0 0 .10 0 .05
 0 0 0 0 0 0 0 0 0 0 0 0 0 0 0 0 0 0 0 0
 0 0 0 0 0 0 0 0 0 0 0 0 0 0 0 0 0 0 0 0
 0 0 0 0 0 0 0 0 0 0 0 0 0 0 0 0 0 0 0 0
 0 0 0 0 0 0 0 0 0 0 0 0 0 0 0 0 0 0 0 0
 0 0 0 0 0 0 0 0 0 0 0 0 0 0 0 0 0 0 0 0
 .15 .15 .30 0 .15 .15 .30 .30 .15 .30 .30 .15 .30 .15 .15 .15 .30 .15 .30 .15
 .15 .15 .15 .30 .15 .30 .30 .15 .30 .15 .15 .15 .15 .15 .30 .30 .15 0 .15 .30
 .15 .30 .15 .15 .30 .15 .15 .15 .30 0 .30 .30 .15 .15 .15 .15 .15 .15 .30 .15
 .30 .30 .30 .30 .15 .15 .15 .15 .15 .30 .30 .30 0 .30 .15 .15 .30 .15 .30 .30
 .15 .30 .30 .15 .30 .30 .30 .15 .30 .15 .15 .30 0 .30 .30 .30 .15 .15 .15 .30
 .20 .20 .20 .20 .20 .20 .20 0 .20 .20 .20 .20 .20 .20 .20 .20 .20 .20 .20 .20
 .20 .20 .20 .20 .20 .20 0 .20 .20 .20 .20 .20 .20 .20 .20 .20 .20 .20 .20 .20
 .20 .20 .20 .20 .20 .20 .20 .20 .20 .20 .20 .20 .20 .20 .20 .20 .20 .20 .20 .20
 .20 0 .20 .20 .20 .20 .20 .20 .20 .20 .20 .20 .20 .20 .20 .20 .20 .20 .20 .20
 .20 .20 .20 .20 .20 .20 .20 .20 .20 .20 .20 .20 .20 0 .20 .20 .20 .20 .20 .20
 0 0 0 0 0 0 0 0 0 0 0 0 0 0 0 0 0 0 0 0
 0 0 0 0 0 0 0 0 0 0 0 0 0 0 0 0 0 0 0 0
 0 0 0 0 0 0 0 0 0 0 0 0 0 0 0 0 0 0 0 0
 0 0 0 0 0 0 0 0 0 0 0 0 0 0 0 0 0 0 0 0
 0 0 0 0 0 0 0 0 0 0 0 0 0 0 0 0 0 0 0 0
 0 0 0 0 0 0 0 0 0 0 0 0 0 0 0 0 0 0 0 0
 0 0 0 0 0 0 0 0 0 0 0 0 0 0 0 0 0 0 0 0
 0 0 0 0 0 0 0 0 0 0 0 0 0 0 0 0 0 0 0 0
 0 0 0 0 0 0 0 0 0 0 0 0 0 0 0 0 0 0 0 0
 0 0 0 0 0 0 0 0 0 0 0 0 0 0 0 0 0 0 0 0
 .15 .05 0 .15 0 .15 .20 .25 0 .15 .25 .05 .10 .15 .05 .15 .10 .05 .20 .15
 0 0 0 .15 .15 .15 .25 0 .15 .15 .15 .05 .05 .15 .15 .20 .15 .15 .05 0
 .15 .10 .15 0 .15 .15 .15 .05 .15 .15 .05 0 .05 0 .15 0 0 .15 .20 0
 .20 .25 .15 .15 .15 .05 .15 0 .05 .20 .20 .05 .15 .15 0 .15 .25 .15 .25 .25
 .05 .20 0 .15 .15 .25 .15 .15 .05 .15 0 .20 .15 .25 .25 .15 0 .15 .15 .15
 0 0 0 0 0 0 0 0 0 0 0 0 0 0 0 0 0 0 0 0
 0 0 0 0 0 0 0 0 0 0 0 0 0 0 0 0 0 0 0 0
 0 0 0 0 0 0 0 0 0 0 0 0 0 0 0 0 0 0 0 0
 0 0 0 0 0 0 0 0 0 0 0 0 0 0 0 0 0 0 0 0
 0 0 0 0 0 0 0 0 0 0 0 0 0 0 0 0 0 0 0 0
 .05 0 .32 .15 0 0 .15 .32 0 .32 .15 0 0 .15 0 .15 0 0 0 0
 0 0 .15 .15 .05 .32 .32 0 .15 .15 .10 0 .15 0 .32 .15 .05 .15 0 .32
 0 0 .15 0 .15 .15 0 0 .15 .15 .15 .32 0 0 .10 0 0 .10 .15 0
 0 .32 .15 .32 .05 0 .05 0 0 0 .15 .15 .15 .15 0 .32 .15 .10 .15 .32
 0 .15 .32 .10 .15 .32 .32 .32 .15 .32 0 0 .15 .32 .15 .15 .15 .10 0 .15
 .05 0 .22 .22 0 .15 0 .22 0 .22 .15 0 0 .15 0 .15 0 0 0 0
 0 0 .15 0 .05 .22 .22 0 .15 .15 .07 0 .05 .15 .22 0 .05 .22 0 .22
 0 0 .15 0 .15 .15 .15 0 .15 .22 0 .22 0 0 .07 0 0 .07 0 0
 0 .22 .15 .22 .05 0 .05 0 0 0 0 0 .22 .15 0 0 .15 .07 .15 .22
 0 0 .22 .07 0 .22 .22 0 0 0 0 0 .22 .22 .15 .15 .15 .07 0 0
