 125 113
 4 .35 .35 477
 3 .35 .35 110
 2 0.03 .35 0
 2 .45 .45 116
 4 .20 .40 125
 2 .37 .37 0
 1 0 .35 59
 2 .33 .33 438
 2 .40 .40 138
 1 0 .35 33
 2 .25 .25 117
 2 .30 .30 160
 1 0 .35 109
 3 .46 .46 189
 2 .28 .28 298
 4 .35 .35 361
 1 0 .10 188
 4 .35 .35 450
 2 .25 .25 0
 2 .28 .28 166
 1 0 .10 226
 1 0 .33 240
 2 .28 .28 163
 3 .46 .46 170
 1 0 .34 0
 1 0 .33 0
 2 .28 .28 0
 2 .30 .30 229
 2 .33 .33 34
 4 .20 .40 145
 4 .17 .17 0
 3 .35 .35 469
 4 .20 .40 139
 2 .33 .33 32
 2 0.03 .35 0
 2 .37 .37 120
 2 .28 .28 153
 2 .33 .33 30
 2 .45 .45 129
 1 0 .34 331
 2 .28 .28 167
 2 .28 .28 136
 2 .40 .40 131
 2 .24 .24 464
 3 .46 .46 197
 2 .24 .24 328
 2 .33 .33 594
 2 .30 .30 194
 2 .25 .25 80
 3 .35 .35 0
 3 .35 .35 347
 3 0 .35 0
 4 .20 .40 0
 1 0 .33 203
 4 .17 .17 47
 4 0.03 .43 0
 2 .28 .28 246
 2 .28 .28 156
 2 .35 .35 354
 2 .28 .28 140
 4 0 .43 170
 1 0 .33 216
 1 0 .10 174
 2 0.05 .35 0
 3 .45 .45 551
 3 0 .35 107
 3 .35 .35 0
 2 .33 .33 532
 1 0 .34 250
 2 .30 .30 232
 1 0 .33 0
 2 .30 .30 203
 2 .25 .25 108
 2 .24 .24 401
 3 .33 .33 296
 4 .17 .17 0
 2 .30 .30 162
 1 0 .10 160
 1 0 .34 327
 3 .45 .45 0
 3 .45 .45 0
 2 .28 .28 0
 2 .30 .30 166
 1 0 .35 118
 2 .35 .35 309
 3 .46 .46 218
 2 .33 .33 0
 1 0 .34 242
 4 .35 .35 0
 2 .25 .25 115
 2 .33 .33 0
 3 .35 .35 374
 2 .28 .28 129
 4 .35 .35 471
 2 .45 .45 141
 4 0.05 .43 0
 2 .45 .45 139
 4 .17 .17 43
 3 .35 .35 355
 2 .25 .25 118
 1 0 .33 168
 3 .35 .35 0
 2 .33 .33 484
 1 0 .34 76
 3 .46 .46 217
 2 .35 .35 308
 2 .30 .30 201
 3 0 .35 116
 4 .17 .17 32
 3 0 .35 117
 2 .30 .30 227
 1 0 .34 0
 2 .25 .25 90
 4 0.01 .43 0
 4 .20 .40 0
 1 0 .34 103
 2 .33 .33 565
 4 0 .43 239
 1 0 .35 50
 2 .40 .40 160
 2 .28 .28 118
 2 .40 .40 178
 2 .25 .25 0
 2 .33 .33 419
 1 0 .35 49
 0 .10 .05 .15 .05 .05 .05 .15 .30 .05 .30 .30 .05 .05 .15 0 .05 0 .30 .05
 .05 .15 .05 .05 .05 .15 .15 .30 .05 .05 .30 .05 .05 .05 .05 .05 .05 .05 .15 .05
 .05 .05 .30 .10 .05 .10 .15 .30 .30 .10 .05 .05 .05 .15 .30 .30 .15 .05 .30 .05
 .30 .15 .05 .05 .05 .05 .10 .15 .05 .30 .15 .30 .30 .10 .05 .30 .30 .05 .05 .05
 .05 .05 .30 .05 .30 .05 .05 .05 0 .30 .15 .05 .05 0 .15 .30 .15 .30 .05 .30
 .15 .10 .15 .05 .05 .30 .30 .05 .30 .05 .30 .05 .30 .30 .05 .05 .15 .30 .05 .30
 .05 .30 .30 .15 .05
 .10 0 0 .25 0 0 .25 .15 0 0 .25 .10 0 .15 .10 .10 .10 .10 .25 0
 .10 .25 0 .15 0 .25 .10 .10 .25 0 .25 .18 0 .25 0 0 0 .25 .25 0
 0 0 0 .10 .15 .10 .15 .10 .25 0 .18 0 0 .25 .25 .15 .10 0 .25 0
 .15 .25 .10 0 0 0 0 .15 0 .10 .25 .10 .25 .10 0 .25 .10 .10 0 0
 0 0 .10 0 .25 .15 .25 0 .10 .25 .15 .18 0 .10 .25 .15 .25 .25 .18 .25
 .25 0 .15 0 .15 .25 .10 0 .25 0 .10 0 .25 .15 0 0 .15 .15 .25 0
 0 0 .25 .15 0
 0 0 0 0 0 0 0 0 0 0 0 0 0 0 0 0 0 0 0 0
 0 0 0 0 0 0 0 0 0 0 0 0 0 0 0 0 0 0 0 0
 0 0 0 0 0 0 0 0 0 0 0 0 0 0 0 0 0 0 0 0
 0 0 0 0 0 0 0 0 0 0 0 0 0 0 0 0 0 0 0 0
 0 0 0 0 0 0 0 0 0 0 0 0 0 0 0 0 0 0 0 0
 0 0 0 0 0 0 0 0 0 0 0 0 0 0 0 0 0 0 0 0
 0 0 0 0 0
 .15 .20 .10 0 .15 .10 .20 .15 .20 .10 .20 .20 .10 .15 .15 .15 .10 .15 .20 .15
 .10 .15 .15 .15 .10 .15 .15 .20 .20 .15 .20 .20 .15 .20 .10 .10 .15 .20 0 .10
 .15 .15 .20 .20 .15 .20 .15 .20 .20 .20 .20 .10 .15 .15 .20 .20 .15 .15 .20 .15
 .20 .15 .10 .10 .10 .10 .20 .15 .10 .20 .15 .20 .20 .20 .10 .20 .20 .10 .10 .10
 .10 .10 .20 .10 .20 .15 .20 .10 .15 .20 .15 .20 .15 .15 0 .20 0 .20 .20 .20
 .15 .20 .15 .10 .15 .20 .20 .10 .20 .10 .20 .10 .20 .20 .15 .10 .15 .20 .20 .20
 .15 .20 .20 .15 .10
 .05 0 0 .10 0 0 .15 .15 0 0 .25 .25 0 .15 .05 .05 .10 .05 .25 0
 .10 .15 0 .15 0 .15 .05 .25 .25 0 .25 .15 0 .25 0 0 0 .25 .10 0
 0 0 0 .10 .15 .10 .15 .25 .25 0 .15 0 0 .15 .25 .15 .05 0 .25 0
 .15 .15 .10 0 0 0 0 .15 0 .25 .15 .25 .25 .10 0 .25 .25 .10 0 0
 0 0 .25 0 .25 .15 .25 0 .05 .25 .15 .15 0 .05 .10 .15 .10 .25 .15 .25
 .15 0 .15 0 .15 .25 .25 0 .25 0 .25 0 .25 .15 0 0 .15 .15 .15 0
 0 0 .25 .15 0
 .05 0 .15 .32 0 0 .15 0 0 .15 .32 .15 .15 .15 .15 .05 .15 .05 .32 0
 .15 .15 0 .15 0 .15 .15 .15 .32 0 .32 .15 0 .32 .15 0 0 .32 .32 0
 0 0 0 .10 .15 .10 0 .15 .32 0 .15 0 0 .15 .32 .15 .15 0 .32 0
 .15 .15 .15 .15 0 0 0 0 0 .15 .15 .15 .32 .10 0 .32 .15 .15 0 0
 0 0 .15 .15 .32 .15 .32 0 .05 .32 0 .15 0 .05 .32 .15 .32 .32 .15 .32
 .15 0 0 .15 .15 .32 .15 0 .32 0 .15 .15 .32 .15 0 .15 0 .15 .15 0
 0 0 .32 0 .15
 0 0 0 0 0 0 0 0 0 0 0 0 0 0 0 0 0 0 0 0
 0 0 0 0 0 0 0 0 0 0 0 0 0 0 0 0 0 0 0 0
 0 0 0 0 0 0 0 0 0 0 0 0 0 0 0 0 0 0 0 0
 0 0 0 0 0 0 0 0 0 0 0 0 0 0 0 0 0 0 0 0
 0 0 0 0 0 0 0 0 0 0 0 0 0 0 0 0 0 0 0 0
 0 0 0 0 0 0 0 0 0 0 0 0 0 0 0 0 0 0 0 0
 0 0 0 0 0
 0 0 0 0 0 0 0 0 0 0 0 0 0 0 0 0 0 0 0 0
 0 0 0 0 0 0 0 0 0 0 0 0 0 0 0 0 0 0 0 0
 0 0 0 0 0 0 0 0 0 0 0 0 0 0 0 0 0 0 0 0
 0 0 0 0 0 0 0 0 0 0 0 0 0 0 0 0 0 0 0 0
 0 0 0 0 0 0 0 0 0 0 0 0 0 0 0 0 0 0 0 0
 0 0 0 0 0 0 0 0 0 0 0 0 0 0 0 0 0 0 0 0
 0 0 0 0 0
 0 0 0 0 0 0 0 0 0 0 0 0 0 0 0 0 0 0 0 0
 0 0 0 0 0 0 0 0 0 0 0 0 0 0 0 0 0 0 0 0
 0 0 0 0 0 0 0 0 0 0 0 0 0 0 0 0 0 0 0 0
 0 0 0 0 0 0 0 0 0 0 0 0 0 0 0 0 0 0 0 0
 0 0 0 0 0 0 0 0 0 0 0 0 0 0 0 0 0 0 0 0
 0 0 0 0 0 0 0 0 0 0 0 0 0 0 0 0 0 0 0 0
 0 0 0 0 0
 0 0 0 0 0 0 0 0 0 0 0 0 0 0 0 0 0 0 0 0
 0 0 0 0 0 0 0 0 0 0 0 0 0 0 0 0 0 0 0 0
 0 0 0 0 0 0 0 0 0 0 0 0 0 0 0 0 0 0 0 0
 0 0 0 0 0 0 0 0 0 0 0 0 0 0 0 0 0 0 0 0
 0 0 0 0 0 0 0 0 0 0 0 0 0 0 0 0 0 0 0 0
 0 0 0 0 0 0 0 0 0 0 0 0 0 0 0 0 0 0 0 0
 0 0 0 0 0
 .20 .20 .20 .20 .20 .20 .20 .20 .20 .20 0 .20 .20 .20 .20 .20 .20 .20 0 .20
 .20 .20 .20 .20 .20 .20 .20 .20 .20 .20 .20 .20 .20 .20 .20 .20 .20 .20 .20 .20
 .20 .20 .20 .20 .20 .20 .20 .20 0 .20 .20 .20 .20 .20 .20 .20 .20 .20 .20 .20
 .20 .20 .20 .20 .20 .20 .20 .20 .20 .20 .20 .20 0 .20 .20 .20 .20 .20 .20 .20
 .20 .20 .20 .20 .20 .20 .20 .20 .20 0 .20 .20 .20 .20 .20 .20 .20 .20 .20 0
 .20 .20 .20 .20 .20 .20 .20 .20 .20 .20 .20 .20 0 .20 .20 .20 .20 .20 .20 .20
 .20 .20 0 .20 .20
 0 0 0 0 0 0 0 0 0 0 0 0 0 0 0 0 0 0 0 0
 0 0 0 0 0 0 0 0 0 0 0 0 0 0 0 0 0 0 0 0
 0 0 0 0 0 0 0 0 0 0 0 0 0 0 0 0 0 0 0 0
 0 0 0 0 0 0 0 0 0 0 0 0 0 0 0 0 0 0 0 0
 0 0 0 0 0 0 0 0 0 0 0 0 0 0 0 0 0 0 0 0
 0 0 0 0 0 0 0 0 0 0 0 0 0 0 0 0 0 0 0 0
 0 0 0 0 0
 0 0 0 0 0 0 0 0 0 0 0 0 0 0 0 0 0 0 0 0
 0 0 0 0 0 0 0 0 0 0 0 0 0 0 0 0 0 0 0 0
 0 0 0 0 0 0 0 0 0 0 0 0 0 0 0 0 0 0 0 0
 0 0 0 0 0 0 0 0 0 0 0 0 0 0 0 0 0 0 0 0
 0 0 0 0 0 0 0 0 0 0 0 0 0 0 0 0 0 0 0 0
 0 0 0 0 0 0 0 0 0 0 0 0 0 0 0 0 0 0 0 0
 0 0 0 0 0
 .06 .15 .05 .15 .15 .15 .15 .15 .25 .05 .25 .10 .05 0 .15 .06 .15 .06 .25 .15
 .15 .15 .15 0 .15 .15 .15 .10 .25 .15 .25 .15 .15 .25 .05 .15 .15 .25 .15 .15
 .15 .15 .25 .10 0 .10 .15 .10 .25 .15 .15 .05 .15 .15 .25 .15 .15 .15 .15 .15
 .15 .15 .15 .05 .15 .05 .15 .15 .15 .10 .15 .10 .25 .10 .10 .25 .10 .15 .15 .15
 .15 .10 .10 .05 .15 0 .25 .15 .06 .25 .15 .15 .15 .06 .15 .15 .15 .25 .15 .25
 .15 .15 .15 .15 0 .15 .10 .05 .25 .05 .10 .15 .25 .15 .15 .15 .15 .15 .15 .25
 .15 .25 .25 .15 .05
 .15 .10 .05 .15 .05 .15 .15 .15 .20 .05 .25 .25 .05 .15 0 .15 .05 .15 .25 0
 .05 .15 0 .15 0 .15 0 .25 0 .05 .25 .20 .05 0 .05 .15 0 0 .15 0
 0 0 .20 .15 .15 .15 .15 .25 .25 .10 .20 0 .05 .15 .25 .15 0 0 .15 0
 .15 .15 .05 .05 .05 0 .10 .15 0 .25 .15 .25 .25 .15 .05 .25 .25 .05 0 .05
 .05 0 .25 .05 .15 .15 0 0 .15 .25 .15 .20 0 .15 .15 .15 .15 .25 .20 .25
 .15 .10 .15 .15 .15 .15 .25 0 .25 0 .25 .15 .25 .15 .05 .15 .15 .15 .15 .20
 0 .20 .25 .15 .05
 0 .10 .05 .15 .05 .05 .05 .15 .30 .05 .30 .30 .05 .05 .15 0 .05 0 .30 .05
 .05 .15 .05 .05 .05 .15 .15 .30 .05 .05 .30 .05 .05 .05 .05 .05 .05 .05 .15 .05
 .05 .05 .30 .10 .05 .10 .15 .30 .30 .10 .05 .05 .05 .15 .30 .30 .15 .05 .30 .05
 .30 .15 .05 .05 .05 .05 .10 .15 .05 .30 .15 .30 .30 .10 .05 .30 .30 .05 .05 .05
 .05 .05 .30 .05 .30 .05 .05 .05 0 .30 .15 .05 .05 0 .15 .30 .15 .30 .05 .30
 .15 .10 .15 .05 .05 .30 .30 .05 .30 .05 .30 .05 .30 .30 .05 .05 .15 .30 .05 .30
 .05 .30 .30 .15 .05
 .05 .10 0 .10 .10 .15 .35 .15 .05 0 .35 .35 0 .15 .05 .05 0 .05 .35 0
 0 .15 0 .15 0 .15 .05 .35 .15 .10 .35 .35 .10 .15 0 .15 0 .15 .10 0
 0 0 .05 .10 .15 .10 .15 .35 .35 .10 .35 0 .10 .15 .35 .35 .05 0 .35 0
 .35 .15 0 0 .05 0 .10 .15 0 .35 .15 .35 .35 .10 .05 .35 .35 0 0 .05
 .05 .05 .35 0 .35 .15 .15 0 .05 .35 .15 .35 0 .05 .10 .35 .10 .35 .35 .35
 .15 .10 .15 .05 .15 .35 .35 0 .35 0 .35 .05 .35 .35 .10 .05 .15 .35 .35 .05
 0 .05 .35 .15 0
 0 .10 .05 .15 .05 .05 .05 .15 .30 .05 .30 .30 .05 .05 .15 0 .05 0 .30 .05
 .05 .15 .05 .05 .05 .15 .15 .30 .05 .05 .30 .05 .05 .05 .05 .05 .05 .05 .15 .05
 .05 .05 .30 .10 .05 .10 .15 .30 .30 .10 .05 .05 .05 .15 .30 .30 .15 .05 .30 .05
 .30 .15 .05 .05 .05 .05 .10 .15 .05 .30 .15 .30 .30 .10 .05 .30 .30 .05 .05 .05
 .05 .05 .30 .05 .30 .05 .05 .05 0 .30 .15 .05 .05 0 .15 .30 .15 .30 .05 .30
 .15 .10 .15 .05 .05 .30 .30 .05 .30 .05 .30 .05 .30 .30 .05 .05 .15 .30 .05 .30
 .05 .30 .30 .15 .05
 .20 .20 .20 .20 .20 .20 .20 .20 .20 .20 0 .20 .20 .20 .20 .20 .20 .20 0 .20
 .20 .20 .20 .20 .20 .20 .20 .20 .20 .20 .20 .20 .20 .20 .20 .20 .20 .20 .20 .20
 .20 .20 .20 .20 .20 .20 .20 .20 0 .20 .20 .20 .20 .20 .20 .20 .20 .20 .20 .20
 .20 .20 .20 .20 .20 .20 .20 .20 .20 .20 .20 .20 0 .20 .20 .20 .20 .20 .20 .20
 .20 .20 .20 .20 .20 .20 .20 .20 .20 0 .20 .20 .20 .20 .20 .20 .20 .20 .20 0
 .20 .20 .20 .20 .20 .20 .20 .20 .20 .20 .20 .20 0 .20 .20 .20 .20 .20 .20 .20
 .20 .20 0 .20 .20
 .05 0 0 .10 0 .30 .05 .15 0 0 .30 .30 0 .15 0 .05 0 .05 .30 0
 0 .15 0 .15 0 .15 0 .30 .15 0 .30 .15 0 .15 0 .30 0 .15 .10 0
 0 0 0 .10 .15 .10 .15 .30 .30 0 .15 0 0 .15 .30 .15 0 0 .15 0
 .15 .15 0 0 0 0 0 .15 0 .30 .15 .30 .30 .10 0 .30 .30 0 0 0
 0 0 .30 0 .15 .15 .15 0 .05 .30 .15 .15 0 .05 .10 .15 .10 .30 .15 .30
 .15 0 .15 0 .15 .15 .30 0 .30 0 .30 0 .30 .15 0 0 .15 .15 .05 0
 0 0 .30 .15 0
 .05 .10 0 .10 .10 .15 .35 .15 .05 0 .35 .35 0 .15 .05 .05 0 .05 .35 0
 0 .15 0 .15 0 .15 .05 .35 .15 .10 .35 .35 .10 .15 0 .15 0 .15 .10 0
 0 0 .05 .10 .15 .10 .15 .35 .35 .10 .35 0 .10 .15 .35 .35 .05 0 .35 0
 .35 .15 0 0 .05 0 .10 .15 0 .35 .15 .35 .35 .10 .05 .35 .35 0 0 .05
 .05 .05 .35 0 .35 .15 .15 0 .05 .35 .15 .35 0 .05 .10 .35 .10 .35 .35 .35
 .15 .10 .15 .05 .15 .35 .35 0 .35 0 .35 .05 .35 .35 .10 .05 .15 .35 .35 .05
 0 .05 .35 .15 0
 .15 .30 .30 .15 .15 .15 .30 .15 .30 .30 .30 .30 .30 .15 .15 .15 .15 .15 .30 .15
 .15 0 .15 .15 .15 0 .15 .30 .30 .15 .30 .30 .15 .30 .30 .15 .15 .30 .15 .15
 .15 .15 .30 .15 .15 .15 .15 .30 .30 .30 .30 .15 .15 0 .30 .30 .15 .15 .30 .15
 .30 0 .15 .30 .15 .15 .30 .15 .15 .30 0 .30 .30 .15 .15 .30 .30 .15 .15 .15
 .15 .15 .30 .30 .30 .15 .30 .15 .15 .30 .15 .30 .15 .15 .15 .30 .15 .30 .30 .30
 0 .30 .15 .30 .15 .30 .30 .15 .30 .15 .30 .30 .30 .30 .15 .30 .15 .30 .30 .30
 .15 .30 .30 .15 .30
 .05 0 0 .10 0 .30 .05 .15 0 0 .30 .30 0 .15 0 .05 0 .05 .30 0
 0 .15 0 .15 0 .15 0 .30 .15 0 .30 .15 0 .15 0 .30 0 .15 .10 0
 0 0 0 .10 .15 .10 .15 .30 .30 0 .15 0 0 .15 .30 .15 0 0 .15 0
 .15 .15 0 0 0 0 0 .15 0 .30 .15 .30 .30 .10 0 .30 .30 0 0 0
 0 0 .30 0 .15 .15 .15 0 .05 .30 .15 .15 0 .05 .10 .15 .10 .30 .15 .30
 .15 0 .15 0 .15 .15 .30 0 .30 0 .30 0 .30 .15 0 0 .15 .15 .05 0
 0 0 .30 .15 0
 .06 .15 .05 .15 .15 .15 .15 .15 .25 .05 .25 .10 .05 0 .15 .06 .15 .06 .25 .15
 .15 .15 .15 0 .15 .15 .15 .10 .25 .15 .25 .15 .15 .25 .05 .15 .15 .25 .15 .15
 .15 .15 .25 .10 0 .10 .15 .10 .25 .15 .15 .05 .15 .15 .25 .15 .15 .15 .15 .15
 .15 .15 .15 .05 .15 .05 .15 .15 .15 .10 .15 .10 .25 .10 .10 .25 .10 .15 .15 .15
 .15 .10 .10 .05 .15 0 .25 .15 .06 .25 .15 .15 .15 .06 .15 .15 .15 .25 .15 .25
 .15 .15 .15 .15 0 .15 .10 .05 .25 .05 .10 .15 .25 .15 .15 .15 .15 .15 .15 .25
 .15 .25 .25 .15 .05
 .05 0 0 .10 0 0 .25 .15 0 0 .25 .25 0 .15 0 .05 0 .05 .25 0
 0 .15 0 .15 0 .15 0 .25 0 0 .25 .15 0 0 0 0 0 0 .10 0
 0 0 0 .10 .15 .10 .15 .25 .25 0 .15 0 0 .15 .25 .25 0 0 .20 0
 .25 .15 0 0 0 0 0 .15 0 .25 .15 .25 .25 .10 0 .25 .25 0 0 0
 0 0 .25 0 .20 .15 0 0 .05 .25 .15 .15 0 .05 .10 .25 .10 .25 .15 .25
 .15 0 .15 0 .15 .20 .25 0 .25 0 .25 0 .25 .25 0 0 .15 .25 .25 0
 0 0 .25 .15 0
 .15 .30 .30 .15 .15 .15 .30 .15 .30 .30 .30 .30 .30 .15 .15 .15 .15 .15 .30 .15
 .15 0 .15 .15 .15 0 .15 .30 .30 .15 .30 .30 .15 .30 .30 .15 .15 .30 .15 .15
 .15 .15 .30 .15 .15 .15 .15 .30 .30 .30 .30 .15 .15 0 .30 .30 .15 .15 .30 .15
 .30 0 .15 .30 .15 .15 .30 .15 .15 .30 0 .30 .30 .15 .15 .30 .30 .15 .15 .15
 .15 .15 .30 .30 .30 .15 .30 .15 .15 .30 .15 .30 .15 .15 .15 .30 .15 .30 .30 .30
 0 .30 .15 .30 .15 .30 .30 .15 .30 .15 .30 .30 .30 .30 .15 .30 .15 .30 .30 .30
 .15 .30 .30 .15 .30
 .15 .10 .05 .15 .05 .15 .15 .15 .20 .05 .25 .25 .05 .15 0 .15 .05 .15 .25 0
 .05 .15 0 .15 0 .15 0 .25 0 .05 .25 .20 .05 0 .05 .15 0 0 .15 0
 0 0 .20 .15 .15 .15 .15 .25 .25 .10 .20 0 .05 .15 .25 .15 0 0 .15 0
 .15 .15 .05 .05 .05 0 .10 .15 0 .25 .15 .25 .25 .15 .05 .25 .25 .05 0 .05
 .05 0 .25 .05 .15 .15 0 0 .15 .25 .15 .20 0 .15 .15 .15 .15 .25 .20 .25
 .15 .10 .15 .15 .15 .15 .25 0 .25 0 .25 .15 .25 .15 .05 .15 .15 .15 .15 .20
 0 .20 .25 .15 .05
 0 0 0 0 0 0 0 0 0 0 0 0 0 0 0 0 0 0 0 0
 0 0 0 0 0 0 0 0 0 0 0 0 0 0 0 0 0 0 0 0
 0 0 0 0 0 0 0 0 0 0 0 0 0 0 0 0 0 0 0 0
 0 0 0 0 0 0 0 0 0 0 0 0 0 0 0 0 0 0 0 0
 0 0 0 0 0 0 0 0 0 0 0 0 0 0 0 0 0 0 0 0
 0 0 0 0 0 0 0 0 0 0 0 0 0 0 0 0 0 0 0 0
 0 0 0 0 0
 .05 .27 .27 .27 .27 .27 .27 .27 .27 .27 .27 .27 .27 .27 0 .05 .05 .05 .27 0
 .05 .27 0 .27 0 .27 0 .27 0 .27 .27 .27 .27 0 .27 .27 0 0 .27 0
 0 0 .27 .27 .27 .27 .27 .27 .27 .27 .27 .27 .27 .27 .27 .27 0 0 .27 0
 .27 .27 .05 .27 .05 .27 .27 .27 0 .27 .27 .27 .27 .27 .05 .27 .27 .05 0 .05
 .05 0 .27 .27 .27 .27 0 0 .05 .27 .27 .27 0 .05 .27 .27 .27 .27 .27 .27
 .27 .27 .27 .27 .27 .27 .27 .27 .27 .27 .27 .27 .27 .27 .27 .27 .27 .27 .27 .27
 0 .27 .27 .27 .27
 .05 0 0 .10 0 0 .15 .15 0 0 .25 .25 0 .15 .05 .05 .10 .05 .25 0
 .10 .15 0 .15 0 .15 .05 .25 .25 0 .25 .15 0 .25 0 0 0 .25 .10 0
 0 0 0 .10 .15 .10 .15 .25 .25 0 .15 0 0 .15 .25 .15 .05 0 .25 0
 .15 .15 .10 0 0 0 0 .15 0 .25 .15 .25 .25 .10 0 .25 .25 .10 0 0
 0 0 .25 0 .25 .15 .25 0 .05 .25 .15 .15 0 .05 .10 .15 .10 .25 .15 .25
 .15 0 .15 0 .15 .25 .25 0 .25 0 .25 0 .25 .15 0 0 .15 .15 .15 0
 0 0 .25 .15 0
 0 0 0 0 0 0 0 0 0 0 0 0 0 0 0 0 0 0 0 0
 0 0 0 0 0 0 0 0 0 0 0 0 0 0 0 0 0 0 0 0
 0 0 0 0 0 0 0 0 0 0 0 0 0 0 0 0 0 0 0 0
 0 0 0 0 0 0 0 0 0 0 0 0 0 0 0 0 0 0 0 0
 0 0 0 0 0 0 0 0 0 0 0 0 0 0 0 0 0 0 0 0
 0 0 0 0 0 0 0 0 0 0 0 0 0 0 0 0 0 0 0 0
 0 0 0 0 0
 .05 .15 .15 .15 .15 .15 .15 .15 .15 .15 .15 .15 .15 .15 .15 .05 0 .05 .15 .05
 0 .15 .05 .15 .15 .15 .15 .15 .15 .15 .15 0 .15 .15 .15 .15 .05 .15 .15 .15
 .05 .05 .15 .15 .15 .15 .15 .15 .15 .15 0 .15 .15 .15 .15 .15 .15 .05 .15 .05
 .15 .15 0 .15 .15 .15 .15 .15 .15 .15 .15 .15 .15 .15 0 .15 .15 0 .15 .15
 .15 0 .15 .15 .15 .15 .15 .15 .05 .15 .15 0 .05 .05 .15 .15 .15 .15 0 .15
 .15 .15 .15 0 .15 .15 .15 .15 .15 .15 .15 0 .15 .15 .15 0 .15 .15 .15 .15
 .05 .15 .15 .15 .15
 .05 0 0 .10 0 0 .15 .15 0 0 .25 .25 0 .15 .05 .05 .10 .05 .25 0
 .10 .15 0 .15 0 .15 .05 .25 .25 0 .25 .15 0 .25 0 0 0 .25 .10 0
 0 0 0 .10 .15 .10 .15 .25 .25 0 .15 0 0 .15 .25 .15 .05 0 .25 0
 .15 .15 .10 0 0 0 0 .15 0 .25 .15 .25 .25 .10 0 .25 .25 .10 0 0
 0 0 .25 0 .25 .15 .25 0 .05 .25 .15 .15 0 .05 .10 .15 .10 .25 .15 .25
 .15 0 .15 0 .15 .25 .25 0 .25 0 .25 0 .25 .15 0 0 .15 .15 .15 0
 0 0 .25 .15 0
 .05 .27 .27 .27 .27 .27 .27 .27 .27 .27 .27 .27 .27 .27 0 .05 .05 .05 .27 0
 .05 .27 0 .27 0 .27 0 .27 0 .27 .27 .27 .27 0 .27 .27 0 0 .27 0
 0 0 .27 .27 .27 .27 .27 .27 .27 .27 .27 .27 .27 .27 .27 .27 0 0 .27 0
 .27 .27 .05 .27 .05 .27 .27 .27 0 .27 .27 .27 .27 .27 .05 .27 .27 .05 0 .05
 .05 0 .27 .27 .27 .27 0 0 .05 .27 .27 .27 0 .05 .27 .27 .27 .27 .27 .27
 .27 .27 .27 .27 .27 .27 .27 .27 .27 .27 .27 .27 .27 .27 .27 .27 .27 .27 .27 .27
 0 .27 .27 .27 .27
 0 0 0 0 0 0 0 0 0 0 0 0 0 0 0 0 0 0 0 0
 0 0 0 0 0 0 0 0 0 0 0 0 0 0 0 0 0 0 0 0
 0 0 0 0 0 0 0 0 0 0 0 0 0 0 0 0 0 0 0 0
 0 0 0 0 0 0 0 0 0 0 0 0 0 0 0 0 0 0 0 0
 0 0 0 0 0 0 0 0 0 0 0 0 0 0 0 0 0 0 0 0
 0 0 0 0 0 0 0 0 0 0 0 0 0 0 0 0 0 0 0 0
 0 0 0 0 0
 .05 0 .15 .32 0 0 .15 0 0 .15 .32 .15 .15 .15 .15 .05 .15 .05 .32 0
 .15 .15 0 .15 0 .15 .15 .15 .32 0 .32 .15 0 .32 .15 0 0 .32 .32 0
 0 0 0 .10 .15 .10 0 .15 .32 0 .15 0 0 .15 .32 .15 .15 0 .32 0
 .15 .15 .15 .15 0 0 0 0 0 .15 .15 .15 .32 .10 0 .32 .15 .15 0 0
 0 0 .15 .15 .32 .15 .32 0 .05 .32 0 .15 0 .05 .32 .15 .32 .32 .15 .32
 .15 0 0 .15 .15 .32 .15 0 .32 0 .15 .15 .32 .15 0 .15 0 .15 .15 0
 0 0 .32 0 .15
 .05 0 0 .10 0 .30 .05 .15 0 0 .30 .30 0 .15 0 .05 0 .05 .30 0
 0 .15 0 .15 0 .15 0 .30 .15 0 .30 .15 0 .15 0 .30 0 .15 .10 0
 0 0 0 .10 .15 .10 .15 .30 .30 0 .15 0 0 .15 .30 .15 0 0 .15 0
 .15 .15 0 0 0 0 0 .15 0 .30 .15 .30 .30 .10 0 .30 .30 0 0 0
 0 0 .30 0 .15 .15 .15 0 .05 .30 .15 .15 0 .05 .10 .15 .10 .30 .15 .30
 .15 0 .15 0 .15 .15 .30 0 .30 0 .30 0 .30 .15 0 0 .15 .15 .05 0
 0 0 .30 .15 0
 .05 .27 .27 .27 .27 .27 .27 .27 .27 .27 .27 .27 .27 .27 0 .05 .05 .05 .27 0
 .05 .27 0 .27 0 .27 0 .27 0 .27 .27 .27 .27 0 .27 .27 0 0 .27 0
 0 0 .27 .27 .27 .27 .27 .27 .27 .27 .27 .27 .27 .27 .27 .27 0 0 .27 0
 .27 .27 .05 .27 .05 .27 .27 .27 0 .27 .27 .27 .27 .27 .05 .27 .27 .05 0 .05
 .05 0 .27 .27 .27 .27 0 0 .05 .27 .27 .27 0 .05 .27 .27 .27 .27 .27 .27
 .27 .27 .27 .27 .27 .27 .27 .27 .27 .27 .27 .27 .27 .27 .27 .27 .27 .27 .27 .27
 0 .27 .27 .27 .27
 .15 .20 .10 0 .15 .10 .20 .15 .20 .10 .20 .20 .10 .15 .15 .15 .10 .15 .20 .15
 .10 .15 .15 .15 .10 .15 .15 .20 .20 .15 .20 .20 .15 .20 .10 .10 .15 .20 0 .10
 .15 .15 .20 .20 .15 .20 .15 .20 .20 .20 .20 .10 .15 .15 .20 .20 .15 .15 .20 .15
 .20 .15 .10 .10 .10 .10 .20 .15 .10 .20 .15 .20 .20 .20 .10 .20 .20 .10 .10 .10
 .10 .10 .20 .10 .20 .15 .20 .10 .15 .20 .15 .20 .15 .15 0 .20 0 .20 .20 .20
 .15 .20 .15 .10 .15 .20 .20 .10 .20 .10 .20 .10 .20 .20 .15 .10 .15 .20 .20 .20
 .15 .20 .20 .15 .10
 .05 0 0 .10 0 0 .25 .15 0 0 .25 .25 0 .15 0 .05 0 .05 .25 0
 0 .15 0 .15 0 .15 0 .25 0 0 .25 .15 0 0 0 0 0 0 .10 0
 0 0 0 .10 .15 .10 .15 .25 .25 0 .15 0 0 .15 .25 .25 0 0 .20 0
 .25 .15 0 0 0 0 0 .15 0 .25 .15 .25 .25 .10 0 .25 .25 0 0 0
 0 0 .25 0 .20 .15 0 0 .05 .25 .15 .15 0 .05 .10 .25 .10 .25 .15 .25
 .15 0 .15 0 .15 .20 .25 0 .25 0 .25 0 .25 .25 0 0 .15 .25 .25 0
 0 0 .25 .15 0
 .05 0 0 .10 0 .30 .05 .15 0 0 .30 .30 0 .15 0 .05 0 .05 .30 0
 0 .15 0 .15 0 .15 0 .30 .15 0 .30 .15 0 .15 0 .30 0 .15 .10 0
 0 0 0 .10 .15 .10 .15 .30 .30 0 .15 0 0 .15 .30 .15 0 0 .15 0
 .15 .15 0 0 0 0 0 .15 0 .30 .15 .30 .30 .10 0 .30 .30 0 0 0
 0 0 .30 0 .15 .15 .15 0 .05 .30 .15 .15 0 .05 .10 .15 .10 .30 .15 .30
 .15 0 .15 0 .15 .15 .30 0 .30 0 .30 0 .30 .15 0 0 .15 .15 .05 0
 0 0 .30 .15 0
 .05 0 0 .10 0 .30 .05 .15 0 0 .30 .30 0 .15 0 .05 0 .05 .30 0
 0 .15 0 .15 0 .15 0 .30 .15 0 .30 .15 0 .15 0 .30 0 .15 .10 0
 0 0 0 .10 .15 .10 .15 .30 .30 0 .15 0 0 .15 .30 .15 0 0 .15 0
 .15 .15 0 0 0 0 0 .15 0 .30 .15 .30 .30 .10 0 .30 .30 0 0 0
 0 0 .30 0 .15 .15 .15 0 .05 .30 .15 .15 0 .05 .10 .15 .10 .30 .15 .30
 .15 0 .15 0 .15 .15 .30 0 .30 0 .30 0 .30 .15 0 0 .15 .15 .05 0
 0 0 .30 .15 0
 0 0 0 0 0 0 0 0 0 0 0 0 0 0 0 0 0 0 0 0
 0 0 0 0 0 0 0 0 0 0 0 0 0 0 0 0 0 0 0 0
 0 0 0 0 0 0 0 0 0 0 0 0 0 0 0 0 0 0 0 0
 0 0 0 0 0 0 0 0 0 0 0 0 0 0 0 0 0 0 0 0
 0 0 0 0 0 0 0 0 0 0 0 0 0 0 0 0 0 0 0 0
 0 0 0 0 0 0 0 0 0 0 0 0 0 0 0 0 0 0 0 0
 0 0 0 0 0
 0 0 0 0 0 0 0 0 0 0 0 0 0 0 0 0 0 0 0 0
 0 0 0 0 0 0 0 0 0 0 0 0 0 0 0 0 0 0 0 0
 0 0 0 0 0 0 0 0 0 0 0 0 0 0 0 0 0 0 0 0
 0 0 0 0 0 0 0 0 0 0 0 0 0 0 0 0 0 0 0 0
 0 0 0 0 0 0 0 0 0 0 0 0 0 0 0 0 0 0 0 0
 0 0 0 0 0 0 0 0 0 0 0 0 0 0 0 0 0 0 0 0
 0 0 0 0 0
 .06 .15 .05 .15 .15 .15 .15 .15 .25 .05 .25 .10 .05 0 .15 .06 .15 .06 .25 .15
 .15 .15 .15 0 .15 .15 .15 .10 .25 .15 .25 .15 .15 .25 .05 .15 .15 .25 .15 .15
 .15 .15 .25 .10 0 .10 .15 .10 .25 .15 .15 .05 .15 .15 .25 .15 .15 .15 .15 .15
 .15 .15 .15 .05 .15 .05 .15 .15 .15 .10 .15 .10 .25 .10 .10 .25 .10 .15 .15 .15
 .15 .10 .10 .05 .15 0 .25 .15 .06 .25 .15 .15 .15 .06 .15 .15 .15 .25 .15 .25
 .15 .15 .15 .15 0 .15 .10 .05 .25 .05 .10 .15 .25 .15 .15 .15 .15 .15 .15 .25
 .15 .25 .25 .15 .05
 0 0 0 0 0 0 0 0 0 0 0 0 0 0 0 0 0 0 0 0
 0 0 0 0 0 0 0 0 0 0 0 0 0 0 0 0 0 0 0 0
 0 0 0 0 0 0 0 0 0 0 0 0 0 0 0 0 0 0 0 0
 0 0 0 0 0 0 0 0 0 0 0 0 0 0 0 0 0 0 0 0
 0 0 0 0 0 0 0 0 0 0 0 0 0 0 0 0 0 0 0 0
 0 0 0 0 0 0 0 0 0 0 0 0 0 0 0 0 0 0 0 0
 0 0 0 0 0
 0 0 0 0 0 0 0 0 0 0 0 0 0 0 0 0 0 0 0 0
 0 0 0 0 0 0 0 0 0 0 0 0 0 0 0 0 0 0 0 0
 0 0 0 0 0 0 0 0 0 0 0 0 0 0 0 0 0 0 0 0
 0 0 0 0 0 0 0 0 0 0 0 0 0 0 0 0 0 0 0 0
 0 0 0 0 0 0 0 0 0 0 0 0 0 0 0 0 0 0 0 0
 0 0 0 0 0 0 0 0 0 0 0 0 0 0 0 0 0 0 0 0
 0 0 0 0 0
 0 0 0 0 0 0 0 0 0 0 0 0 0 0 0 0 0 0 0 0
 0 0 0 0 0 0 0 0 0 0 0 0 0 0 0 0 0 0 0 0
 0 0 0 0 0 0 0 0 0 0 0 0 0 0 0 0 0 0 0 0
 0 0 0 0 0 0 0 0 0 0 0 0 0 0 0 0 0 0 0 0
 0 0 0 0 0 0 0 0 0 0 0 0 0 0 0 0 0 0 0 0
 0 0 0 0 0 0 0 0 0 0 0 0 0 0 0 0 0 0 0 0
 0 0 0 0 0
 .20 .20 .20 .20 .20 .20 .20 .20 .20 .20 0 .20 .20 .20 .20 .20 .20 .20 0 .20
 .20 .20 .20 .20 .20 .20 .20 .20 .20 .20 .20 .20 .20 .20 .20 .20 .20 .20 .20 .20
 .20 .20 .20 .20 .20 .20 .20 .20 0 .20 .20 .20 .20 .20 .20 .20 .20 .20 .20 .20
 .20 .20 .20 .20 .20 .20 .20 .20 .20 .20 .20 .20 0 .20 .20 .20 .20 .20 .20 .20
 .20 .20 .20 .20 .20 .20 .20 .20 .20 0 .20 .20 .20 .20 .20 .20 .20 .20 .20 0
 .20 .20 .20 .20 .20 .20 .20 .20 .20 .20 .20 .20 0 .20 .20 .20 .20 .20 .20 .20
 .20 .20 0 .20 .20
 .10 0 0 .25 0 0 .25 .15 0 0 .25 .10 0 .15 .10 .10 .10 .10 .25 0
 .10 .25 0 .15 0 .25 .10 .10 .25 0 .25 .18 0 .25 0 0 0 .25 .25 0
 0 0 0 .10 .15 .10 .15 .10 .25 0 .18 0 0 .25 .25 .15 .10 0 .25 0
 .15 .25 .10 0 0 0 0 .15 0 .10 .25 .10 .25 .10 0 .25 .10 .10 0 0
 0 0 .10 0 .25 .15 .25 0 .10 .25 .15 .18 0 .10 .25 .15 .25 .25 .18 .25
 .25 0 .15 0 .15 .25 .10 0 .25 0 .10 0 .25 .15 0 0 .15 .15 .25 0
 0 0 .25 .15 0
 .05 .15 .15 .15 .15 .15 .15 .15 .15 .15 .15 .15 .15 .15 .15 .05 0 .05 .15 .05
 0 .15 .05 .15 .15 .15 .15 .15 .15 .15 .15 0 .15 .15 .15 .15 .05 .15 .15 .15
 .05 .05 .15 .15 .15 .15 .15 .15 .15 .15 0 .15 .15 .15 .15 .15 .15 .05 .15 .05
 .15 .15 0 .15 .15 .15 .15 .15 .15 .15 .15 .15 .15 .15 0 .15 .15 0 .15 .15
 .15 0 .15 .15 .15 .15 .15 .15 .05 .15 .15 0 .05 .05 .15 .15 .15 .15 0 .15
 .15 .15 .15 0 .15 .15 .15 .15 .15 .15 .15 0 .15 .15 .15 0 .15 .15 .15 .15
 .05 .15 .15 .15 .15
 .05 0 0 .10 0 0 0 .15 0 0 .25 .25 0 .06 0 .05 0 .05 .25 0
 0 .15 0 .06 0 .15 0 .25 .25 0 .25 .15 0 .25 0 0 0 .25 .10 0
 0 0 0 .10 .06 .10 .15 .25 .25 0 .15 0 0 .15 .25 .15 0 0 .25 0
 .15 .15 0 0 0 0 0 .15 0 .25 .15 .25 .25 .10 0 .25 .25 0 0 0
 0 0 .25 0 .25 .06 .25 0 .05 .25 .15 .15 0 .05 .10 .15 .10 .25 .15 .25
 .15 0 .15 .05 .06 .25 .25 0 .25 0 .25 .05 .25 .15 0 .05 .15 .15 0 0
 0 0 .25 .15 0
 .05 0 0 .10 0 0 .15 .15 0 0 .25 .25 0 .15 .05 .05 .10 .05 .25 0
 .10 .15 0 .15 0 .15 .05 .25 .25 0 .25 .15 0 .25 0 0 0 .25 .10 0
 0 0 0 .10 .15 .10 .15 .25 .25 0 .15 0 0 .15 .25 .15 .05 0 .25 0
 .15 .15 .10 0 0 0 0 .15 0 .25 .15 .25 .25 .10 0 .25 .25 .10 0 0
 0 0 .25 0 .25 .15 .25 0 .05 .25 .15 .15 0 .05 .10 .15 .10 .25 .15 .25
 .15 0 .15 0 .15 .25 .25 0 .25 0 .25 0 .25 .15 0 0 .15 .15 .15 0
 0 0 .25 .15 0
 .15 .30 .30 .15 .15 .15 .30 .15 .30 .30 .30 .30 .30 .15 .15 .15 .15 .15 .30 .15
 .15 0 .15 .15 .15 0 .15 .30 .30 .15 .30 .30 .15 .30 .30 .15 .15 .30 .15 .15
 .15 .15 .30 .15 .15 .15 .15 .30 .30 .30 .30 .15 .15 0 .30 .30 .15 .15 .30 .15
 .30 0 .15 .30 .15 .15 .30 .15 .15 .30 0 .30 .30 .15 .15 .30 .30 .15 .15 .15
 .15 .15 .30 .30 .30 .15 .30 .15 .15 .30 .15 .30 .15 .15 .15 .30 .15 .30 .30 .30
 0 .30 .15 .30 .15 .30 .30 .15 .30 .15 .30 .30 .30 .30 .15 .30 .15 .30 .30 .30
 .15 .30 .30 .15 .30
 0 0 0 0 0 0 0 0 0 0 0 0 0 0 0 0 0 0 0 0
 0 0 0 0 0 0 0 0 0 0 0 0 0 0 0 0 0 0 0 0
 0 0 0 0 0 0 0 0 0 0 0 0 0 0 0 0 0 0 0 0
 0 0 0 0 0 0 0 0 0 0 0 0 0 0 0 0 0 0 0 0
 0 0 0 0 0 0 0 0 0 0 0 0 0 0 0 0 0 0 0 0
 0 0 0 0 0 0 0 0 0 0 0 0 0 0 0 0 0 0 0 0
 0 0 0 0 0
 0 0 0 0 0 0 0 0 0 0 0 0 0 0 0 0 0 0 0 0
 0 0 0 0 0 0 0 0 0 0 0 0 0 0 0 0 0 0 0 0
 0 0 0 0 0 0 0 0 0 0 0 0 0 0 0 0 0 0 0 0
 0 0 0 0 0 0 0 0 0 0 0 0 0 0 0 0 0 0 0 0
 0 0 0 0 0 0 0 0 0 0 0 0 0 0 0 0 0 0 0 0
 0 0 0 0 0 0 0 0 0 0 0 0 0 0 0 0 0 0 0 0
 0 0 0 0 0
 .15 .10 .05 .15 .05 .15 .15 .15 .20 .05 .25 .25 .05 .15 0 .15 .05 .15 .25 0
 .05 .15 0 .15 0 .15 0 .25 0 .05 .25 .20 .05 0 .05 .15 0 0 .15 0
 0 0 .20 .15 .15 .15 .15 .25 .25 .10 .20 0 .05 .15 .25 .15 0 0 .15 0
 .15 .15 .05 .05 .05 0 .10 .15 0 .25 .15 .25 .25 .15 .05 .25 .25 .05 0 .05
 .05 0 .25 .05 .15 .15 0 0 .15 .25 .15 .20 0 .15 .15 .15 .15 .25 .20 .25
 .15 .10 .15 .15 .15 .15 .25 0 .25 0 .25 .15 .25 .15 .05 .15 .15 .15 .15 .20
 0 .20 .25 .15 .05
 .05 0 0 .10 0 .30 .05 .15 0 0 .30 .30 0 .15 0 .05 0 .05 .30 0
 0 .15 0 .15 0 .15 0 .30 .15 0 .30 .15 0 .15 0 .30 0 .15 .10 0
 0 0 0 .10 .15 .10 .15 .30 .30 0 .15 0 0 .15 .30 .15 0 0 .15 0
 .15 .15 0 0 0 0 0 .15 0 .30 .15 .30 .30 .10 0 .30 .30 0 0 0
 0 0 .30 0 .15 .15 .15 0 .05 .30 .15 .15 0 .05 .10 .15 .10 .30 .15 .30
 .15 0 .15 0 .15 .15 .30 0 .30 0 .30 0 .30 .15 0 0 .15 .15 .05 0
 0 0 .30 .15 0
 .10 .10 .10 .10 .10 .10 .10 .10 .10 .10 .10 .10 .10 .15 .15 .10 .10 .10 .10 .15
 .10 .10 .15 .15 .15 .10 .15 .10 .10 .10 .10 .10 .10 .10 .10 .10 .15 .10 .10 .15
 .15 .15 .10 .10 .15 .10 .10 .10 .10 .10 .10 .10 .10 .10 .10 .10 .15 .15 0 .15
 .10 .10 .10 .10 .15 .10 .10 .10 .15 .10 .10 .10 .10 .10 .15 .10 .10 .10 .15 .15
 .15 .10 .10 .10 0 .15 .10 .15 .10 .10 .10 .10 .15 .10 .10 .10 .10 .10 .10 .10
 .10 .10 .10 .10 .15 0 .10 .10 .10 .10 .10 .10 .10 .10 .10 .10 .10 .10 .10 .10
 .15 .10 .10 .10 .10
 .05 0 0 .10 0 .30 .05 .15 0 0 .30 .30 0 .15 0 .05 0 .05 .30 0
 0 .15 0 .15 0 .15 0 .30 .15 0 .30 .15 0 .15 0 .30 0 .15 .10 0
 0 0 0 .10 .15 .10 .15 .30 .30 0 .15 0 0 .15 .30 .15 0 0 .15 0
 .15 .15 0 0 0 0 0 .15 0 .30 .15 .30 .30 .10 0 .30 .30 0 0 0
 0 0 .30 0 .15 .15 .15 0 .05 .30 .15 .15 0 .05 .10 .15 .10 .30 .15 .30
 .15 0 .15 0 .15 .15 .30 0 .30 0 .30 0 .30 .15 0 0 .15 .15 .05 0
 0 0 .30 .15 0
 0 0 0 0 0 0 0 0 0 0 0 0 0 0 0 0 0 0 0 0
 0 0 0 0 0 0 0 0 0 0 0 0 0 0 0 0 0 0 0 0
 0 0 0 0 0 0 0 0 0 0 0 0 0 0 0 0 0 0 0 0
 0 0 0 0 0 0 0 0 0 0 0 0 0 0 0 0 0 0 0 0
 0 0 0 0 0 0 0 0 0 0 0 0 0 0 0 0 0 0 0 0
 0 0 0 0 0 0 0 0 0 0 0 0 0 0 0 0 0 0 0 0
 0 0 0 0 0
 .15 .30 .30 .15 .15 .15 .30 .15 .30 .30 .30 .30 .30 .15 .15 .15 .15 .15 .30 .15
 .15 0 .15 .15 .15 0 .15 .30 .30 .15 .30 .30 .15 .30 .30 .15 .15 .30 .15 .15
 .15 .15 .30 .15 .15 .15 .15 .30 .30 .30 .30 .15 .15 0 .30 .30 .15 .15 .30 .15
 .30 0 .15 .30 .15 .15 .30 .15 .15 .30 0 .30 .30 .15 .15 .30 .30 .15 .15 .15
 .15 .15 .30 .30 .30 .15 .30 .15 .15 .30 .15 .30 .15 .15 .15 .30 .15 .30 .30 .30
 0 .30 .15 .30 .15 .30 .30 .15 .30 .15 .30 .30 .30 .30 .15 .30 .15 .30 .30 .30
 .15 .30 .30 .15 .30
 .05 .10 0 .10 .10 .15 .35 .15 .05 0 .35 .35 0 .15 .05 .05 0 .05 .35 0
 0 .15 0 .15 0 .15 .05 .35 .15 .10 .35 .35 .10 .15 0 .15 0 .15 .10 0
 0 0 .05 .10 .15 .10 .15 .35 .35 .10 .35 0 .10 .15 .35 .35 .05 0 .35 0
 .35 .15 0 0 .05 0 .10 .15 0 .35 .15 .35 .35 .10 .05 .35 .35 0 0 .05
 .05 .05 .35 0 .35 .15 .15 0 .05 .35 .15 .35 0 .05 .10 .35 .10 .35 .35 .35
 .15 .10 .15 .05 .15 .35 .35 0 .35 0 .35 .05 .35 .35 .10 .05 .15 .35 .35 .05
 0 .05 .35 .15 0
 0 0 0 0 0 0 0 0 0 0 0 0 0 0 0 0 0 0 0 0
 0 0 0 0 0 0 0 0 0 0 0 0 0 0 0 0 0 0 0 0
 0 0 0 0 0 0 0 0 0 0 0 0 0 0 0 0 0 0 0 0
 0 0 0 0 0 0 0 0 0 0 0 0 0 0 0 0 0 0 0 0
 0 0 0 0 0 0 0 0 0 0 0 0 0 0 0 0 0 0 0 0
 0 0 0 0 0 0 0 0 0 0 0 0 0 0 0 0 0 0 0 0
 0 0 0 0 0
 .05 0 0 .10 0 0 .15 .15 0 0 .25 .15 0 .15 0 .05 .05 .05 .25 0
 .05 .15 0 .15 0 .15 0 .15 .25 0 .25 .15 0 .25 0 0 0 .25 .10 0
 0 0 0 .15 .15 .15 .15 .15 .25 0 .15 0 0 .15 .25 .15 0 0 .15 0
 .15 .15 .05 0 0 0 0 .15 0 .15 .15 .15 .25 .15 0 .25 .15 .05 0 0
 0 0 .15 0 .15 .15 .25 0 .05 .25 .15 .15 0 .05 .10 .15 .10 .25 .15 .25
 .15 0 .15 0 .15 .15 .15 0 .25 0 .15 0 .25 .15 0 0 .15 .15 .15 0
 0 0 .25 .15 0
 .05 0 0 .10 0 0 0 .15 0 0 .25 .25 0 .06 0 .05 0 .05 .25 0
 0 .15 0 .06 0 .15 0 .25 .25 0 .25 .15 0 .25 0 0 0 .25 .10 0
 0 0 0 .10 .06 .10 .15 .25 .25 0 .15 0 0 .15 .25 .15 0 0 .25 0
 .15 .15 0 0 0 0 0 .15 0 .25 .15 .25 .25 .10 0 .25 .25 0 0 0
 0 0 .25 0 .25 .06 .25 0 .05 .25 .15 .15 0 .05 .10 .15 .10 .25 .15 .25
 .15 0 .15 .05 .06 .25 .25 0 .25 0 .25 .05 .25 .15 0 .05 .15 .15 0 0
 0 0 .25 .15 0
 .10 0 0 .25 0 0 .25 .15 0 0 .25 .10 0 .15 .10 .10 .10 .10 .25 0
 .10 .25 0 .15 0 .25 .10 .10 .25 0 .25 .18 0 .25 0 0 0 .25 .25 0
 0 0 0 .10 .15 .10 .15 .10 .25 0 .18 0 0 .25 .25 .15 .10 0 .25 0
 .15 .25 .10 0 0 0 0 .15 0 .10 .25 .10 .25 .10 0 .25 .10 .10 0 0
 0 0 .10 0 .25 .15 .25 0 .10 .25 .15 .18 0 .10 .25 .15 .25 .25 .18 .25
 .25 0 .15 0 .15 .25 .10 0 .25 0 .10 0 .25 .15 0 0 .15 .15 .25 0
 0 0 .25 .15 0
 0 0 0 0 0 0 0 0 0 0 0 0 0 0 0 0 0 0 0 0
 0 0 0 0 0 0 0 0 0 0 0 0 0 0 0 0 0 0 0 0
 0 0 0 0 0 0 0 0 0 0 0 0 0 0 0 0 0 0 0 0
 0 0 0 0 0 0 0 0 0 0 0 0 0 0 0 0 0 0 0 0
 0 0 0 0 0 0 0 0 0 0 0 0 0 0 0 0 0 0 0 0
 0 0 0 0 0 0 0 0 0 0 0 0 0 0 0 0 0 0 0 0
 0 0 0 0 0
 .05 0 0 .10 0 0 .25 .15 0 0 .25 .25 0 .15 0 .05 0 .05 .25 0
 0 .15 0 .15 0 .15 0 .25 0 0 .25 .15 0 0 0 0 0 0 .10 0
 0 0 0 .10 .15 .10 .15 .25 .25 0 .15 0 0 .15 .25 .25 0 0 .20 0
 .25 .15 0 0 0 0 0 .15 0 .25 .15 .25 .25 .10 0 .25 .25 0 0 0
 0 0 .25 0 .20 .15 0 0 .05 .25 .15 .15 0 .05 .10 .25 .10 .25 .15 .25
 .15 0 .15 0 .15 .20 .25 0 .25 0 .25 0 .25 .25 0 0 .15 .25 .25 0
 0 0 .25 .15 0
 0 0 0 0 0 0 0 0 0 0 0 0 0 0 0 0 0 0 0 0
 0 0 0 0 0 0 0 0 0 0 0 0 0 0 0 0 0 0 0 0
 0 0 0 0 0 0 0 0 0 0 0 0 0 0 0 0 0 0 0 0
 0 0 0 0 0 0 0 0 0 0 0 0 0 0 0 0 0 0 0 0
 0 0 0 0 0 0 0 0 0 0 0 0 0 0 0 0 0 0 0 0
 0 0 0 0 0 0 0 0 0 0 0 0 0 0 0 0 0 0 0 0
 0 0 0 0 0
 .15 .30 .30 .15 .15 .15 .30 .15 .30 .30 .30 .30 .30 .15 .15 .15 .15 .15 .30 .15
 .15 0 .15 .15 .15 0 .15 .30 .30 .15 .30 .30 .15 .30 .30 .15 .15 .30 .15 .15
 .15 .15 .30 .15 .15 .15 .15 .30 .30 .30 .30 .15 .15 0 .30 .30 .15 .15 .30 .15
 .30 0 .15 .30 .15 .15 .30 .15 .15 .30 0 .30 .30 .15 .15 .30 .30 .15 .15 .15
 .15 .15 .30 .30 .30 .15 .30 .15 .15 .30 .15 .30 .15 .15 .15 .30 .15 .30 .30 .30
 0 .30 .15 .30 .15 .30 .30 .15 .30 .15 .30 .30 .30 .30 .15 .30 .15 .30 .30 .30
 .15 .30 .30 .15 .30
 0 0 0 0 0 0 0 0 0 0 0 0 0 0 0 0 0 0 0 0
 0 0 0 0 0 0 0 0 0 0 0 0 0 0 0 0 0 0 0 0
 0 0 0 0 0 0 0 0 0 0 0 0 0 0 0 0 0 0 0 0
 0 0 0 0 0 0 0 0 0 0 0 0 0 0 0 0 0 0 0 0
 0 0 0 0 0 0 0 0 0 0 0 0 0 0 0 0 0 0 0 0
 0 0 0 0 0 0 0 0 0 0 0 0 0 0 0 0 0 0 0 0
 0 0 0 0 0
 .20 .20 .20 .20 .20 .20 .20 .20 .20 .20 0 .20 .20 .20 .20 .20 .20 .20 0 .20
 .20 .20 .20 .20 .20 .20 .20 .20 .20 .20 .20 .20 .20 .20 .20 .20 .20 .20 .20 .20
 .20 .20 .20 .20 .20 .20 .20 .20 0 .20 .20 .20 .20 .20 .20 .20 .20 .20 .20 .20
 .20 .20 .20 .20 .20 .20 .20 .20 .20 .20 .20 .20 0 .20 .20 .20 .20 .20 .20 .20
 .20 .20 .20 .20 .20 .20 .20 .20 .20 0 .20 .20 .20 .20 .20 .20 .20 .20 .20 0
 .20 .20 .20 .20 .20 .20 .20 .20 .20 .20 .20 .20 0 .20 .20 .20 .20 .20 .20 .20
 .20 .20 0 .20 .20
 0 0 0 0 0 0 0 0 0 0 0 0 0 0 0 0 0 0 0 0
 0 0 0 0 0 0 0 0 0 0 0 0 0 0 0 0 0 0 0 0
 0 0 0 0 0 0 0 0 0 0 0 0 0 0 0 0 0 0 0 0
 0 0 0 0 0 0 0 0 0 0 0 0 0 0 0 0 0 0 0 0
 0 0 0 0 0 0 0 0 0 0 0 0 0 0 0 0 0 0 0 0
 0 0 0 0 0 0 0 0 0 0 0 0 0 0 0 0 0 0 0 0
 0 0 0 0 0
 .05 .05 .05 .05 .05 .05 .05 .05 .05 .05 .05 .05 .05 .05 .05 .05 .05 .05 .05 .05
 .05 .05 .05 .05 .05 .05 .05 .05 .05 .05 .05 .05 .05 .05 .05 .05 .05 .05 .05 .05
 .05 .05 .05 .05 .05 .05 .05 .05 .05 .05 .05 .05 .05 .05 .05 .05 .05 .05 .05 .05
 .05 .05 .05 .05 .05 .05 .05 .05 .05 .05 .05 .05 .05 .05 0 .05 .05 .05 .05 .05
 .05 .05 .05 .05 .05 .05 .05 .05 .05 .05 .05 .05 .05 .05 .05 .05 .05 .05 .05 .05
 .05 .05 .05 .05 .05 .05 .05 .05 .05 .05 .05 .05 .05 .05 .05 .05 .05 .05 .05 .05
 .05 .05 .05 .05 .05
 0 0 0 0 0 0 0 0 0 0 0 0 0 0 0 0 0 0 0 0
 0 0 0 0 0 0 0 0 0 0 0 0 0 0 0 0 0 0 0 0
 0 0 0 0 0 0 0 0 0 0 0 0 0 0 0 0 0 0 0 0
 0 0 0 0 0 0 0 0 0 0 0 0 0 0 0 0 0 0 0 0
 0 0 0 0 0 0 0 0 0 0 0 0 0 0 0 0 0 0 0 0
 0 0 0 0 0 0 0 0 0 0 0 0 0 0 0 0 0 0 0 0
 0 0 0 0 0
 0 0 0 0 0 0 0 0 0 0 0 0 0 0 0 0 0 0 0 0
 0 0 0 0 0 0 0 0 0 0 0 0 0 0 0 0 0 0 0 0
 0 0 0 0 0 0 0 0 0 0 0 0 0 0 0 0 0 0 0 0
 0 0 0 0 0 0 0 0 0 0 0 0 0 0 0 0 0 0 0 0
 0 0 0 0 0 0 0 0 0 0 0 0 0 0 0 0 0 0 0 0
 0 0 0 0 0 0 0 0 0 0 0 0 0 0 0 0 0 0 0 0
 0 0 0 0 0
 .05 .10 0 .10 .10 .15 .35 .15 .05 0 .35 .35 0 .15 .05 .05 0 .05 .35 0
 0 .15 0 .15 0 .15 .05 .35 .15 .10 .35 .35 .10 .15 0 .15 0 .15 .10 0
 0 0 .05 .10 .15 .10 .15 .35 .35 .10 .35 0 .10 .15 .35 .35 .05 0 .35 0
 .35 .15 0 0 .05 0 .10 .15 0 .35 .15 .35 .35 .10 .05 .35 .35 0 0 .05
 .05 .05 .35 0 .35 .15 .15 0 .05 .35 .15 .35 0 .05 .10 .35 .10 .35 .35 .35
 .15 .10 .15 .05 .15 .35 .35 0 .35 0 .35 .05 .35 .35 .10 .05 .15 .35 .35 .05
 0 .05 .35 .15 0
 .05 0 0 .10 0 0 .25 .15 0 0 .25 .25 0 .15 0 .05 0 .05 .25 0
 0 .15 0 .15 0 .15 0 .25 0 0 .25 .15 0 0 0 0 0 0 .10 0
 0 0 0 .10 .15 .10 .15 .25 .25 0 .15 0 0 .15 .25 .25 0 0 .20 0
 .25 .15 0 0 0 0 0 .15 0 .25 .15 .25 .25 .10 0 .25 .25 0 0 0
 0 0 .25 0 .20 .15 0 0 .05 .25 .15 .15 0 .05 .10 .25 .10 .25 .15 .25
 .15 0 .15 0 .15 .20 .25 0 .25 0 .25 0 .25 .25 0 0 .15 .25 .25 0
 0 0 .25 .15 0
 .05 0 0 .10 0 0 .15 .15 0 0 .25 .15 0 .15 0 .05 .05 .05 .25 0
 .05 .15 0 .15 0 .15 0 .15 .25 0 .25 .15 0 .25 0 0 0 .25 .10 0
 0 0 0 .15 .15 .15 .15 .15 .25 0 .15 0 0 .15 .25 .15 0 0 .15 0
 .15 .15 .05 0 0 0 0 .15 0 .15 .15 .15 .25 .15 0 .25 .15 .05 0 0
 0 0 .15 0 .15 .15 .25 0 .05 .25 .15 .15 0 .05 .10 .15 .10 .25 .15 .25
 .15 0 .15 0 .15 .15 .15 0 .25 0 .15 0 .25 .15 0 0 .15 .15 .15 0
 0 0 .25 .15 0
 .05 0 0 .10 0 0 .15 .15 0 0 .25 .15 0 .15 0 .05 .05 .05 .25 0
 .05 .15 0 .15 0 .15 0 .15 .25 0 .25 .15 0 .25 0 0 0 .25 .10 0
 0 0 0 .15 .15 .15 .15 .15 .25 0 .15 0 0 .15 .25 .15 0 0 .15 0
 .15 .15 .05 0 0 0 0 .15 0 .15 .15 .15 .25 .15 0 .25 .15 .05 0 0
 0 0 .15 0 .15 .15 .25 0 .05 .25 .15 .15 0 .05 .10 .15 .10 .25 .15 .25
 .15 0 .15 0 .15 .15 .15 0 .25 0 .15 0 .25 .15 0 0 .15 .15 .15 0
 0 0 .25 .15 0
 .05 0 0 .10 0 0 .05 .15 0 0 .28 .28 0 .10 0 .05 0 .05 .28 0
 0 .15 0 .10 0 .15 0 .28 0 0 .28 0 0 0 0 0 0 0 .10 0
 0 0 0 .10 .10 .10 .15 .28 .28 0 0 0 0 .15 .28 .15 0 0 .28 0
 .15 .15 0 0 0 0 0 .15 0 .28 .15 .28 .28 .10 0 .28 .28 0 0 0
 0 0 .28 0 .28 .10 0 0 .05 .28 .15 0 0 .05 .10 .15 .10 .28 0 .28
 .15 0 .15 0 .10 .28 .28 0 .28 0 .28 0 .28 .15 0 0 .15 .15 .05 0
 0 0 .28 .15 0
 0 0 0 0 0 0 0 0 0 0 0 0 0 0 0 0 0 0 0 0
 0 0 0 0 0 0 0 0 0 0 0 0 0 0 0 0 0 0 0 0
 0 0 0 0 0 0 0 0 0 0 0 0 0 0 0 0 0 0 0 0
 0 0 0 0 0 0 0 0 0 0 0 0 0 0 0 0 0 0 0 0
 0 0 0 0 0 0 0 0 0 0 0 0 0 0 0 0 0 0 0 0
 0 0 0 0 0 0 0 0 0 0 0 0 0 0 0 0 0 0 0 0
 0 0 0 0 0
 0 0 0 0 0 0 0 0 0 0 0 0 0 0 0 0 0 0 0 0
 0 0 0 0 0 0 0 0 0 0 0 0 0 0 0 0 0 0 0 0
 0 0 0 0 0 0 0 0 0 0 0 0 0 0 0 0 0 0 0 0
 0 0 0 0 0 0 0 0 0 0 0 0 0 0 0 0 0 0 0 0
 0 0 0 0 0 0 0 0 0 0 0 0 0 0 0 0 0 0 0 0
 0 0 0 0 0 0 0 0 0 0 0 0 0 0 0 0 0 0 0 0
 0 0 0 0 0
 .10 .10 .10 .10 .10 .10 .10 .10 .10 .10 .10 .10 .10 .15 .15 .10 .10 .10 .10 .15
 .10 .10 .15 .15 .15 .10 .15 .10 .10 .10 .10 .10 .10 .10 .10 .10 .15 .10 .10 .15
 .15 .15 .10 .10 .15 .10 .10 .10 .10 .10 .10 .10 .10 .10 .10 .10 .15 .15 0 .15
 .10 .10 .10 .10 .15 .10 .10 .10 .15 .10 .10 .10 .10 .10 .15 .10 .10 .10 .15 .15
 .15 .10 .10 .10 0 .15 .10 .15 .10 .10 .10 .10 .15 .10 .10 .10 .10 .10 .10 .10
 .10 .10 .10 .10 .15 0 .10 .10 .10 .10 .10 .10 .10 .10 .10 .10 .10 .10 .10 .10
 .15 .10 .10 .10 .10
 .06 .15 .05 .15 .15 .15 .15 .15 .25 .05 .25 .10 .05 0 .15 .06 .15 .06 .25 .15
 .15 .15 .15 0 .15 .15 .15 .10 .25 .15 .25 .15 .15 .25 .05 .15 .15 .25 .15 .15
 .15 .15 .25 .10 0 .10 .15 .10 .25 .15 .15 .05 .15 .15 .25 .15 .15 .15 .15 .15
 .15 .15 .15 .05 .15 .05 .15 .15 .15 .10 .15 .10 .25 .10 .10 .25 .10 .15 .15 .15
 .15 .10 .10 .05 .15 0 .25 .15 .06 .25 .15 .15 .15 .06 .15 .15 .15 .25 .15 .25
 .15 .15 .15 .15 0 .15 .10 .05 .25 .05 .10 .15 .25 .15 .15 .15 .15 .15 .15 .25
 .15 .25 .25 .15 .05
 .05 .27 .27 .27 .27 .27 .27 .27 .27 .27 .27 .27 .27 .27 0 .05 .05 .05 .27 0
 .05 .27 0 .27 0 .27 0 .27 0 .27 .27 .27 .27 0 .27 .27 0 0 .27 0
 0 0 .27 .27 .27 .27 .27 .27 .27 .27 .27 .27 .27 .27 .27 .27 0 0 .27 0
 .27 .27 .05 .27 .05 .27 .27 .27 0 .27 .27 .27 .27 .27 .05 .27 .27 .05 0 .05
 .05 0 .27 .27 .27 .27 0 0 .05 .27 .27 .27 0 .05 .27 .27 .27 .27 .27 .27
 .27 .27 .27 .27 .27 .27 .27 .27 .27 .27 .27 .27 .27 .27 .27 .27 .27 .27 .27 .27
 0 .27 .27 .27 .27
 .05 0 0 .10 0 0 .25 .15 0 0 .25 .25 0 .15 0 .05 0 .05 .25 0
 0 .15 0 .15 0 .15 0 .25 0 0 .25 .15 0 0 0 0 0 0 .10 0
 0 0 0 .10 .15 .10 .15 .25 .25 0 .15 0 0 .15 .25 .25 0 0 .20 0
 .25 .15 0 0 0 0 0 .15 0 .25 .15 .25 .25 .10 0 .25 .25 0 0 0
 0 0 .25 0 .20 .15 0 0 .05 .25 .15 .15 0 .05 .10 .25 .10 .25 .15 .25
 .15 0 .15 0 .15 .20 .25 0 .25 0 .25 0 .25 .25 0 0 .15 .25 .25 0
 0 0 .25 .15 0
 0 .10 .05 .15 .05 .05 .05 .15 .30 .05 .30 .30 .05 .05 .15 0 .05 0 .30 .05
 .05 .15 .05 .05 .05 .15 .15 .30 .05 .05 .30 .05 .05 .05 .05 .05 .05 .05 .15 .05
 .05 .05 .30 .10 .05 .10 .15 .30 .30 .10 .05 .05 .05 .15 .30 .30 .15 .05 .30 .05
 .30 .15 .05 .05 .05 .05 .10 .15 .05 .30 .15 .30 .30 .10 .05 .30 .30 .05 .05 .05
 .05 .05 .30 .05 .30 .05 .05 .05 0 .30 .15 .05 .05 0 .15 .30 .15 .30 .05 .30
 .15 .10 .15 .05 .05 .30 .30 .05 .30 .05 .30 .05 .30 .30 .05 .05 .15 .30 .05 .30
 .05 .30 .30 .15 .05
 .20 .20 .20 .20 .20 .20 .20 .20 .20 .20 0 .20 .20 .20 .20 .20 .20 .20 0 .20
 .20 .20 .20 .20 .20 .20 .20 .20 .20 .20 .20 .20 .20 .20 .20 .20 .20 .20 .20 .20
 .20 .20 .20 .20 .20 .20 .20 .20 0 .20 .20 .20 .20 .20 .20 .20 .20 .20 .20 .20
 .20 .20 .20 .20 .20 .20 .20 .20 .20 .20 .20 .20 0 .20 .20 .20 .20 .20 .20 .20
 .20 .20 .20 .20 .20 .20 .20 .20 .20 0 .20 .20 .20 .20 .20 .20 .20 .20 .20 0
 .20 .20 .20 .20 .20 .20 .20 .20 .20 .20 .20 .20 0 .20 .20 .20 .20 .20 .20 .20
 .20 .20 0 .20 .20
 0 0 0 0 0 0 0 0 0 0 0 0 0 0 0 0 0 0 0 0
 0 0 0 0 0 0 0 0 0 0 0 0 0 0 0 0 0 0 0 0
 0 0 0 0 0 0 0 0 0 0 0 0 0 0 0 0 0 0 0 0
 0 0 0 0 0 0 0 0 0 0 0 0 0 0 0 0 0 0 0 0
 0 0 0 0 0 0 0 0 0 0 0 0 0 0 0 0 0 0 0 0
 0 0 0 0 0 0 0 0 0 0 0 0 0 0 0 0 0 0 0 0
 0 0 0 0 0
 .05 .15 .15 .15 .15 .15 .15 .15 .15 .15 .15 .15 .15 .15 .15 .05 0 .05 .15 .05
 0 .15 .05 .15 .15 .15 .15 .15 .15 .15 .15 0 .15 .15 .15 .15 .05 .15 .15 .15
 .05 .05 .15 .15 .15 .15 .15 .15 .15 .15 0 .15 .15 .15 .15 .15 .15 .05 .15 .05
 .15 .15 0 .15 .15 .15 .15 .15 .15 .15 .15 .15 .15 .15 0 .15 .15 0 .15 .15
 .15 0 .15 .15 .15 .15 .15 .15 .05 .15 .15 0 .05 .05 .15 .15 .15 .15 0 .15
 .15 .15 .15 0 .15 .15 .15 .15 .15 .15 .15 0 .15 .15 .15 0 .15 .15 .15 .15
 .05 .15 .15 .15 .15
 .05 0 0 .10 0 .30 .05 .15 0 0 .30 .30 0 .15 0 .05 0 .05 .30 0
 0 .15 0 .15 0 .15 0 .30 .15 0 .30 .15 0 .15 0 .30 0 .15 .10 0
 0 0 0 .10 .15 .10 .15 .30 .30 0 .15 0 0 .15 .30 .15 0 0 .15 0
 .15 .15 0 0 0 0 0 .15 0 .30 .15 .30 .30 .10 0 .30 .30 0 0 0
 0 0 .30 0 .15 .15 .15 0 .05 .30 .15 .15 0 .05 .10 .15 .10 .30 .15 .30
 .15 0 .15 0 .15 .15 .30 0 .30 0 .30 0 .30 .15 0 0 .15 .15 .05 0
 0 0 .30 .15 0
 0 .10 .05 .15 .05 .05 .05 .15 .30 .05 .30 .30 .05 .05 .15 0 .05 0 .30 .05
 .05 .15 .05 .05 .05 .15 .15 .30 .05 .05 .30 .05 .05 .05 .05 .05 .05 .05 .15 .05
 .05 .05 .30 .10 .05 .10 .15 .30 .30 .10 .05 .05 .05 .15 .30 .30 .15 .05 .30 .05
 .30 .15 .05 .05 .05 .05 .10 .15 .05 .30 .15 .30 .30 .10 .05 .30 .30 .05 .05 .05
 .05 .05 .30 .05 .30 .05 .05 .05 0 .30 .15 .05 .05 0 .15 .30 .15 .30 .05 .30
 .15 .10 .15 .05 .05 .30 .30 .05 .30 .05 .30 .05 .30 .30 .05 .05 .15 .30 .05 .30
 .05 .30 .30 .15 .05
 .15 .20 .10 0 .15 .10 .20 .15 .20 .10 .20 .20 .10 .15 .15 .15 .10 .15 .20 .15
 .10 .15 .15 .15 .10 .15 .15 .20 .20 .15 .20 .20 .15 .20 .10 .10 .15 .20 0 .10
 .15 .15 .20 .20 .15 .20 .15 .20 .20 .20 .20 .10 .15 .15 .20 .20 .15 .15 .20 .15
 .20 .15 .10 .10 .10 .10 .20 .15 .10 .20 .15 .20 .20 .20 .10 .20 .20 .10 .10 .10
 .10 .10 .20 .10 .20 .15 .20 .10 .15 .20 .15 .20 .15 .15 0 .20 0 .20 .20 .20
 .15 .20 .15 .10 .15 .20 .20 .10 .20 .10 .20 .10 .20 .20 .15 .10 .15 .20 .20 .20
 .15 .20 .20 .15 .10
 0 0 0 0 0 0 0 0 0 0 0 0 0 0 0 0 0 0 0 0
 0 0 0 0 0 0 0 0 0 0 0 0 0 0 0 0 0 0 0 0
 0 0 0 0 0 0 0 0 0 0 0 0 0 0 0 0 0 0 0 0
 0 0 0 0 0 0 0 0 0 0 0 0 0 0 0 0 0 0 0 0
 0 0 0 0 0 0 0 0 0 0 0 0 0 0 0 0 0 0 0 0
 0 0 0 0 0 0 0 0 0 0 0 0 0 0 0 0 0 0 0 0
 0 0 0 0 0
 .15 .20 .10 0 .15 .10 .20 .15 .20 .10 .20 .20 .10 .15 .15 .15 .10 .15 .20 .15
 .10 .15 .15 .15 .10 .15 .15 .20 .20 .15 .20 .20 .15 .20 .10 .10 .15 .20 0 .10
 .15 .15 .20 .20 .15 .20 .15 .20 .20 .20 .20 .10 .15 .15 .20 .20 .15 .15 .20 .15
 .20 .15 .10 .10 .10 .10 .20 .15 .10 .20 .15 .20 .20 .20 .10 .20 .20 .10 .10 .10
 .10 .10 .20 .10 .20 .15 .20 .10 .15 .20 .15 .20 .15 .15 0 .20 0 .20 .20 .20
 .15 .20 .15 .10 .15 .20 .20 .10 .20 .10 .20 .10 .20 .20 .15 .10 .15 .20 .20 .20
 .15 .20 .20 .15 .10
 0 0 0 0 0 0 0 0 0 0 0 0 0 0 0 0 0 0 0 0
 0 0 0 0 0 0 0 0 0 0 0 0 0 0 0 0 0 0 0 0
 0 0 0 0 0 0 0 0 0 0 0 0 0 0 0 0 0 0 0 0
 0 0 0 0 0 0 0 0 0 0 0 0 0 0 0 0 0 0 0 0
 0 0 0 0 0 0 0 0 0 0 0 0 0 0 0 0 0 0 0 0
 0 0 0 0 0 0 0 0 0 0 0 0 0 0 0 0 0 0 0 0
 0 0 0 0 0
 .05 .15 .15 .15 .15 .15 .15 .15 .15 .15 .15 .15 .15 .15 .15 .05 0 .05 .15 .05
 0 .15 .05 .15 .15 .15 .15 .15 .15 .15 .15 0 .15 .15 .15 .15 .05 .15 .15 .15
 .05 .05 .15 .15 .15 .15 .15 .15 .15 .15 0 .15 .15 .15 .15 .15 .15 .05 .15 .05
 .15 .15 0 .15 .15 .15 .15 .15 .15 .15 .15 .15 .15 .15 0 .15 .15 0 .15 .15
 .15 0 .15 .15 .15 .15 .15 .15 .05 .15 .15 0 .05 .05 .15 .15 .15 .15 0 .15
 .15 .15 .15 0 .15 .15 .15 .15 .15 .15 .15 0 .15 .15 .15 0 .15 .15 .15 .15
 .05 .15 .15 .15 .15
 .20 .20 .20 .20 .20 .20 .20 .20 .20 .20 0 .20 .20 .20 .20 .20 .20 .20 0 .20
 .20 .20 .20 .20 .20 .20 .20 .20 .20 .20 .20 .20 .20 .20 .20 .20 .20 .20 .20 .20
 .20 .20 .20 .20 .20 .20 .20 .20 0 .20 .20 .20 .20 .20 .20 .20 .20 .20 .20 .20
 .20 .20 .20 .20 .20 .20 .20 .20 .20 .20 .20 .20 0 .20 .20 .20 .20 .20 .20 .20
 .20 .20 .20 .20 .20 .20 .20 .20 .20 0 .20 .20 .20 .20 .20 .20 .20 .20 .20 0
 .20 .20 .20 .20 .20 .20 .20 .20 .20 .20 .20 .20 0 .20 .20 .20 .20 .20 .20 .20
 .20 .20 0 .20 .20
 .15 .30 .30 .15 .15 .15 .30 .15 .30 .30 .30 .30 .30 .15 .15 .15 .15 .15 .30 .15
 .15 0 .15 .15 .15 0 .15 .30 .30 .15 .30 .30 .15 .30 .30 .15 .15 .30 .15 .15
 .15 .15 .30 .15 .15 .15 .15 .30 .30 .30 .30 .15 .15 0 .30 .30 .15 .15 .30 .15
 .30 0 .15 .30 .15 .15 .30 .15 .15 .30 0 .30 .30 .15 .15 .30 .30 .15 .15 .15
 .15 .15 .30 .30 .30 .15 .30 .15 .15 .30 .15 .30 .15 .15 .15 .30 .15 .30 .30 .30
 0 .30 .15 .30 .15 .30 .30 .15 .30 .15 .30 .30 .30 .30 .15 .30 .15 .30 .30 .30
 .15 .30 .30 .15 .30
 .10 0 0 .25 0 0 .25 .15 0 0 .25 .10 0 .15 .10 .10 .10 .10 .25 0
 .10 .25 0 .15 0 .25 .10 .10 .25 0 .25 .18 0 .25 0 0 0 .25 .25 0
 0 0 0 .10 .15 .10 .15 .10 .25 0 .18 0 0 .25 .25 .15 .10 0 .25 0
 .15 .25 .10 0 0 0 0 .15 0 .10 .25 .10 .25 .10 0 .25 .10 .10 0 0
 0 0 .10 0 .25 .15 .25 0 .10 .25 .15 .18 0 .10 .25 .15 .25 .25 .18 .25
 .25 0 .15 0 .15 .25 .10 0 .25 0 .10 0 .25 .15 0 0 .15 .15 .25 0
 0 0 .25 .15 0
 0 0 0 0 0 0 0 0 0 0 0 0 0 0 0 0 0 0 0 0
 0 0 0 0 0 0 0 0 0 0 0 0 0 0 0 0 0 0 0 0
 0 0 0 0 0 0 0 0 0 0 0 0 0 0 0 0 0 0 0 0
 0 0 0 0 0 0 0 0 0 0 0 0 0 0 0 0 0 0 0 0
 0 0 0 0 0 0 0 0 0 0 0 0 0 0 0 0 0 0 0 0
 0 0 0 0 0 0 0 0 0 0 0 0 0 0 0 0 0 0 0 0
 0 0 0 0 0
 .05 0 0 0 0 0 .15 .15 0 0 .22 .15 0 .15 .15 .05 .05 .05 .22 0
 .05 .22 0 .15 0 .22 .15 .15 .22 0 .22 0 0 .22 0 0 0 .22 0 0
 0 0 0 .07 .15 .07 .15 .15 .22 0 0 0 0 .22 .22 .15 .15 0 .22 0
 .15 .22 .05 0 0 0 0 .15 0 .15 .22 .15 .22 .07 0 .22 .15 .05 0 0
 0 0 .15 0 .22 .15 .22 0 .05 .22 .15 0 0 .05 0 .15 0 .22 0 .22
 .22 0 .15 0 .15 .22 .15 0 .22 0 .15 0 .22 .15 0 0 .15 .15 .15 0
 0 0 .22 .15 0
 .06 .15 .05 .15 .15 .15 .15 .15 .25 .05 .25 .10 .05 0 .15 .06 .15 .06 .25 .15
 .15 .15 .15 0 .15 .15 .15 .10 .25 .15 .25 .15 .15 .25 .05 .15 .15 .25 .15 .15
 .15 .15 .25 .10 0 .10 .15 .10 .25 .15 .15 .05 .15 .15 .25 .15 .15 .15 .15 .15
 .15 .15 .15 .05 .15 .05 .15 .15 .15 .10 .15 .10 .25 .10 .10 .25 .10 .15 .15 .15
 .15 .10 .10 .05 .15 0 .25 .15 .06 .25 .15 .15 .15 .06 .15 .15 .15 .25 .15 .25
 .15 .15 .15 .15 0 .15 .10 .05 .25 .05 .10 .15 .25 .15 .15 .15 .15 .15 .15 .25
 .15 .25 .25 .15 .05
 .10 .10 .10 .10 .10 .10 .10 .10 .10 .10 .10 .10 .10 .15 .15 .10 .10 .10 .10 .15
 .10 .10 .15 .15 .15 .10 .15 .10 .10 .10 .10 .10 .10 .10 .10 .10 .15 .10 .10 .15
 .15 .15 .10 .10 .15 .10 .10 .10 .10 .10 .10 .10 .10 .10 .10 .10 .15 .15 0 .15
 .10 .10 .10 .10 .15 .10 .10 .10 .15 .10 .10 .10 .10 .10 .15 .10 .10 .10 .15 .15
 .15 .10 .10 .10 0 .15 .10 .15 .10 .10 .10 .10 .15 .10 .10 .10 .10 .10 .10 .10
 .10 .10 .10 .10 .15 0 .10 .10 .10 .10 .10 .10 .10 .10 .10 .10 .10 .10 .10 .10
 .15 .10 .10 .10 .10
 0 0 0 0 0 0 0 0 0 0 0 0 0 0 0 0 0 0 0 0
 0 0 0 0 0 0 0 0 0 0 0 0 0 0 0 0 0 0 0 0
 0 0 0 0 0 0 0 0 0 0 0 0 0 0 0 0 0 0 0 0
 0 0 0 0 0 0 0 0 0 0 0 0 0 0 0 0 0 0 0 0
 0 0 0 0 0 0 0 0 0 0 0 0 0 0 0 0 0 0 0 0
 0 0 0 0 0 0 0 0 0 0 0 0 0 0 0 0 0 0 0 0
 0 0 0 0 0
 .05 0 0 .10 0 0 0 .15 0 0 .25 .25 0 .06 0 .05 0 .05 .25 0
 0 .15 0 .06 0 .15 0 .25 .25 0 .25 .15 0 .25 0 0 0 .25 .10 0
 0 0 0 .10 .06 .10 .15 .25 .25 0 .15 0 0 .15 .25 .15 0 0 .25 0
 .15 .15 0 0 0 0 0 .15 0 .25 .15 .25 .25 .10 0 .25 .25 0 0 0
 0 0 .25 0 .25 .06 .25 0 .05 .25 .15 .15 0 .05 .10 .15 .10 .25 .15 .25
 .15 0 .15 .05 .06 .25 .25 0 .25 0 .25 .05 .25 .15 0 .05 .15 .15 0 0
 0 0 .25 .15 0
 0 0 0 0 0 0 0 0 0 0 0 0 0 0 0 0 0 0 0 0
 0 0 0 0 0 0 0 0 0 0 0 0 0 0 0 0 0 0 0 0
 0 0 0 0 0 0 0 0 0 0 0 0 0 0 0 0 0 0 0 0
 0 0 0 0 0 0 0 0 0 0 0 0 0 0 0 0 0 0 0 0
 0 0 0 0 0 0 0 0 0 0 0 0 0 0 0 0 0 0 0 0
 0 0 0 0 0 0 0 0 0 0 0 0 0 0 0 0 0 0 0 0
 0 0 0 0 0
 .05 0 0 .10 0 0 0 .15 0 0 .25 .25 0 .06 0 .05 0 .05 .25 0
 0 .15 0 .06 0 .15 0 .25 .25 0 .25 .15 0 .25 0 0 0 .25 .10 0
 0 0 0 .10 .06 .10 .15 .25 .25 0 .15 0 0 .15 .25 .15 0 0 .25 0
 .15 .15 0 0 0 0 0 .15 0 .25 .15 .25 .25 .10 0 .25 .25 0 0 0
 0 0 .25 0 .25 .06 .25 0 .05 .25 .15 .15 0 .05 .10 .15 .10 .25 .15 .25
 .15 0 .15 .05 .06 .25 .25 0 .25 0 .25 .05 .25 .15 0 .05 .15 .15 0 0
 0 0 .25 .15 0
 0 0 0 0 0 0 0 0 0 0 0 0 0 0 0 0 0 0 0 0
 0 0 0 0 0 0 0 0 0 0 0 0 0 0 0 0 0 0 0 0
 0 0 0 0 0 0 0 0 0 0 0 0 0 0 0 0 0 0 0 0
 0 0 0 0 0 0 0 0 0 0 0 0 0 0 0 0 0 0 0 0
 0 0 0 0 0 0 0 0 0 0 0 0 0 0 0 0 0 0 0 0
 0 0 0 0 0 0 0 0 0 0 0 0 0 0 0 0 0 0 0 0
 0 0 0 0 0
 .05 0 0 0 0 0 .15 .15 0 0 .22 .15 0 .15 .15 .05 .05 .05 .22 0
 .05 .22 0 .15 0 .22 .15 .15 .22 0 .22 0 0 .22 0 0 0 .22 0 0
 0 0 0 .07 .15 .07 .15 .15 .22 0 0 0 0 .22 .22 .15 .15 0 .22 0
 .15 .22 .05 0 0 0 0 .15 0 .15 .22 .15 .22 .07 0 .22 .15 .05 0 0
 0 0 .15 0 .22 .15 .22 0 .05 .22 .15 0 0 .05 0 .15 0 .22 0 .22
 .22 0 .15 0 .15 .22 .15 0 .22 0 .15 0 .22 .15 0 0 .15 .15 .15 0
 0 0 .22 .15 0
 .20 .20 .20 .20 .20 .20 .20 .20 .20 .20 0 .20 .20 .20 .20 .20 .20 .20 0 .20
 .20 .20 .20 .20 .20 .20 .20 .20 .20 .20 .20 .20 .20 .20 .20 .20 .20 .20 .20 .20
 .20 .20 .20 .20 .20 .20 .20 .20 0 .20 .20 .20 .20 .20 .20 .20 .20 .20 .20 .20
 .20 .20 .20 .20 .20 .20 .20 .20 .20 .20 .20 .20 0 .20 .20 .20 .20 .20 .20 .20
 .20 .20 .20 .20 .20 .20 .20 .20 .20 0 .20 .20 .20 .20 .20 .20 .20 .20 .20 0
 .20 .20 .20 .20 .20 .20 .20 .20 .20 .20 .20 .20 0 .20 .20 .20 .20 .20 .20 .20
 .20 .20 0 .20 .20
 0 0 0 0 0 0 0 0 0 0 0 0 0 0 0 0 0 0 0 0
 0 0 0 0 0 0 0 0 0 0 0 0 0 0 0 0 0 0 0 0
 0 0 0 0 0 0 0 0 0 0 0 0 0 0 0 0 0 0 0 0
 0 0 0 0 0 0 0 0 0 0 0 0 0 0 0 0 0 0 0 0
 0 0 0 0 0 0 0 0 0 0 0 0 0 0 0 0 0 0 0 0
 0 0 0 0 0 0 0 0 0 0 0 0 0 0 0 0 0 0 0 0
 0 0 0 0 0
 .05 0 0 .10 0 0 .15 .15 0 0 .25 .25 0 .15 .05 .05 .10 .05 .25 0
 .10 .15 0 .15 0 .15 .05 .25 .25 0 .25 .15 0 .25 0 0 0 .25 .10 0
 0 0 0 .10 .15 .10 .15 .25 .25 0 .15 0 0 .15 .25 .15 .05 0 .25 0
 .15 .15 .10 0 0 0 0 .15 0 .25 .15 .25 .25 .10 0 .25 .25 .10 0 0
 0 0 .25 0 .25 .15 .25 0 .05 .25 .15 .15 0 .05 .10 .15 .10 .25 .15 .25
 .15 0 .15 0 .15 .25 .25 0 .25 0 .25 0 .25 .15 0 0 .15 .15 .15 0
 0 0 .25 .15 0
 .05 0 0 0 0 0 .15 .15 0 0 .22 .15 0 .15 .15 .05 .05 .05 .22 0
 .05 .22 0 .15 0 .22 .15 .15 .22 0 .22 0 0 .22 0 0 0 .22 0 0
 0 0 0 .07 .15 .07 .15 .15 .22 0 0 0 0 .22 .22 .15 .15 0 .22 0
 .15 .22 .05 0 0 0 0 .15 0 .15 .22 .15 .22 .07 0 .22 .15 .05 0 0
 0 0 .15 0 .22 .15 .22 0 .05 .22 .15 0 0 .05 0 .15 0 .22 0 .22
 .22 0 .15 0 .15 .22 .15 0 .22 0 .15 0 .22 .15 0 0 .15 .15 .15 0
 0 0 .22 .15 0
 0 0 0 0 0 0 0 0 0 0 0 0 0 0 0 0 0 0 0 0
 0 0 0 0 0 0 0 0 0 0 0 0 0 0 0 0 0 0 0 0
 0 0 0 0 0 0 0 0 0 0 0 0 0 0 0 0 0 0 0 0
 0 0 0 0 0 0 0 0 0 0 0 0 0 0 0 0 0 0 0 0
 0 0 0 0 0 0 0 0 0 0 0 0 0 0 0 0 0 0 0 0
 0 0 0 0 0 0 0 0 0 0 0 0 0 0 0 0 0 0 0 0
 0 0 0 0 0
 0 0 0 0 0 0 0 0 0 0 0 0 0 0 0 0 0 0 0 0
 0 0 0 0 0 0 0 0 0 0 0 0 0 0 0 0 0 0 0 0
 0 0 0 0 0 0 0 0 0 0 0 0 0 0 0 0 0 0 0 0
 0 0 0 0 0 0 0 0 0 0 0 0 0 0 0 0 0 0 0 0
 0 0 0 0 0 0 0 0 0 0 0 0 0 0 0 0 0 0 0 0
 0 0 0 0 0 0 0 0 0 0 0 0 0 0 0 0 0 0 0 0
 0 0 0 0 0
 0 0 0 0 0 0 0 0 0 0 0 0 0 0 0 0 0 0 0 0
 0 0 0 0 0 0 0 0 0 0 0 0 0 0 0 0 0 0 0 0
 0 0 0 0 0 0 0 0 0 0 0 0 0 0 0 0 0 0 0 0
 0 0 0 0 0 0 0 0 0 0 0 0 0 0 0 0 0 0 0 0
 0 0 0 0 0 0 0 0 0 0 0 0 0 0 0 0 0 0 0 0
 0 0 0 0 0 0 0 0 0 0 0 0 0 0 0 0 0 0 0 0
 0 0 0 0 0
 0 0 0 0 0 0 0 0 0 0 0 0 0 0 0 0 0 0 0 0
 0 0 0 0 0 0 0 0 0 0 0 0 0 0 0 0 0 0 0 0
 0 0 0 0 0 0 0 0 0 0 0 0 0 0 0 0 0 0 0 0
 0 0 0 0 0 0 0 0 0 0 0 0 0 0 0 0 0 0 0 0
 0 0 0 0 0 0 0 0 0 0 0 0 0 0 0 0 0 0 0 0
 0 0 0 0 0 0 0 0 0 0 0 0 0 0 0 0 0 0 0 0
 0 0 0 0 0
 .05 0 0 .10 0 .30 .05 .15 0 0 .30 .30 0 .15 0 .05 0 .05 .30 0
 0 .15 0 .15 0 .15 0 .30 .15 0 .30 .15 0 .15 0 .30 0 .15 .10 0
 0 0 0 .10 .15 .10 .15 .30 .30 0 .15 0 0 .15 .30 .15 0 0 .15 0
 .15 .15 0 0 0 0 0 .15 0 .30 .15 .30 .30 .10 0 .30 .30 0 0 0
 0 0 .30 0 .15 .15 .15 0 .05 .30 .15 .15 0 .05 .10 .15 .10 .30 .15 .30
 .15 0 .15 0 .15 .15 .30 0 .30 0 .30 0 .30 .15 0 0 .15 .15 .05 0
 0 0 .30 .15 0
 0 0 0 0 0 0 0 0 0 0 0 0 0 0 0 0 0 0 0 0
 0 0 0 0 0 0 0 0 0 0 0 0 0 0 0 0 0 0 0 0
 0 0 0 0 0 0 0 0 0 0 0 0 0 0 0 0 0 0 0 0
 0 0 0 0 0 0 0 0 0 0 0 0 0 0 0 0 0 0 0 0
 0 0 0 0 0 0 0 0 0 0 0 0 0 0 0 0 0 0 0 0
 0 0 0 0 0 0 0 0 0 0 0 0 0 0 0 0 0 0 0 0
 0 0 0 0 0
 .20 .20 .20 .20 .20 .20 .20 .20 .20 .20 0 .20 .20 .20 .20 .20 .20 .20 0 .20
 .20 .20 .20 .20 .20 .20 .20 .20 .20 .20 .20 .20 .20 .20 .20 .20 .20 .20 .20 .20
 .20 .20 .20 .20 .20 .20 .20 .20 0 .20 .20 .20 .20 .20 .20 .20 .20 .20 .20 .20
 .20 .20 .20 .20 .20 .20 .20 .20 .20 .20 .20 .20 0 .20 .20 .20 .20 .20 .20 .20
 .20 .20 .20 .20 .20 .20 .20 .20 .20 0 .20 .20 .20 .20 .20 .20 .20 .20 .20 0
 .20 .20 .20 .20 .20 .20 .20 .20 .20 .20 .20 .20 0 .20 .20 .20 .20 .20 .20 .20
 .20 .20 0 .20 .20
 0 0 0 0 0 0 0 0 0 0 0 0 0 0 0 0 0 0 0 0
 0 0 0 0 0 0 0 0 0 0 0 0 0 0 0 0 0 0 0 0
 0 0 0 0 0 0 0 0 0 0 0 0 0 0 0 0 0 0 0 0
 0 0 0 0 0 0 0 0 0 0 0 0 0 0 0 0 0 0 0 0
 0 0 0 0 0 0 0 0 0 0 0 0 0 0 0 0 0 0 0 0
 0 0 0 0 0 0 0 0 0 0 0 0 0 0 0 0 0 0 0 0
 0 0 0 0 0
 0 0 0 0 0 0 0 0 0 0 0 0 0 0 0 0 0 0 0 0
 0 0 0 0 0 0 0 0 0 0 0 0 0 0 0 0 0 0 0 0
 0 0 0 0 0 0 0 0 0 0 0 0 0 0 0 0 0 0 0 0
 0 0 0 0 0 0 0 0 0 0 0 0 0 0 0 0 0 0 0 0
 0 0 0 0 0 0 0 0 0 0 0 0 0 0 0 0 0 0 0 0
 0 0 0 0 0 0 0 0 0 0 0 0 0 0 0 0 0 0 0 0
 0 0 0 0 0

