 150 2
 2 .37 .37 105
 4 0 .43 186
 2 .35 .35 289
 2 .30 .30 216
 2 .37 .37 80
 3 .33 .33 337
 2 .33 .33 0
 2 .28 .28 0
 3 .35 .35 426
 4 .20 .40 0
 4 0 .43 182
 4 .35 .35 403
 2 .37 .37 0
 2 .24 .24 432
 3 .35 .35 321
 1 0 .35 33
 3 .35 .35 0
 3 .35 .35 126
 2 .28 .28 0
 1 0 .34 0
 1 0 .33 351
 4 .35 .35 384
 3 0 .35 0
 3 .45 .45 702
 2 .28 .28 319
 2 .40 .40 162
 2 .45 .45 98
 4 .35 .35 383
 1 0 .33 427
 2 .45 .45 115
 2 .30 .30 170
 3 .35 .35 0
 1 0 .10 219
 3 .35 .35 341
 3 .35 .35 118
 2 .37 .37 118
 3 .45 .45 0
 3 0 .35 107
 1 0 .10 206
 4 .17 .17 35
 1 0 .35 47
 1 0 .33 443
 1 0 .34 106
 4 0 .43 232
 1 0 .34 117
 4 .35 .35 396
 2 .37 .37 82
 3 .45 .45 0
 2 .28 .28 152
 3 .33 .33 0
 3 .45 .45 522
 2 .40 .40 138
 3 .45 .45 575
 3 0 .35 80
 3 .33 .33 278
 2 .40 .40 123
 2 .24 .24 0
 2 .33 .33 0
 1 0 .33 324
 2 .28 .28 294
 2 .28 .28 290
 2 .25 .25 95
 2 .40 .40 0
 1 0 .34 81
 2 .33 .33 35
 1 0 .35 83
 2 .33 .33 35
 2 .28 .28 161
 3 .46 .46 175
 2 .33 .33 35
 2 .33 .33 527
 2 .28 .28 0
 4 .35 .35 0
 3 .46 .46 163
 2 .33 .33 0
 2 .30 .30 164
 1 0 .33 0
 4 .35 .35 0
 2 .40 .40 133
 2 .24 .24 444
 2 .37 .37 0
 3 0 .35 87
 3 .33 .33 0
 2 .28 .28 276
 2 .28 .28 304
 1 0 .10 207
 2 .40 .40 0
 2 .37 .37 80
 4 .35 .35 354
 2 .24 .24 356
 3 .35 .35 127
 4 .17 .17 40
 2 .25 .25 0
 2 .33 .33 459
 1 0 .34 308
 1 0 .35 46
 2 .28 .28 168
 2 .30 .30 212
 2 .33 .33 0
 1 0 .35 50
 4 .17 .17 44
 4 0 .43 219
 4 .35 .35 328
 3 .35 .35 360
 2 .30 .30 226
 3 .35 .35 122
 1 0 .33 0
 1 0 .35 80
 2 .40 .40 159
 3 .35 .35 121
 2 .24 .24 0
 3 .45 .45 630
 1 0 .35 44
 1 0 .33 0
 2 .37 .37 99
 2 .28 .28 128
 1 0 .34 308
 3 .35 .35 421
 2 .45 .45 139
 2 .45 .45 96
 3 .33 .33 291
 4 .35 .35 0
 4 0.02 .43 0
 2 .28 .28 0
 2 .33 .33 24
 2 .25 .25 105
 1 0 .35 112
 1 0 .33 219
 2 .25 .25 99
 4 .35 .35 466
 4 0.07 .43 0
 3 .35 .35 411
 3 .35 .35 0
 2 .37 .37 0
 2 .28 .28 358
 2 .37 .37 84
 2 .24 .24 0
 2 .24 .24 465
 3 0 .35 106
 2 .28 .28 274
 4 .17 .17 47
 1 0 .34 301
 1 0 .34 315
 1 0 .33 160
 3 .33 .33 321
 1 0 .10 196
 4 .20 .40 167
 2 .35 .35 0
 3 .33 .33 254
 1 0 .34 295
 0 .15 .32 .15 0 0 .32 0 .15 0 .15 .05 0 .10 .15 .15 0 0 .15 .15
 0 .05 0 0 0 0 .32 .05 0 .32 .15 .15 .15 .15 0 0 0 0 .15 .32
 .15 0 .15 .15 .15 .05 0 0 0 0 0 0 0 0 0 0 .10 .32 0 0
 0 .32 0 .15 .32 .15 .32 0 .15 .32 0 0 .05 .15 0 .15 .15 .05 0 .10
 0 0 0 0 0 .15 0 0 .05 .10 0 .32 .32 0 0 .15 0 .15 .32 .15
 .32 .15 .05 .15 .15 0 .15 .15 0 0 .10 0 .15 .15 0 0 0 .15 .32 .32
 0 .05 .15 0 .32 .32 .15 .15 .32 .05 .15 .15 .15 0 0 0 .10 .10 0 0
 .32 0 0 .15 0 .15 0 .32 0 0
 0 0 0 0 0 0 0 0 0 0 0 0 0 0 0 0 0 0 0 0
 0 0 0 0 0 0 0 0 0 0 0 0 0 0 0 0 0 0 0 0
 0 0 0 0 0 0 0 0 0 0 0 0 0 0 0 0 0 0 0 0
 0 0 0 0 0 0 0 0 0 0 0 0 0 0 0 0 0 0 0 0
 0 0 0 0 0 0 0 0 0 0 0 0 0 0 0 0 0 0 0 0
 0 0 0 0 0 0 0 0 0 0 0 0 0 0 0 0 0 0 0 0
 0 0 0 0 0 0 0 0 0 0 0 0 0 0 0 0 0 0 0 0
 0 0 0 0 0 0 0 0 0 0
 .10 .10 0 .10 .10 .15 .10 .10 .10 .10 .10 .10 .10 .10 .10 .10 .10 .10 .15 .10
 .10 .10 .10 .15 .10 .10 .10 .10 .10 .10 .10 .10 .10 .10 .10 .10 .15 .10 .10 .10
 .10 .10 .10 .10 .10 .10 .10 .15 .15 .15 .15 .10 .15 .10 .15 .10 .10 .10 .10 .10
 .10 .10 .10 .10 .10 .10 .10 .15 .15 .10 .10 .10 .10 .15 .10 .10 .10 .10 .10 .10
 .10 .10 .15 .10 .10 .10 .10 .10 .10 .10 .10 .10 .10 .10 .15 .10 .15 .10 .10 .10
 .10 .10 .10 .10 .10 .10 .10 .10 .10 .10 .10 .15 .10 .10 .10 .15 .15 .10 .10 .10
 .15 .10 .10 .10 .10 .10 .10 .10 .10 .10 .10 .10 .10 .10 .10 .10 .10 .10 .10 .10
 .10 .15 .15 .10 .15 .10 .10 0 .15 .15
 0 0 0 0 0 0 0 0 0 0 0 0 0 0 0 0 0 0 0 0
 0 0 0 0 0 0 0 0 0 0 0 0 0 0 0 0 0 0 0 0
 0 0 0 0 0 0 0 0 0 0 0 0 0 0 0 0 0 0 0 0
 0 0 0 0 0 0 0 0 0 0 0 0 0 0 0 0 0 0 0 0
 0 0 0 0 0 0 0 0 0 0 0 0 0 0 0 0 0 0 0 0
 0 0 0 0 0 0 0 0 0 0 0 0 0 0 0 0 0 0 0 0
 0 0 0 0 0 0 0 0 0 0 0 0 0 0 0 0 0 0 0 0
 0 0 0 0 0 0 0 0 0 0
 0 .15 .32 .15 0 0 .32 0 .15 0 .15 .05 0 .10 .15 .15 0 0 .15 .15
 0 .05 0 0 0 0 .32 .05 0 .32 .15 .15 .15 .15 0 0 0 0 .15 .32
 .15 0 .15 .15 .15 .05 0 0 0 0 0 0 0 0 0 0 .10 .32 0 0
 0 .32 0 .15 .32 .15 .32 0 .15 .32 0 0 .05 .15 0 .15 .15 .05 0 .10
 0 0 0 0 0 .15 0 0 .05 .10 0 .32 .32 0 0 .15 0 .15 .32 .15
 .32 .15 .05 .15 .15 0 .15 .15 0 0 .10 0 .15 .15 0 0 0 .15 .32 .32
 0 .05 .15 0 .32 .32 .15 .15 .32 .05 .15 .15 .15 0 0 0 .10 .10 0 0
 .32 0 0 .15 0 .15 0 .32 0 0
 .05 .05 .05 .05 .05 0 .05 .05 .05 .05 .05 .05 .05 .05 .05 .05 .05 .05 .05 .05
 .05 .05 .05 .05 .05 .05 .05 .05 .05 .05 .05 .05 .05 .05 .05 .05 .05 .05 .05 .05
 .05 .05 .05 .05 .05 .05 .05 .05 .05 0 .05 .05 .05 .05 0 .05 .05 .05 .05 .05
 .05 .05 .05 .05 .05 .05 .05 .05 .05 .05 .05 .05 .05 .05 .05 .05 .05 .05 .05 .05
 .05 .05 0 .05 .05 .05 .05 .05 .05 .05 .05 .05 .05 .05 .05 .05 .05 .05 .05 .05
 .05 .05 .05 .05 .05 .05 .05 .05 .05 .05 .05 .05 .05 .05 .05 .05 .05 .05 .05 .05
 0 .05 .05 .05 .05 .05 .05 .05 .05 .05 .05 .05 .05 .05 .05 .05 .05 .05 .05 .05
 .05 .05 .05 .05 0 .05 .05 .05 0 .05
 .27 .27 .27 .27 .27 .05 0 0 .27 .27 .27 .05 .27 .27 .27 .27 .27 .27 0 .27
 .05 .05 .27 .05 0 .27 .27 .05 .05 .27 .27 .27 .05 .27 .27 .27 .05 .27 .05 .27
 .27 .05 .27 .27 .27 .05 .27 .05 0 .05 .05 .27 .05 .27 .05 .27 .27 0 .05 0
 0 .27 .27 .27 0 .27 0 0 .27 0 .27 0 .05 .27 .27 .27 .27 .05 .27 .27
 .27 .27 .05 0 0 .05 .27 .27 .05 .27 .27 .27 .27 .27 0 .27 0 .27 0 .27
 .27 .27 .05 .27 .27 .27 .27 .27 .27 .27 .27 .05 .27 .27 .27 0 0 .27 .27 .27
 .05 .05 .27 0 0 .27 .27 .27 .27 .05 .27 .27 .27 .27 0 .27 .27 .27 .27 0
 .27 0 0 .27 .05 .05 .27 .27 .05 0
 0 .15 .28 .28 0 0 0 0 0 0 .15 .05 0 .10 0 0 0 0 0 0
 0 .05 0 0 0 0 .10 .05 0 .10 .28 0 0 0 0 0 0 0 0 .28
 .05 0 0 .15 0 .05 0 0 0 0 0 0 0 0 0 0 .10 0 0 0
 0 .28 0 0 0 0 0 0 .10 0 .15 0 .05 .10 .15 .28 .15 .05 0 .10
 0 0 0 0 0 0 0 0 .05 .10 0 .28 .28 .15 0 .05 0 .28 0 .05
 .28 .15 .05 0 .28 0 .15 0 0 0 .10 0 .05 .15 0 0 0 0 .10 .10
 0 .05 .15 0 0 .28 0 .15 .28 .05 .15 0 0 0 0 0 .10 .10 0 0
 .28 0 0 .15 0 0 0 .28 0 0
 .15 .15 .15 .15 .15 0 .15 0 0 .15 .15 .05 .15 .15 0 .15 .15 .15 .15 0
 .15 .05 .15 .15 0 .15 .15 .05 .15 .15 .15 0 0 0 .15 .15 .15 .15 0 .15
 .15 .15 0 .15 0 .05 .15 .15 .05 0 .15 .15 .15 .15 0 .15 .15 .15 .15 0
 0 .15 .15 0 .15 .15 .15 .05 .15 .15 .15 0 .05 .15 .15 .15 .15 .05 .15 .15
 .15 .15 0 0 0 0 .15 .15 .05 .15 .15 .15 .15 .15 .15 .15 .05 .15 .15 .15
 .15 .15 .05 0 .15 .15 .15 .15 .15 .15 .15 .15 .15 .15 .15 .05 .15 0 .15 .15
 0 .05 .15 0 .15 .15 .15 .15 .15 .05 .15 0 0 .15 0 .15 .15 .15 .15 0
 .15 .15 .15 .15 0 0 .15 .15 0 .15
 0 .15 .25 .25 0 0 .25 0 .15 0 .15 .05 0 .10 .15 0 0 0 .05 0
 0 .05 0 0 0 0 .10 .05 0 .10 .25 .15 .10 .15 0 0 0 0 .10 .25
 .15 0 0 .15 0 .05 0 0 0 0 0 0 0 0 0 0 .10 .25 0 0
 0 .25 0 0 .25 0 .25 0 .15 .25 .15 0 .05 .15 .15 .25 .15 .05 0 .10
 0 0 0 0 0 .10 0 0 .05 .10 0 .25 .25 .15 0 .15 0 .25 .25 .15
 .25 .15 .05 .15 .25 0 .15 0 0 0 .10 0 .15 .15 0 0 0 .15 .10 .10
 0 .05 .15 0 .25 .25 0 .15 .25 .05 .15 .15 .15 0 0 0 .10 .10 0 0
 .25 0 0 .15 0 .10 0 .25 0 0
 0 0 0 0 0 0 0 0 0 0 0 0 0 0 0 0 0 0 0 0
 0 0 0 0 0 0 0 0 0 0 0 0 0 0 0 0 0 0 0 0
 0 0 0 0 0 0 0 0 0 0 0 0 0 0 0 0 0 0 0 0
 0 0 0 0 0 0 0 0 0 0 0 0 0 0 0 0 0 0 0 0
 0 0 0 0 0 0 0 0 0 0 0 0 0 0 0 0 0 0 0 0
 0 0 0 0 0 0 0 0 0 0 0 0 0 0 0 0 0 0 0 0
 0 0 0 0 0 0 0 0 0 0 0 0 0 0 0 0 0 0 0 0
 0 0 0 0 0 0 0 0 0 0
 .05 .30 .30 .30 .05 .05 .05 .05 .05 .05 .30 0 .05 .10 .05 .05 .10 .10 .15 .05
 .05 0 .05 .05 .05 .30 .15 0 .05 .15 .30 .05 .05 .05 .10 .05 .05 .05 .05 .30
 .05 .05 .05 .30 .05 0 .05 .05 .05 .05 .05 .30 .05 .05 .05 .30 .10 .05 .05 .05
 .05 .30 .30 .05 .05 .05 .05 .05 .05 .05 .15 .05 0 .05 .15 .30 .15 0 .30 .10
 .05 .05 .05 .05 .05 .05 .30 .05 0 .10 .10 .30 .30 .15 .05 .05 .05 .30 .05 .05
 .30 .30 0 .05 .30 .10 .15 .05 .30 .10 .10 .05 .05 .15 .05 .05 .05 .05 .15 .15
 .05 0 .30 .05 .05 .30 .05 .15 .30 0 .30 .05 .05 .05 .05 .05 .10 .10 .05 .05
 .30 .05 .05 .15 .05 .05 .05 .30 .05 .05
 0 .15 .32 .15 0 0 .32 0 .15 0 .15 .05 0 .10 .15 .15 0 0 .15 .15
 0 .05 0 0 0 0 .32 .05 0 .32 .15 .15 .15 .15 0 0 0 0 .15 .32
 .15 0 .15 .15 .15 .05 0 0 0 0 0 0 0 0 0 0 .10 .32 0 0
 0 .32 0 .15 .32 .15 .32 0 .15 .32 0 0 .05 .15 0 .15 .15 .05 0 .10
 0 0 0 0 0 .15 0 0 .05 .10 0 .32 .32 0 0 .15 0 .15 .32 .15
 .32 .15 .05 .15 .15 0 .15 .15 0 0 .10 0 .15 .15 0 0 0 .15 .32 .32
 0 .05 .15 0 .32 .32 .15 .15 .32 .05 .15 .15 .15 0 0 0 .10 .10 0 0
 .32 0 0 .15 0 .15 0 .32 0 0
 0 0 0 0 0 0 0 0 0 0 0 0 0 0 0 0 0 0 0 0
 0 0 0 0 0 0 0 0 0 0 0 0 0 0 0 0 0 0 0 0
 0 0 0 0 0 0 0 0 0 0 0 0 0 0 0 0 0 0 0 0
 0 0 0 0 0 0 0 0 0 0 0 0 0 0 0 0 0 0 0 0
 0 0 0 0 0 0 0 0 0 0 0 0 0 0 0 0 0 0 0 0
 0 0 0 0 0 0 0 0 0 0 0 0 0 0 0 0 0 0 0 0
 0 0 0 0 0 0 0 0 0 0 0 0 0 0 0 0 0 0 0 0
 0 0 0 0 0 0 0 0 0 0
 .15 .15 .15 .15 .15 0 .15 0 0 .15 .15 .05 .15 .15 0 .15 .15 .15 .15 0
 .15 .05 .15 .15 0 .15 .15 .05 .15 .15 .15 0 0 0 .15 .15 .15 .15 0 .15
 .15 .15 0 .15 0 .05 .15 .15 .05 0 .15 .15 .15 .15 0 .15 .15 .15 .15 0
 0 .15 .15 0 .15 .15 .15 .05 .15 .15 .15 0 .05 .15 .15 .15 .15 .05 .15 .15
 .15 .15 0 0 0 0 .15 .15 .05 .15 .15 .15 .15 .15 .15 .15 .05 .15 .15 .15
 .15 .15 .05 0 .15 .15 .15 .15 .15 .15 .15 .15 .15 .15 .15 .05 .15 0 .15 .15
 0 .05 .15 0 .15 .15 .15 .15 .15 .05 .15 0 0 .15 0 .15 .15 .15 .15 0
 .15 .15 .15 .15 0 0 .15 .15 0 .15
 0 0 0 0 0 0 0 0 0 0 0 0 0 0 0 0 0 0 0 0
 0 0 0 0 0 0 0 0 0 0 0 0 0 0 0 0 0 0 0 0
 0 0 0 0 0 0 0 0 0 0 0 0 0 0 0 0 0 0 0 0
 0 0 0 0 0 0 0 0 0 0 0 0 0 0 0 0 0 0 0 0
 0 0 0 0 0 0 0 0 0 0 0 0 0 0 0 0 0 0 0 0
 0 0 0 0 0 0 0 0 0 0 0 0 0 0 0 0 0 0 0 0
 0 0 0 0 0 0 0 0 0 0 0 0 0 0 0 0 0 0 0 0
 0 0 0 0 0 0 0 0 0 0
 0 .15 .25 .10 0 0 .25 0 .18 0 .15 .10 0 .10 .18 0 0 0 .10 0
 0 .10 0 0 0 0 .25 .10 0 .25 .10 .18 .10 .18 0 0 0 0 .10 .25
 .25 0 0 .15 0 .10 0 0 0 0 0 0 0 0 0 0 .10 .25 0 0
 0 .25 0 0 .25 0 .25 0 .15 .25 .15 0 .10 .15 .15 .10 .25 .10 0 .10
 0 0 0 0 0 .10 0 0 .10 .10 0 .25 .25 .15 0 .25 0 .10 .25 .25
 .25 .15 .10 .18 .10 0 .25 0 0 0 .10 0 .25 .25 0 0 0 .18 .25 .25
 0 .10 .15 0 .25 .25 0 .25 .25 .10 .15 .18 .18 0 0 0 .10 .10 0 0
 .25 0 0 .25 0 .10 0 .25 0 0
 0 .15 .25 .10 0 0 .25 0 .18 0 .15 .10 0 .10 .18 0 0 0 .10 0
 0 .10 0 0 0 0 .25 .10 0 .25 .10 .18 .10 .18 0 0 0 0 .10 .25
 .25 0 0 .15 0 .10 0 0 0 0 0 0 0 0 0 0 .10 .25 0 0
 0 .25 0 0 .25 0 .25 0 .15 .25 .15 0 .10 .15 .15 .10 .25 .10 0 .10
 0 0 0 0 0 .10 0 0 .10 .10 0 .25 .25 .15 0 .25 0 .10 .25 .25
 .25 .15 .10 .18 .10 0 .25 0 0 0 .10 0 .25 .25 0 0 0 .18 .25 .25
 0 .10 .15 0 .25 .25 0 .25 .25 .10 .15 .18 .18 0 0 0 .10 .10 0 0
 .25 0 0 .25 0 .10 0 .25 0 0
 .15 .15 .15 .25 .15 .05 0 0 .20 .05 .15 .15 .15 .15 .20 .05 .10 .10 0 .15
 .05 .15 0 .05 0 .20 .15 .15 .05 .15 .25 .20 .05 .20 .10 .15 .05 0 .05 .25
 .15 .05 .15 .15 .15 .15 .15 .05 0 .05 .05 .20 .05 0 .05 .20 .15 0 .05 0
 0 .25 .20 .15 0 .05 0 0 .15 0 .15 0 .15 .15 .15 .25 .15 .15 .20 .15
 .15 0 .05 0 0 .05 .20 .15 .15 .15 .10 .25 .25 .15 0 .15 0 .25 0 .15
 .25 .15 .15 .20 .25 .10 .15 .05 .20 .10 .15 .05 .15 .15 .15 0 0 .20 .15 .15
 .05 .15 .15 0 0 .25 .05 .15 .25 .15 .15 .20 .20 .15 0 .15 .15 .15 0 0
 .25 0 0 .15 .05 .05 .05 .15 .05 0
 0 .15 .22 .15 0 0 .22 0 0 0 .15 .05 0 .07 0 0 0 0 .15 0
 0 .05 0 0 0 0 0 .05 0 0 .15 0 .05 0 0 0 0 0 .05 .22
 .15 0 0 .15 0 .05 0 0 0 0 0 0 0 0 0 0 .07 .22 0 0
 0 .22 0 0 .22 0 .22 0 .15 .22 .15 0 .05 .15 .15 .15 .22 .05 0 .07
 0 0 0 0 0 .05 0 0 .05 .07 0 .22 .22 .15 0 .15 0 .15 .22 .15
 .22 .15 .05 0 .15 0 .22 0 0 0 .07 0 .15 .22 0 0 0 0 0 0
 0 .05 .15 0 .22 .22 0 .22 .22 .05 .15 0 0 0 0 0 .07 .07 0 0
 .22 0 0 .22 0 .05 0 .22 0 0
 0 .15 .25 .15 0 0 .25 0 .15 0 .15 .05 0 .10 .15 0 0 0 .05 0
 0 .05 0 0 0 0 .10 .05 0 .10 .15 .15 .05 .15 0 0 0 0 .05 .25
 .05 0 0 .15 0 .05 0 0 0 0 0 0 0 0 0 0 .10 .25 0 0
 0 .25 0 0 .25 0 .25 0 .10 .25 .15 0 .05 .10 .15 .15 .15 .05 0 .10
 0 0 0 0 0 .05 0 0 .05 .10 0 .25 .25 .15 0 .05 0 .15 .25 .05
 .25 .15 .05 .15 .15 0 .15 0 0 0 .10 0 .05 .15 0 0 0 .15 .10 .10
 0 .05 .15 0 .25 .25 0 .15 .25 .05 .15 .15 .15 0 0 0 .10 .10 0 0
 .25 0 0 .15 0 .05 0 .25 0 0
 .05 .30 .30 .30 .05 .05 .05 .05 .05 .05 .30 0 .05 .10 .05 .05 .10 .10 .15 .05
 .05 0 .05 .05 .05 .30 .15 0 .05 .15 .30 .05 .05 .05 .10 .05 .05 .05 .05 .30
 .05 .05 .05 .30 .05 0 .05 .05 .05 .05 .05 .30 .05 .05 .05 .30 .10 .05 .05 .05
 .05 .30 .30 .05 .05 .05 .05 .05 .05 .05 .15 .05 0 .05 .15 .30 .15 0 .30 .10
 .05 .05 .05 .05 .05 .05 .30 .05 0 .10 .10 .30 .30 .15 .05 .05 .05 .30 .05 .05
 .30 .30 0 .05 .30 .10 .15 .05 .30 .10 .10 .05 .05 .15 .05 .05 .05 .05 .15 .15
 .05 0 .30 .05 .05 .30 .05 .15 .30 0 .30 .05 .05 .05 .05 .05 .10 .10 .05 .05
 .30 .05 .05 .15 .05 .05 .05 .30 .05 .05
 0 .15 .25 .25 0 0 .25 0 .15 0 .15 .05 0 .10 .15 0 0 0 0 .05
 0 .05 0 0 0 0 .10 .05 0 .10 .25 .15 0 .15 0 0 0 0 0 .25
 0 0 .05 .15 .05 .05 0 0 0 0 0 0 0 0 0 0 .10 .25 0 0
 0 .25 0 .05 .25 0 .25 0 .06 .25 .15 0 .05 .06 .15 .25 .15 .05 0 .10
 0 0 0 0 0 0 0 0 .05 .10 0 .25 .25 .15 0 0 0 .25 .25 0
 .25 .15 .05 .15 .25 0 .15 0 0 0 .10 0 0 .15 0 0 0 .15 .10 .10
 0 .05 .15 0 .25 .25 0 .15 .25 .05 .15 .15 .15 0 0 0 .10 .10 0 0
 .25 0 0 .15 0 0 0 .25 0 0
 0 .15 .15 .15 0 0 .25 0 .15 0 .15 .05 0 .15 .15 0 0 0 0 0
 0 .05 0 0 0 0 .10 .05 0 .10 .15 .15 .05 .15 0 0 0 0 .05 .25
 .15 0 0 .15 0 .05 0 0 0 0 0 0 0 0 0 0 .15 .25 0 0
 0 .25 0 0 .25 0 .25 0 .15 .25 .15 0 .05 .15 .15 .15 .15 .05 0 .15
 0 0 0 0 0 .05 0 0 .05 .15 0 .25 .25 .15 0 .15 0 .15 .25 .15
 .25 .15 .05 .15 .15 0 .15 0 0 0 .15 0 .15 .15 0 0 0 .15 .10 .10
 0 .05 .15 0 .25 .25 0 .15 .25 .05 .15 .15 .15 0 0 0 .15 .15 0 0
 .25 0 0 .15 0 .05 0 .15 0 0
 0 .15 .28 .28 0 0 0 0 0 0 .15 .05 0 .10 0 0 0 0 0 0
 0 .05 0 0 0 0 .10 .05 0 .10 .28 0 0 0 0 0 0 0 0 .28
 .05 0 0 .15 0 .05 0 0 0 0 0 0 0 0 0 0 .10 0 0 0
 0 .28 0 0 0 0 0 0 .10 0 .15 0 .05 .10 .15 .28 .15 .05 0 .10
 0 0 0 0 0 0 0 0 .05 .10 0 .28 .28 .15 0 .05 0 .28 0 .05
 .28 .15 .05 0 .28 0 .15 0 0 0 .10 0 .05 .15 0 0 0 0 .10 .10
 0 .05 .15 0 0 .28 0 .15 .28 .05 .15 0 0 0 0 0 .10 .10 0 0
 .28 0 0 .15 0 0 0 .28 0 0
 0 0 0 0 0 0 0 0 0 0 0 0 0 0 0 0 0 0 0 0
 0 0 0 0 0 0 0 0 0 0 0 0 0 0 0 0 0 0 0 0
 0 0 0 0 0 0 0 0 0 0 0 0 0 0 0 0 0 0 0 0
 0 0 0 0 0 0 0 0 0 0 0 0 0 0 0 0 0 0 0 0
 0 0 0 0 0 0 0 0 0 0 0 0 0 0 0 0 0 0 0 0
 0 0 0 0 0 0 0 0 0 0 0 0 0 0 0 0 0 0 0 0
 0 0 0 0 0 0 0 0 0 0 0 0 0 0 0 0 0 0 0 0
 0 0 0 0 0 0 0 0 0 0
 .10 .20 .20 .20 .10 .10 .20 .10 .20 .15 .20 .15 .10 .20 .20 .10 .20 .20 .15 .10
 .10 .15 .10 .10 .10 .20 0 .15 .10 0 .20 .20 .10 .20 .20 .10 .10 .10 .10 .20
 .20 .10 .10 .20 .10 .15 .10 .10 .15 .10 .10 .20 .10 .10 .10 .20 .20 .20 .10 .10
 .10 .20 .20 .10 .20 .10 .20 .15 .15 .20 .15 .10 .15 .15 .15 .20 .15 .15 .20 .20
 .10 .10 .10 .10 .10 .10 .20 .10 .15 .20 .20 .20 .20 .15 .10 .20 .15 .20 .20 .20
 .20 .20 .15 .20 .20 .20 .15 .10 .20 .20 .20 .10 .20 .15 .10 .15 .10 .20 0 0
 .10 .15 .20 .10 .20 .20 .10 .15 .20 .15 .20 .20 .20 .10 .10 .10 .20 .20 .10 .10
 .20 .10 .10 .15 .10 .10 .15 .20 .10 .10
 .05 .30 .30 .30 .05 .05 .05 .05 .05 .05 .30 0 .05 .10 .05 .05 .10 .10 .15 .05
 .05 0 .05 .05 .05 .30 .15 0 .05 .15 .30 .05 .05 .05 .10 .05 .05 .05 .05 .30
 .05 .05 .05 .30 .05 0 .05 .05 .05 .05 .05 .30 .05 .05 .05 .30 .10 .05 .05 .05
 .05 .30 .30 .05 .05 .05 .05 .05 .05 .05 .15 .05 0 .05 .15 .30 .15 0 .30 .10
 .05 .05 .05 .05 .05 .05 .30 .05 0 .10 .10 .30 .30 .15 .05 .05 .05 .30 .05 .05
 .30 .30 0 .05 .30 .10 .15 .05 .30 .10 .10 .05 .05 .15 .05 .05 .05 .05 .15 .15
 .05 0 .30 .05 .05 .30 .05 .15 .30 0 .30 .05 .05 .05 .05 .05 .10 .10 .05 .05
 .30 .05 .05 .15 .05 .05 .05 .30 .05 .05
 0 .15 .25 .15 0 0 .25 0 .15 0 .15 .05 0 .10 .15 0 0 0 .05 0
 0 .05 0 0 0 0 .10 .05 0 .10 .15 .15 .05 .15 0 0 0 0 .05 .25
 .05 0 0 .15 0 .05 0 0 0 0 0 0 0 0 0 0 .10 .25 0 0
 0 .25 0 0 .25 0 .25 0 .10 .25 .15 0 .05 .10 .15 .15 .15 .05 0 .10
 0 0 0 0 0 .05 0 0 .05 .10 0 .25 .25 .15 0 .05 0 .15 .25 .05
 .25 .15 .05 .15 .15 0 .15 0 0 0 .10 0 .05 .15 0 0 0 .15 .10 .10
 0 .05 .15 0 .25 .25 0 .15 .25 .05 .15 .15 .15 0 0 0 .10 .10 0 0
 .25 0 0 .15 0 .05 0 .25 0 0
 .10 .20 .20 .20 .10 .10 .20 .10 .20 .15 .20 .15 .10 .20 .20 .10 .20 .20 .15 .10
 .10 .15 .10 .10 .10 .20 0 .15 .10 0 .20 .20 .10 .20 .20 .10 .10 .10 .10 .20
 .20 .10 .10 .20 .10 .15 .10 .10 .15 .10 .10 .20 .10 .10 .10 .20 .20 .20 .10 .10
 .10 .20 .20 .10 .20 .10 .20 .15 .15 .20 .15 .10 .15 .15 .15 .20 .15 .15 .20 .20
 .10 .10 .10 .10 .10 .10 .20 .10 .15 .20 .20 .20 .20 .15 .10 .20 .15 .20 .20 .20
 .20 .20 .15 .20 .20 .20 .15 .10 .20 .20 .20 .10 .20 .15 .10 .15 .10 .20 0 0
 .10 .15 .20 .10 .20 .20 .10 .15 .20 .15 .20 .20 .20 .10 .10 .10 .20 .20 .10 .10
 .20 .10 .10 .15 .10 .10 .15 .20 .10 .10
 0 0 0 0 0 0 0 0 0 0 0 0 0 0 0 0 0 0 0 0
 0 0 0 0 0 0 0 0 0 0 0 0 0 0 0 0 0 0 0 0
 0 0 0 0 0 0 0 0 0 0 0 0 0 0 0 0 0 0 0 0
 0 0 0 0 0 0 0 0 0 0 0 0 0 0 0 0 0 0 0 0
 0 0 0 0 0 0 0 0 0 0 0 0 0 0 0 0 0 0 0 0
 0 0 0 0 0 0 0 0 0 0 0 0 0 0 0 0 0 0 0 0
 0 0 0 0 0 0 0 0 0 0 0 0 0 0 0 0 0 0 0 0
 0 0 0 0 0 0 0 0 0 0
 .15 .15 .15 .15 .15 0 .15 0 0 .15 .15 .05 .15 .15 0 .15 .15 .15 .15 0
 .15 .05 .15 .15 0 .15 .15 .05 .15 .15 .15 0 0 0 .15 .15 .15 .15 0 .15
 .15 .15 0 .15 0 .05 .15 .15 .05 0 .15 .15 .15 .15 0 .15 .15 .15 .15 0
 0 .15 .15 0 .15 .15 .15 .05 .15 .15 .15 0 .05 .15 .15 .15 .15 .05 .15 .15
 .15 .15 0 0 0 0 .15 .15 .05 .15 .15 .15 .15 .15 .15 .15 .05 .15 .15 .15
 .15 .15 .05 0 .15 .15 .15 .15 .15 .15 .15 .15 .15 .15 .15 .05 .15 0 .15 .15
 0 .05 .15 0 .15 .15 .15 .15 .15 .05 .15 0 0 .15 0 .15 .15 .15 .15 0
 .15 .15 .15 .15 0 0 .15 .15 0 .15
 .15 .35 .35 .35 .15 .05 .15 .05 .35 .10 .35 .05 .15 .10 .35 0 .10 .10 .05 .05
 .05 .05 0 .05 .05 .05 .10 .05 .05 .10 .35 .35 0 .35 .10 .15 .05 0 0 .35
 .35 .05 .05 .35 .05 .05 .15 .05 0 .05 .05 .05 .05 0 .05 .05 .10 .15 .05 .05
 .05 .35 .05 .05 .15 0 .15 0 .15 .15 .15 .05 .05 .15 .15 .35 .15 .05 .05 .10
 .15 0 .05 .05 .05 0 .05 .15 .05 .10 .10 .35 .35 .15 0 .35 0 .35 .15 .35
 .35 .35 .05 .35 .35 .10 .15 0 .05 .10 .10 .05 .35 .15 .15 0 0 .35 .10 .10
 .05 .05 .35 .05 .15 .35 0 .15 .35 .05 .35 .35 .35 .15 .05 .15 .10 .10 0 .05
 .35 0 0 .15 .05 0 .10 .35 .05 0
 .15 .15 .15 .15 .15 0 .15 0 0 .15 .15 .05 .15 .15 0 .15 .15 .15 .15 0
 .15 .05 .15 .15 0 .15 .15 .05 .15 .15 .15 0 0 0 .15 .15 .15 .15 0 .15
 .15 .15 0 .15 0 .05 .15 .15 .05 0 .15 .15 .15 .15 0 .15 .15 .15 .15 0
 0 .15 .15 0 .15 .15 .15 .05 .15 .15 .15 0 .05 .15 .15 .15 .15 .05 .15 .15
 .15 .15 0 0 0 0 .15 .15 .05 .15 .15 .15 .15 .15 .15 .15 .05 .15 .15 .15
 .15 .15 .05 0 .15 .15 .15 .15 .15 .15 .15 .15 .15 .15 .15 .05 .15 0 .15 .15
 0 .05 .15 0 .15 .15 .15 .15 .15 .05 .15 0 0 .15 0 .15 .15 .15 .15 0
 .15 .15 .15 .15 0 0 .15 .15 0 .15
 0 .15 .25 .10 0 0 .25 0 .18 0 .15 .10 0 .10 .18 0 0 0 .10 0
 0 .10 0 0 0 0 .25 .10 0 .25 .10 .18 .10 .18 0 0 0 0 .10 .25
 .25 0 0 .15 0 .10 0 0 0 0 0 0 0 0 0 0 .10 .25 0 0
 0 .25 0 0 .25 0 .25 0 .15 .25 .15 0 .10 .15 .15 .10 .25 .10 0 .10
 0 0 0 0 0 .10 0 0 .10 .10 0 .25 .25 .15 0 .25 0 .10 .25 .25
 .25 .15 .10 .18 .10 0 .25 0 0 0 .10 0 .25 .25 0 0 0 .18 .25 .25
 0 .10 .15 0 .25 .25 0 .25 .25 .10 .15 .18 .18 0 0 0 .10 .10 0 0
 .25 0 0 .25 0 .10 0 .25 0 0
 0 .15 .32 .15 0 0 .32 0 .15 0 .15 .05 0 .10 .15 .15 0 0 .15 .15
 0 .05 0 0 0 0 .32 .05 0 .32 .15 .15 .15 .15 0 0 0 0 .15 .32
 .15 0 .15 .15 .15 .05 0 0 0 0 0 0 0 0 0 0 .10 .32 0 0
 0 .32 0 .15 .32 .15 .32 0 .15 .32 0 0 .05 .15 0 .15 .15 .05 0 .10
 0 0 0 0 0 .15 0 0 .05 .10 0 .32 .32 0 0 .15 0 .15 .32 .15
 .32 .15 .05 .15 .15 0 .15 .15 0 0 .10 0 .15 .15 0 0 0 .15 .32 .32
 0 .05 .15 0 .32 .32 .15 .15 .32 .05 .15 .15 .15 0 0 0 .10 .10 0 0
 .32 0 0 .15 0 .15 0 .32 0 0
 0 .15 .15 .15 0 0 .25 0 .15 0 .15 .05 0 .15 .15 0 0 0 0 0
 0 .05 0 0 0 0 .10 .05 0 .10 .15 .15 .05 .15 0 0 0 0 .05 .25
 .15 0 0 .15 0 .05 0 0 0 0 0 0 0 0 0 0 .15 .25 0 0
 0 .25 0 0 .25 0 .25 0 .15 .25 .15 0 .05 .15 .15 .15 .15 .05 0 .15
 0 0 0 0 0 .05 0 0 .05 .15 0 .25 .25 .15 0 .15 0 .15 .25 .15
 .25 .15 .05 .15 .15 0 .15 0 0 0 .15 0 .15 .15 0 0 0 .15 .10 .10
 0 .05 .15 0 .25 .25 0 .15 .25 .05 .15 .15 .15 0 0 0 .15 .15 0 0
 .25 0 0 .15 0 .05 0 .15 0 0
 0 .15 .25 .25 0 0 .25 0 .15 0 .15 .05 0 .10 .15 0 0 0 0 .05
 0 .05 0 0 0 0 .10 .05 0 .10 .25 .15 0 .15 0 0 0 0 0 .25
 0 0 .05 .15 .05 .05 0 0 0 0 0 0 0 0 0 0 .10 .25 0 0
 0 .25 0 .05 .25 0 .25 0 .06 .25 .15 0 .05 .06 .15 .25 .15 .05 0 .10
 0 0 0 0 0 0 0 0 .05 .10 0 .25 .25 .15 0 0 0 .25 .25 0
 .25 .15 .05 .15 .25 0 .15 0 0 0 .10 0 0 .15 0 0 0 .15 .10 .10
 0 .05 .15 0 .25 .25 0 .15 .25 .05 .15 .15 .15 0 0 0 .10 .10 0 0
 .25 0 0 .15 0 0 0 .25 0 0
 .15 .35 .35 .35 .15 .05 .15 .05 .35 .10 .35 .05 .15 .10 .35 0 .10 .10 .05 .05
 .05 .05 0 .05 .05 .05 .10 .05 .05 .10 .35 .35 0 .35 .10 .15 .05 0 0 .35
 .35 .05 .05 .35 .05 .05 .15 .05 0 .05 .05 .05 .05 0 .05 .05 .10 .15 .05 .05
 .05 .35 .05 .05 .15 0 .15 0 .15 .15 .15 .05 .05 .15 .15 .35 .15 .05 .05 .10
 .15 0 .05 .05 .05 0 .05 .15 .05 .10 .10 .35 .35 .15 0 .35 0 .35 .15 .35
 .35 .35 .05 .35 .35 .10 .15 0 .05 .10 .10 .05 .35 .15 .15 0 0 .35 .10 .10
 .05 .05 .35 .05 .15 .35 0 .15 .35 .05 .35 .35 .35 .15 .05 .15 .10 .10 0 .05
 .35 0 0 .15 .05 0 .10 .35 .05 0
 0 0 0 0 0 0 0 0 0 0 0 0 0 0 0 0 0 0 0 0
 0 0 0 0 0 0 0 0 0 0 0 0 0 0 0 0 0 0 0 0
 0 0 0 0 0 0 0 0 0 0 0 0 0 0 0 0 0 0 0 0
 0 0 0 0 0 0 0 0 0 0 0 0 0 0 0 0 0 0 0 0
 0 0 0 0 0 0 0 0 0 0 0 0 0 0 0 0 0 0 0 0
 0 0 0 0 0 0 0 0 0 0 0 0 0 0 0 0 0 0 0 0
 0 0 0 0 0 0 0 0 0 0 0 0 0 0 0 0 0 0 0 0
 0 0 0 0 0 0 0 0 0 0
 0 0 0 0 0 0 0 0 0 0 0 0 0 0 0 0 0 0 0 0
 0 0 0 0 0 0 0 0 0 0 0 0 0 0 0 0 0 0 0 0
 0 0 0 0 0 0 0 0 0 0 0 0 0 0 0 0 0 0 0 0
 0 0 0 0 0 0 0 0 0 0 0 0 0 0 0 0 0 0 0 0
 0 0 0 0 0 0 0 0 0 0 0 0 0 0 0 0 0 0 0 0
 0 0 0 0 0 0 0 0 0 0 0 0 0 0 0 0 0 0 0 0
 0 0 0 0 0 0 0 0 0 0 0 0 0 0 0 0 0 0 0 0
 0 0 0 0 0 0 0 0 0 0
 0 .15 .25 .15 0 0 .25 0 .15 0 .15 .05 0 .10 .15 0 0 0 .05 0
 0 .05 0 0 0 0 .10 .05 0 .10 .15 .15 .05 .15 0 0 0 0 .05 .25
 .05 0 0 .15 0 .05 0 0 0 0 0 0 0 0 0 0 .10 .25 0 0
 0 .25 0 0 .25 0 .25 0 .10 .25 .15 0 .05 .10 .15 .15 .15 .05 0 .10
 0 0 0 0 0 .05 0 0 .05 .10 0 .25 .25 .15 0 .05 0 .15 .25 .05
 .25 .15 .05 .15 .15 0 .15 0 0 0 .10 0 .05 .15 0 0 0 .15 .10 .10
 0 .05 .15 0 .25 .25 0 .15 .25 .05 .15 .15 .15 0 0 0 .10 .10 0 0
 .25 0 0 .15 0 .05 0 .25 0 0
 0 .15 .22 .15 0 0 .22 0 0 0 .15 .05 0 .07 0 0 0 0 .15 0
 0 .05 0 0 0 0 0 .05 0 0 .15 0 .05 0 0 0 0 0 .05 .22
 .15 0 0 .15 0 .05 0 0 0 0 0 0 0 0 0 0 .07 .22 0 0
 0 .22 0 0 .22 0 .22 0 .15 .22 .15 0 .05 .15 .15 .15 .22 .05 0 .07
 0 0 0 0 0 .05 0 0 .05 .07 0 .22 .22 .15 0 .15 0 .15 .22 .15
 .22 .15 .05 0 .15 0 .22 0 0 0 .07 0 .15 .22 0 0 0 0 0 0
 0 .05 .15 0 .22 .22 0 .22 .22 .05 .15 0 0 0 0 0 .07 .07 0 0
 .22 0 0 .22 0 .05 0 .22 0 0
 0 0 0 0 0 0 0 0 0 0 0 0 0 0 0 0 0 0 0 0
 0 0 0 0 0 0 0 0 0 0 0 0 0 0 0 0 0 0 0 0
 0 0 0 0 0 0 0 0 0 0 0 0 0 0 0 0 0 0 0 0
 0 0 0 0 0 0 0 0 0 0 0 0 0 0 0 0 0 0 0 0
 0 0 0 0 0 0 0 0 0 0 0 0 0 0 0 0 0 0 0 0
 0 0 0 0 0 0 0 0 0 0 0 0 0 0 0 0 0 0 0 0
 0 0 0 0 0 0 0 0 0 0 0 0 0 0 0 0 0 0 0 0
 0 0 0 0 0 0 0 0 0 0
 0 .15 .22 .15 0 0 .22 0 0 0 .15 .05 0 .07 0 0 0 0 .15 0
 0 .05 0 0 0 0 0 .05 0 0 .15 0 .05 0 0 0 0 0 .05 .22
 .15 0 0 .15 0 .05 0 0 0 0 0 0 0 0 0 0 .07 .22 0 0
 0 .22 0 0 .22 0 .22 0 .15 .22 .15 0 .05 .15 .15 .15 .22 .05 0 .07
 0 0 0 0 0 .05 0 0 .05 .07 0 .22 .22 .15 0 .15 0 .15 .22 .15
 .22 .15 .05 0 .15 0 .22 0 0 0 .07 0 .15 .22 0 0 0 0 0 0
 0 .05 .15 0 .22 .22 0 .22 .22 .05 .15 0 0 0 0 0 .07 .07 0 0
 .22 0 0 .22 0 .05 0 .22 0 0
 .05 .30 .30 .30 .05 .05 .05 .05 .05 .05 .30 0 .05 .10 .05 .05 .10 .10 .15 .05
 .05 0 .05 .05 .05 .30 .15 0 .05 .15 .30 .05 .05 .05 .10 .05 .05 .05 .05 .30
 .05 .05 .05 .30 .05 0 .05 .05 .05 .05 .05 .30 .05 .05 .05 .30 .10 .05 .05 .05
 .05 .30 .30 .05 .05 .05 .05 .05 .05 .05 .15 .05 0 .05 .15 .30 .15 0 .30 .10
 .05 .05 .05 .05 .05 .05 .30 .05 0 .10 .10 .30 .30 .15 .05 .05 .05 .30 .05 .05
 .30 .30 0 .05 .30 .10 .15 .05 .30 .10 .10 .05 .05 .15 .05 .05 .05 .05 .15 .15
 .05 0 .30 .05 .05 .30 .05 .15 .30 0 .30 .05 .05 .05 .05 .05 .10 .10 .05 .05
 .30 .05 .05 .15 .05 .05 .05 .30 .05 .05
 0 .15 .32 .15 0 0 .32 0 .15 0 .15 .05 0 .10 .15 .15 0 0 .15 .15
 0 .05 0 0 0 0 .32 .05 0 .32 .15 .15 .15 .15 0 0 0 0 .15 .32
 .15 0 .15 .15 .15 .05 0 0 0 0 0 0 0 0 0 0 .10 .32 0 0
 0 .32 0 .15 .32 .15 .32 0 .15 .32 0 0 .05 .15 0 .15 .15 .05 0 .10
 0 0 0 0 0 .15 0 0 .05 .10 0 .32 .32 0 0 .15 0 .15 .32 .15
 .32 .15 .05 .15 .15 0 .15 .15 0 0 .10 0 .15 .15 0 0 0 .15 .32 .32
 0 .05 .15 0 .32 .32 .15 .15 .32 .05 .15 .15 .15 0 0 0 .10 .10 0 0
 .32 0 0 .15 0 .15 0 .32 0 0
 0 .15 .15 .15 0 0 .25 0 .15 0 .15 .05 0 .15 .15 0 0 0 0 0
 0 .05 0 0 0 0 .10 .05 0 .10 .15 .15 .05 .15 0 0 0 0 .05 .25
 .15 0 0 .15 0 .05 0 0 0 0 0 0 0 0 0 0 .15 .25 0 0
 0 .25 0 0 .25 0 .25 0 .15 .25 .15 0 .05 .15 .15 .15 .15 .05 0 .15
 0 0 0 0 0 .05 0 0 .05 .15 0 .25 .25 .15 0 .15 0 .15 .25 .15
 .25 .15 .05 .15 .15 0 .15 0 0 0 .15 0 .15 .15 0 0 0 .15 .10 .10
 0 .05 .15 0 .25 .25 0 .15 .25 .05 .15 .15 .15 0 0 0 .15 .15 0 0
 .25 0 0 .15 0 .05 0 .15 0 0
 .30 .15 .15 .30 .30 0 .15 0 .15 0 .15 .05 .30 .10 .15 0 0 0 0 0
 0 .05 0 0 0 0 .10 .05 0 .10 .30 .15 0 .15 0 .30 0 0 0 .30
 .05 0 0 .15 0 .05 .30 0 0 0 0 0 0 0 0 0 .10 .15 0 0
 0 .30 0 0 .15 0 .15 0 .15 .15 .15 0 .05 .15 .15 .30 .15 .05 0 .10
 .30 0 0 0 0 0 0 .30 .05 .10 0 .30 .30 .15 0 .05 0 .30 .15 .05
 .30 .15 .05 .15 .30 0 .15 0 0 0 .10 0 .05 .15 .30 0 0 .15 .10 .10
 0 .05 .15 0 .15 .30 0 .15 .30 .05 .15 .15 .15 .30 0 .30 .10 .10 0 0
 .30 0 0 .15 0 0 0 .15 0 0
 .05 .05 .05 .05 .05 0 .05 .05 .05 .05 .05 .05 .05 .05 .05 .05 .05 .05 .05 .05
 .05 .05 .05 .05 .05 .05 .05 .05 .05 .05 .05 .05 .05 .05 .05 .05 .05 .05 .05 .05
 .05 .05 .05 .05 .05 .05 .05 .05 .05 0 .05 .05 .05 .05 0 .05 .05 .05 .05 .05
 .05 .05 .05 .05 .05 .05 .05 .05 .05 .05 .05 .05 .05 .05 .05 .05 .05 .05 .05 .05
 .05 .05 0 .05 .05 .05 .05 .05 .05 .05 .05 .05 .05 .05 .05 .05 .05 .05 .05 .05
 .05 .05 .05 .05 .05 .05 .05 .05 .05 .05 .05 .05 .05 .05 .05 .05 .05 .05 .05 .05
 0 .05 .05 .05 .05 .05 .05 .05 .05 .05 .05 .05 .05 .05 .05 .05 .05 .05 .05 .05
 .05 .05 .05 .05 0 .05 .05 .05 0 .05
 0 .15 .15 .15 0 0 .25 0 .15 0 .15 .05 0 .15 .15 0 0 0 0 0
 0 .05 0 0 0 0 .10 .05 0 .10 .15 .15 .05 .15 0 0 0 0 .05 .25
 .15 0 0 .15 0 .05 0 0 0 0 0 0 0 0 0 0 .15 .25 0 0
 0 .25 0 0 .25 0 .25 0 .15 .25 .15 0 .05 .15 .15 .15 .15 .05 0 .15
 0 0 0 0 0 .05 0 0 .05 .15 0 .25 .25 .15 0 .15 0 .15 .25 .15
 .25 .15 .05 .15 .15 0 .15 0 0 0 .15 0 .15 .15 0 0 0 .15 .10 .10
 0 .05 .15 0 .25 .25 0 .15 .25 .05 .15 .15 .15 0 0 0 .15 .15 0 0
 .25 0 0 .15 0 .05 0 .15 0 0
 0 0 0 0 0 0 0 0 0 0 0 0 0 0 0 0 0 0 0 0
 0 0 0 0 0 0 0 0 0 0 0 0 0 0 0 0 0 0 0 0
 0 0 0 0 0 0 0 0 0 0 0 0 0 0 0 0 0 0 0 0
 0 0 0 0 0 0 0 0 0 0 0 0 0 0 0 0 0 0 0 0
 0 0 0 0 0 0 0 0 0 0 0 0 0 0 0 0 0 0 0 0
 0 0 0 0 0 0 0 0 0 0 0 0 0 0 0 0 0 0 0 0
 0 0 0 0 0 0 0 0 0 0 0 0 0 0 0 0 0 0 0 0
 0 0 0 0 0 0 0 0 0 0
 0 .15 .15 .15 0 0 .25 0 .15 0 .15 .05 0 .15 .15 0 0 0 0 0
 0 .05 0 0 0 0 .10 .05 0 .10 .15 .15 .05 .15 0 0 0 0 .05 .25
 .15 0 0 .15 0 .05 0 0 0 0 0 0 0 0 0 0 .15 .25 0 0
 0 .25 0 0 .25 0 .25 0 .15 .25 .15 0 .05 .15 .15 .15 .15 .05 0 .15
 0 0 0 0 0 .05 0 0 .05 .15 0 .25 .25 .15 0 .15 0 .15 .25 .15
 .25 .15 .05 .15 .15 0 .15 0 0 0 .15 0 .15 .15 0 0 0 .15 .10 .10
 0 .05 .15 0 .25 .25 0 .15 .25 .05 .15 .15 .15 0 0 0 .15 .15 0 0
 .25 0 0 .15 0 .05 0 .15 0 0
 0 .15 .25 .25 0 0 .25 0 .15 0 .15 .05 0 .10 .15 0 0 0 0 .05
 0 .05 0 0 0 0 .10 .05 0 .10 .25 .15 0 .15 0 0 0 0 0 .25
 0 0 .05 .15 .05 .05 0 0 0 0 0 0 0 0 0 0 .10 .25 0 0
 0 .25 0 .05 .25 0 .25 0 .06 .25 .15 0 .05 .06 .15 .25 .15 .05 0 .10
 0 0 0 0 0 0 0 0 .05 .10 0 .25 .25 .15 0 0 0 .25 .25 0
 .25 .15 .05 .15 .25 0 .15 0 0 0 .10 0 0 .15 0 0 0 .15 .10 .10
 0 .05 .15 0 .25 .25 0 .15 .25 .05 .15 .15 .15 0 0 0 .10 .10 0 0
 .25 0 0 .15 0 0 0 .25 0 0
 .05 .05 .05 .05 .05 0 .05 .05 .05 .05 .05 .05 .05 .05 .05 .05 .05 .05 .05 .05
 .05 .05 .05 .05 .05 .05 .05 .05 .05 .05 .05 .05 .05 .05 .05 .05 .05 .05 .05 .05
 .05 .05 .05 .05 .05 .05 .05 .05 .05 0 .05 .05 .05 .05 0 .05 .05 .05 .05 .05
 .05 .05 .05 .05 .05 .05 .05 .05 .05 .05 .05 .05 .05 .05 .05 .05 .05 .05 .05 .05
 .05 .05 0 .05 .05 .05 .05 .05 .05 .05 .05 .05 .05 .05 .05 .05 .05 .05 .05 .05
 .05 .05 .05 .05 .05 .05 .05 .05 .05 .05 .05 .05 .05 .05 .05 .05 .05 .05 .05 .05
 0 .05 .05 .05 .05 .05 .05 .05 .05 .05 .05 .05 .05 .05 .05 .05 .05 .05 .05 .05
 .05 .05 .05 .05 0 .05 .05 .05 0 .05
 0 0 0 0 0 0 0 0 0 0 0 0 0 0 0 0 0 0 0 0
 0 0 0 0 0 0 0 0 0 0 0 0 0 0 0 0 0 0 0 0
 0 0 0 0 0 0 0 0 0 0 0 0 0 0 0 0 0 0 0 0
 0 0 0 0 0 0 0 0 0 0 0 0 0 0 0 0 0 0 0 0
 0 0 0 0 0 0 0 0 0 0 0 0 0 0 0 0 0 0 0 0
 0 0 0 0 0 0 0 0 0 0 0 0 0 0 0 0 0 0 0 0
 0 0 0 0 0 0 0 0 0 0 0 0 0 0 0 0 0 0 0 0
 0 0 0 0 0 0 0 0 0 0
 0 0 0 0 0 0 0 0 0 0 0 0 0 0 0 0 0 0 0 0
 0 0 0 0 0 0 0 0 0 0 0 0 0 0 0 0 0 0 0 0
 0 0 0 0 0 0 0 0 0 0 0 0 0 0 0 0 0 0 0 0
 0 0 0 0 0 0 0 0 0 0 0 0 0 0 0 0 0 0 0 0
 0 0 0 0 0 0 0 0 0 0 0 0 0 0 0 0 0 0 0 0
 0 0 0 0 0 0 0 0 0 0 0 0 0 0 0 0 0 0 0 0
 0 0 0 0 0 0 0 0 0 0 0 0 0 0 0 0 0 0 0 0
 0 0 0 0 0 0 0 0 0 0
 .27 .27 .27 .27 .27 .05 0 0 .27 .27 .27 .05 .27 .27 .27 .27 .27 .27 0 .27
 .05 .05 .27 .05 0 .27 .27 .05 .05 .27 .27 .27 .05 .27 .27 .27 .05 .27 .05 .27
 .27 .05 .27 .27 .27 .05 .27 .05 0 .05 .05 .27 .05 .27 .05 .27 .27 0 .05 0
 0 .27 .27 .27 0 .27 0 0 .27 0 .27 0 .05 .27 .27 .27 .27 .05 .27 .27
 .27 .27 .05 0 0 .05 .27 .27 .05 .27 .27 .27 .27 .27 0 .27 0 .27 0 .27
 .27 .27 .05 .27 .27 .27 .27 .27 .27 .27 .27 .05 .27 .27 .27 0 0 .27 .27 .27
 .05 .05 .27 0 0 .27 .27 .27 .27 .05 .27 .27 .27 .27 0 .27 .27 .27 .27 0
 .27 0 0 .27 .05 .05 .27 .27 .05 0
 0 .15 .25 .15 0 0 .25 0 .15 0 .15 .05 0 .10 .15 0 0 0 .05 0
 0 .05 0 0 0 0 .10 .05 0 .10 .15 .15 .05 .15 0 0 0 0 .05 .25
 .05 0 0 .15 0 .05 0 0 0 0 0 0 0 0 0 0 .10 .25 0 0
 0 .25 0 0 .25 0 .25 0 .10 .25 .15 0 .05 .10 .15 .15 .15 .05 0 .10
 0 0 0 0 0 .05 0 0 .05 .10 0 .25 .25 .15 0 .05 0 .15 .25 .05
 .25 .15 .05 .15 .15 0 .15 0 0 0 .10 0 .05 .15 0 0 0 .15 .10 .10
 0 .05 .15 0 .25 .25 0 .15 .25 .05 .15 .15 .15 0 0 0 .10 .10 0 0
 .25 0 0 .15 0 .05 0 .25 0 0
 0 .15 .28 .28 0 0 0 0 0 0 .15 .05 0 .10 0 0 0 0 0 0
 0 .05 0 0 0 0 .10 .05 0 .10 .28 0 0 0 0 0 0 0 0 .28
 .05 0 0 .15 0 .05 0 0 0 0 0 0 0 0 0 0 .10 0 0 0
 0 .28 0 0 0 0 0 0 .10 0 .15 0 .05 .10 .15 .28 .15 .05 0 .10
 0 0 0 0 0 0 0 0 .05 .10 0 .28 .28 .15 0 .05 0 .28 0 .05
 .28 .15 .05 0 .28 0 .15 0 0 0 .10 0 .05 .15 0 0 0 0 .10 .10
 0 .05 .15 0 0 .28 0 .15 .28 .05 .15 0 0 0 0 0 .10 .10 0 0
 .28 0 0 .15 0 0 0 .28 0 0
 0 .15 .28 .28 0 0 0 0 0 0 .15 .05 0 .10 0 0 0 0 0 0
 0 .05 0 0 0 0 .10 .05 0 .10 .28 0 0 0 0 0 0 0 0 .28
 .05 0 0 .15 0 .05 0 0 0 0 0 0 0 0 0 0 .10 0 0 0
 0 .28 0 0 0 0 0 0 .10 0 .15 0 .05 .10 .15 .28 .15 .05 0 .10
 0 0 0 0 0 0 0 0 .05 .10 0 .28 .28 .15 0 .05 0 .28 0 .05
 .28 .15 .05 0 .28 0 .15 0 0 0 .10 0 .05 .15 0 0 0 0 .10 .10
 0 .05 .15 0 0 .28 0 .15 .28 .05 .15 0 0 0 0 0 .10 .10 0 0
 .28 0 0 .15 0 0 0 .28 0 0
 .20 .20 .20 .20 .20 .20 .20 .20 .20 .20 .20 .20 .20 .20 .20 .20 .20 .20 .20 .20
 .20 .20 .20 .20 .20 .20 .20 .20 .20 .20 .20 .20 .20 .20 .20 .20 .20 .20 .20 .20
 .20 .20 .20 .20 .20 .20 .20 .20 .20 .20 .20 .20 .20 .20 .20 .20 .20 .20 .20 .20
 .20 0 .20 .20 .20 .20 .20 .20 .20 .20 .20 .20 .20 .20 .20 .20 .20 .20 .20 .20
 .20 .20 .20 .20 .20 .20 .20 .20 .20 .20 .20 .20 0 .20 .20 .20 .20 .20 .20 .20
 .20 .20 .20 .20 .20 .20 .20 .20 .20 .20 .20 .20 .20 .20 .20 .20 .20 .20 .20 .20
 .20 .20 .20 .20 .20 0 .20 .20 0 .20 .20 .20 .20 .20 .20 .20 .20 .20 .20 .20
 .20 .20 .20 .20 .20 .20 .20 .20 .20 .20
 0 0 0 0 0 0 0 0 0 0 0 0 0 0 0 0 0 0 0 0
 0 0 0 0 0 0 0 0 0 0 0 0 0 0 0 0 0 0 0 0
 0 0 0 0 0 0 0 0 0 0 0 0 0 0 0 0 0 0 0 0
 0 0 0 0 0 0 0 0 0 0 0 0 0 0 0 0 0 0 0 0
 0 0 0 0 0 0 0 0 0 0 0 0 0 0 0 0 0 0 0 0
 0 0 0 0 0 0 0 0 0 0 0 0 0 0 0 0 0 0 0 0
 0 0 0 0 0 0 0 0 0 0 0 0 0 0 0 0 0 0 0 0
 0 0 0 0 0 0 0 0 0 0
 0 .15 .22 .15 0 0 .22 0 0 0 .15 .05 0 .07 0 0 0 0 .15 0
 0 .05 0 0 0 0 0 .05 0 0 .15 0 .05 0 0 0 0 0 .05 .22
 .15 0 0 .15 0 .05 0 0 0 0 0 0 0 0 0 0 .07 .22 0 0
 0 .22 0 0 .22 0 .22 0 .15 .22 .15 0 .05 .15 .15 .15 .22 .05 0 .07
 0 0 0 0 0 .05 0 0 .05 .07 0 .22 .22 .15 0 .15 0 .15 .22 .15
 .22 .15 .05 0 .15 0 .22 0 0 0 .07 0 .15 .22 0 0 0 0 0 0
 0 .05 .15 0 .22 .22 0 .22 .22 .05 .15 0 0 0 0 0 .07 .07 0 0
 .22 0 0 .22 0 .05 0 .22 0 0
 .27 .27 .27 .27 .27 .05 0 0 .27 .27 .27 .05 .27 .27 .27 .27 .27 .27 0 .27
 .05 .05 .27 .05 0 .27 .27 .05 .05 .27 .27 .27 .05 .27 .27 .27 .05 .27 .05 .27
 .27 .05 .27 .27 .27 .05 .27 .05 0 .05 .05 .27 .05 .27 .05 .27 .27 0 .05 0
 0 .27 .27 .27 0 .27 0 0 .27 0 .27 0 .05 .27 .27 .27 .27 .05 .27 .27
 .27 .27 .05 0 0 .05 .27 .27 .05 .27 .27 .27 .27 .27 0 .27 0 .27 0 .27
 .27 .27 .05 .27 .27 .27 .27 .27 .27 .27 .27 .05 .27 .27 .27 0 0 .27 .27 .27
 .05 .05 .27 0 0 .27 .27 .27 .27 .05 .27 .27 .27 .27 0 .27 .27 .27 .27 0
 .27 0 0 .27 .05 .05 .27 .27 .05 0
 0 0 0 0 0 0 0 0 0 0 0 0 0 0 0 0 0 0 0 0
 0 0 0 0 0 0 0 0 0 0 0 0 0 0 0 0 0 0 0 0
 0 0 0 0 0 0 0 0 0 0 0 0 0 0 0 0 0 0 0 0
 0 0 0 0 0 0 0 0 0 0 0 0 0 0 0 0 0 0 0 0
 0 0 0 0 0 0 0 0 0 0 0 0 0 0 0 0 0 0 0 0
 0 0 0 0 0 0 0 0 0 0 0 0 0 0 0 0 0 0 0 0
 0 0 0 0 0 0 0 0 0 0 0 0 0 0 0 0 0 0 0 0
 0 0 0 0 0 0 0 0 0 0
 .27 .27 .27 .27 .27 .05 0 0 .27 .27 .27 .05 .27 .27 .27 .27 .27 .27 0 .27
 .05 .05 .27 .05 0 .27 .27 .05 .05 .27 .27 .27 .05 .27 .27 .27 .05 .27 .05 .27
 .27 .05 .27 .27 .27 .05 .27 .05 0 .05 .05 .27 .05 .27 .05 .27 .27 0 .05 0
 0 .27 .27 .27 0 .27 0 0 .27 0 .27 0 .05 .27 .27 .27 .27 .05 .27 .27
 .27 .27 .05 0 0 .05 .27 .27 .05 .27 .27 .27 .27 .27 0 .27 0 .27 0 .27
 .27 .27 .05 .27 .27 .27 .27 .27 .27 .27 .27 .05 .27 .27 .27 0 0 .27 .27 .27
 .05 .05 .27 0 0 .27 .27 .27 .27 .05 .27 .27 .27 .27 0 .27 .27 .27 .27 0
 .27 0 0 .27 .05 .05 .27 .27 .05 0
 .30 .15 .15 .30 .30 0 .15 0 .15 0 .15 .05 .30 .10 .15 0 0 0 0 0
 0 .05 0 0 0 0 .10 .05 0 .10 .30 .15 0 .15 0 .30 0 0 0 .30
 .05 0 0 .15 0 .05 .30 0 0 0 0 0 0 0 0 0 .10 .15 0 0
 0 .30 0 0 .15 0 .15 0 .15 .15 .15 0 .05 .15 .15 .30 .15 .05 0 .10
 .30 0 0 0 0 0 0 .30 .05 .10 0 .30 .30 .15 0 .05 0 .30 .15 .05
 .30 .15 .05 .15 .30 0 .15 0 0 0 .10 0 .05 .15 .30 0 0 .15 .10 .10
 0 .05 .15 0 .15 .30 0 .15 .30 .05 .15 .15 .15 .30 0 .30 .10 .10 0 0
 .30 0 0 .15 0 0 0 .15 0 0
 .15 .15 .15 .10 .15 .10 .25 .10 .15 .15 .15 .06 .15 .10 .15 .05 .15 .15 .15 .15
 .10 .06 .05 .15 .10 .25 .15 .06 .10 .15 .10 .15 .15 .15 .15 .15 .15 .05 .15 .25
 .15 .10 .15 .15 .15 .06 .15 .15 .15 .10 .15 .25 .15 .05 .10 .25 .10 .25 .10 .10
 .10 .25 .25 .15 .25 .05 .25 .15 0 .25 .15 .10 .06 0 .15 .10 .15 .06 .25 .10
 .15 .05 .10 .10 .10 .15 .25 .15 .06 .10 .15 .25 .25 .15 .15 .15 .15 .10 .25 .15
 .25 .15 .06 .15 .10 .15 .15 .05 .25 .15 .10 .15 .15 .15 .15 .15 .15 .15 .15 .15
 .10 .06 .15 .10 .25 .25 .05 .15 .25 .06 .15 .15 .15 .15 .10 .15 .10 .10 .05 .10
 .25 .15 .15 .15 .10 .15 .15 .15 .10 .15
 .27 .27 .27 .27 .27 .05 0 0 .27 .27 .27 .05 .27 .27 .27 .27 .27 .27 0 .27
 .05 .05 .27 .05 0 .27 .27 .05 .05 .27 .27 .27 .05 .27 .27 .27 .05 .27 .05 .27
 .27 .05 .27 .27 .27 .05 .27 .05 0 .05 .05 .27 .05 .27 .05 .27 .27 0 .05 0
 0 .27 .27 .27 0 .27 0 0 .27 0 .27 0 .05 .27 .27 .27 .27 .05 .27 .27
 .27 .27 .05 0 0 .05 .27 .27 .05 .27 .27 .27 .27 .27 0 .27 0 .27 0 .27
 .27 .27 .05 .27 .27 .27 .27 .27 .27 .27 .27 .05 .27 .27 .27 0 0 .27 .27 .27
 .05 .05 .27 0 0 .27 .27 .27 .27 .05 .27 .27 .27 .27 0 .27 .27 .27 .27 0
 .27 0 0 .27 .05 .05 .27 .27 .05 0
 0 0 0 0 0 0 0 0 0 0 0 0 0 0 0 0 0 0 0 0
 0 0 0 0 0 0 0 0 0 0 0 0 0 0 0 0 0 0 0 0
 0 0 0 0 0 0 0 0 0 0 0 0 0 0 0 0 0 0 0 0
 0 0 0 0 0 0 0 0 0 0 0 0 0 0 0 0 0 0 0 0
 0 0 0 0 0 0 0 0 0 0 0 0 0 0 0 0 0 0 0 0
 0 0 0 0 0 0 0 0 0 0 0 0 0 0 0 0 0 0 0 0
 0 0 0 0 0 0 0 0 0 0 0 0 0 0 0 0 0 0 0 0
 0 0 0 0 0 0 0 0 0 0
 0 .15 .28 .28 0 0 0 0 0 0 .15 .05 0 .10 0 0 0 0 0 0
 0 .05 0 0 0 0 .10 .05 0 .10 .28 0 0 0 0 0 0 0 0 .28
 .05 0 0 .15 0 .05 0 0 0 0 0 0 0 0 0 0 .10 0 0 0
 0 .28 0 0 0 0 0 0 .10 0 .15 0 .05 .10 .15 .28 .15 .05 0 .10
 0 0 0 0 0 0 0 0 .05 .10 0 .28 .28 .15 0 .05 0 .28 0 .05
 .28 .15 .05 0 .28 0 .15 0 0 0 .10 0 .05 .15 0 0 0 0 .10 .10
 0 .05 .15 0 0 .28 0 .15 .28 .05 .15 0 0 0 0 0 .10 .10 0 0
 .28 0 0 .15 0 0 0 .28 0 0
 .05 .30 .30 .30 .05 .05 .05 .05 .05 .05 .30 0 .05 .10 .05 .05 .10 .10 .15 .05
 .05 0 .05 .05 .05 .30 .15 0 .05 .15 .30 .05 .05 .05 .10 .05 .05 .05 .05 .30
 .05 .05 .05 .30 .05 0 .05 .05 .05 .05 .05 .30 .05 .05 .05 .30 .10 .05 .05 .05
 .05 .30 .30 .05 .05 .05 .05 .05 .05 .05 .15 .05 0 .05 .15 .30 .15 0 .30 .10
 .05 .05 .05 .05 .05 .05 .30 .05 0 .10 .10 .30 .30 .15 .05 .05 .05 .30 .05 .05
 .30 .30 0 .05 .30 .10 .15 .05 .30 .10 .10 .05 .05 .15 .05 .05 .05 .05 .15 .15
 .05 0 .30 .05 .05 .30 .05 .15 .30 0 .30 .05 .05 .05 .05 .05 .10 .10 .05 .05
 .30 .05 .05 .15 .05 .05 .05 .30 .05 .05
 .15 .15 .15 .10 .15 .10 .25 .10 .15 .15 .15 .06 .15 .10 .15 .05 .15 .15 .15 .15
 .10 .06 .05 .15 .10 .25 .15 .06 .10 .15 .10 .15 .15 .15 .15 .15 .15 .05 .15 .25
 .15 .10 .15 .15 .15 .06 .15 .15 .15 .10 .15 .25 .15 .05 .10 .25 .10 .25 .10 .10
 .10 .25 .25 .15 .25 .05 .25 .15 0 .25 .15 .10 .06 0 .15 .10 .15 .06 .25 .10
 .15 .05 .10 .10 .10 .15 .25 .15 .06 .10 .15 .25 .25 .15 .15 .15 .15 .10 .25 .15
 .25 .15 .06 .15 .10 .15 .15 .05 .25 .15 .10 .15 .15 .15 .15 .15 .15 .15 .15 .15
 .10 .06 .15 .10 .25 .25 .05 .15 .25 .06 .15 .15 .15 .15 .10 .15 .10 .10 .05 .10
 .25 .15 .15 .15 .10 .15 .15 .15 .10 .15
 0 0 0 0 0 0 0 0 0 0 0 0 0 0 0 0 0 0 0 0
 0 0 0 0 0 0 0 0 0 0 0 0 0 0 0 0 0 0 0 0
 0 0 0 0 0 0 0 0 0 0 0 0 0 0 0 0 0 0 0 0
 0 0 0 0 0 0 0 0 0 0 0 0 0 0 0 0 0 0 0 0
 0 0 0 0 0 0 0 0 0 0 0 0 0 0 0 0 0 0 0 0
 0 0 0 0 0 0 0 0 0 0 0 0 0 0 0 0 0 0 0 0
 0 0 0 0 0 0 0 0 0 0 0 0 0 0 0 0 0 0 0 0
 0 0 0 0 0 0 0 0 0 0
 0 0 0 0 0 0 0 0 0 0 0 0 0 0 0 0 0 0 0 0
 0 0 0 0 0 0 0 0 0 0 0 0 0 0 0 0 0 0 0 0
 0 0 0 0 0 0 0 0 0 0 0 0 0 0 0 0 0 0 0 0
 0 0 0 0 0 0 0 0 0 0 0 0 0 0 0 0 0 0 0 0
 0 0 0 0 0 0 0 0 0 0 0 0 0 0 0 0 0 0 0 0
 0 0 0 0 0 0 0 0 0 0 0 0 0 0 0 0 0 0 0 0
 0 0 0 0 0 0 0 0 0 0 0 0 0 0 0 0 0 0 0 0
 0 0 0 0 0 0 0 0 0 0
 .15 .30 .30 .30 .15 .15 .30 .15 .30 .15 .30 .15 .15 .15 .30 .30 .30 .30 .15 .30
 .15 .15 .15 .15 .15 .30 .15 .15 .15 .15 .30 .30 .15 .30 .30 .15 .15 .15 .15 .30
 .30 .15 .30 .30 .30 .15 .15 .15 .15 .15 .15 .30 .15 .15 .15 .30 .15 .30 .15 .15
 .15 .30 .30 .30 .30 .30 .30 .15 .15 .30 .15 .15 .15 .15 .15 .30 0 .15 .30 .15
 .15 .15 .15 .15 .15 .15 .30 .15 .15 .15 .30 .30 .30 .15 .15 .30 .15 .30 .30 .30
 .30 .30 .15 .30 .30 .30 0 .30 .30 .30 .15 .15 .30 0 .15 .15 .15 .30 .15 .15
 .15 .15 .30 .15 .30 .30 .30 0 .30 .15 .30 .30 .30 .15 .15 .15 .15 .15 .15 .15
 .30 .15 .15 0 .15 .15 .15 .30 .15 .15
 .05 .30 .30 .30 .05 .05 .05 .05 .05 .05 .30 0 .05 .10 .05 .05 .10 .10 .15 .05
 .05 0 .05 .05 .05 .30 .15 0 .05 .15 .30 .05 .05 .05 .10 .05 .05 .05 .05 .30
 .05 .05 .05 .30 .05 0 .05 .05 .05 .05 .05 .30 .05 .05 .05 .30 .10 .05 .05 .05
 .05 .30 .30 .05 .05 .05 .05 .05 .05 .05 .15 .05 0 .05 .15 .30 .15 0 .30 .10
 .05 .05 .05 .05 .05 .05 .30 .05 0 .10 .10 .30 .30 .15 .05 .05 .05 .30 .05 .05
 .30 .30 0 .05 .30 .10 .15 .05 .30 .10 .10 .05 .05 .15 .05 .05 .05 .05 .15 .15
 .05 0 .30 .05 .05 .30 .05 .15 .30 0 .30 .05 .05 .05 .05 .05 .10 .10 .05 .05
 .30 .05 .05 .15 .05 .05 .05 .30 .05 .05
 0 0 0 0 0 0 0 0 0 0 0 0 0 0 0 0 0 0 0 0
 0 0 0 0 0 0 0 0 0 0 0 0 0 0 0 0 0 0 0 0
 0 0 0 0 0 0 0 0 0 0 0 0 0 0 0 0 0 0 0 0
 0 0 0 0 0 0 0 0 0 0 0 0 0 0 0 0 0 0 0 0
 0 0 0 0 0 0 0 0 0 0 0 0 0 0 0 0 0 0 0 0
 0 0 0 0 0 0 0 0 0 0 0 0 0 0 0 0 0 0 0 0
 0 0 0 0 0 0 0 0 0 0 0 0 0 0 0 0 0 0 0 0
 0 0 0 0 0 0 0 0 0 0
 0 0 0 0 0 0 0 0 0 0 0 0 0 0 0 0 0 0 0 0
 0 0 0 0 0 0 0 0 0 0 0 0 0 0 0 0 0 0 0 0
 0 0 0 0 0 0 0 0 0 0 0 0 0 0 0 0 0 0 0 0
 0 0 0 0 0 0 0 0 0 0 0 0 0 0 0 0 0 0 0 0
 0 0 0 0 0 0 0 0 0 0 0 0 0 0 0 0 0 0 0 0
 0 0 0 0 0 0 0 0 0 0 0 0 0 0 0 0 0 0 0 0
 0 0 0 0 0 0 0 0 0 0 0 0 0 0 0 0 0 0 0 0
 0 0 0 0 0 0 0 0 0 0
 0 .15 .32 .15 0 0 .32 0 .15 0 .15 .05 0 .10 .15 .15 0 0 .15 .15
 0 .05 0 0 0 0 .32 .05 0 .32 .15 .15 .15 .15 0 0 0 0 .15 .32
 .15 0 .15 .15 .15 .05 0 0 0 0 0 0 0 0 0 0 .10 .32 0 0
 0 .32 0 .15 .32 .15 .32 0 .15 .32 0 0 .05 .15 0 .15 .15 .05 0 .10
 0 0 0 0 0 .15 0 0 .05 .10 0 .32 .32 0 0 .15 0 .15 .32 .15
 .32 .15 .05 .15 .15 0 .15 .15 0 0 .10 0 .15 .15 0 0 0 .15 .32 .32
 0 .05 .15 0 .32 .32 .15 .15 .32 .05 .15 .15 .15 0 0 0 .10 .10 0 0
 .32 0 0 .15 0 .15 0 .32 0 0
 0 .15 .25 .25 0 0 .25 0 .15 0 .15 .05 0 .10 .15 0 0 0 0 .05
 0 .05 0 0 0 0 .10 .05 0 .10 .25 .15 0 .15 0 0 0 0 0 .25
 0 0 .05 .15 .05 .05 0 0 0 0 0 0 0 0 0 0 .10 .25 0 0
 0 .25 0 .05 .25 0 .25 0 .06 .25 .15 0 .05 .06 .15 .25 .15 .05 0 .10
 0 0 0 0 0 0 0 0 .05 .10 0 .25 .25 .15 0 0 0 .25 .25 0
 .25 .15 .05 .15 .25 0 .15 0 0 0 .10 0 0 .15 0 0 0 .15 .10 .10
 0 .05 .15 0 .25 .25 0 .15 .25 .05 .15 .15 .15 0 0 0 .10 .10 0 0
 .25 0 0 .15 0 0 0 .25 0 0
 .05 .05 .05 .05 .05 0 .05 .05 .05 .05 .05 .05 .05 .05 .05 .05 .05 .05 .05 .05
 .05 .05 .05 .05 .05 .05 .05 .05 .05 .05 .05 .05 .05 .05 .05 .05 .05 .05 .05 .05
 .05 .05 .05 .05 .05 .05 .05 .05 .05 0 .05 .05 .05 .05 0 .05 .05 .05 .05 .05
 .05 .05 .05 .05 .05 .05 .05 .05 .05 .05 .05 .05 .05 .05 .05 .05 .05 .05 .05 .05
 .05 .05 0 .05 .05 .05 .05 .05 .05 .05 .05 .05 .05 .05 .05 .05 .05 .05 .05 .05
 .05 .05 .05 .05 .05 .05 .05 .05 .05 .05 .05 .05 .05 .05 .05 .05 .05 .05 .05 .05
 0 .05 .05 .05 .05 .05 .05 .05 .05 .05 .05 .05 .05 .05 .05 .05 .05 .05 .05 .05
 .05 .05 .05 .05 0 .05 .05 .05 0 .05
 0 .15 .28 .28 0 0 0 0 0 0 .15 .05 0 .10 0 0 0 0 0 0
 0 .05 0 0 0 0 .10 .05 0 .10 .28 0 0 0 0 0 0 0 0 .28
 .05 0 0 .15 0 .05 0 0 0 0 0 0 0 0 0 0 .10 0 0 0
 0 .28 0 0 0 0 0 0 .10 0 .15 0 .05 .10 .15 .28 .15 .05 0 .10
 0 0 0 0 0 0 0 0 .05 .10 0 .28 .28 .15 0 .05 0 .28 0 .05
 .28 .15 .05 0 .28 0 .15 0 0 0 .10 0 .05 .15 0 0 0 0 .10 .10
 0 .05 .15 0 0 .28 0 .15 .28 .05 .15 0 0 0 0 0 .10 .10 0 0
 .28 0 0 .15 0 0 0 .28 0 0
 0 .15 .28 .28 0 0 0 0 0 0 .15 .05 0 .10 0 0 0 0 0 0
 0 .05 0 0 0 0 .10 .05 0 .10 .28 0 0 0 0 0 0 0 0 .28
 .05 0 0 .15 0 .05 0 0 0 0 0 0 0 0 0 0 .10 0 0 0
 0 .28 0 0 0 0 0 0 .10 0 .15 0 .05 .10 .15 .28 .15 .05 0 .10
 0 0 0 0 0 0 0 0 .05 .10 0 .28 .28 .15 0 .05 0 .28 0 .05
 .28 .15 .05 0 .28 0 .15 0 0 0 .10 0 .05 .15 0 0 0 0 .10 .10
 0 .05 .15 0 0 .28 0 .15 .28 .05 .15 0 0 0 0 0 .10 .10 0 0
 .28 0 0 .15 0 0 0 .28 0 0
 .15 .35 .35 .35 .15 .05 .15 .05 .35 .10 .35 .05 .15 .10 .35 0 .10 .10 .05 .05
 .05 .05 0 .05 .05 .05 .10 .05 .05 .10 .35 .35 0 .35 .10 .15 .05 0 0 .35
 .35 .05 .05 .35 .05 .05 .15 .05 0 .05 .05 .05 .05 0 .05 .05 .10 .15 .05 .05
 .05 .35 .05 .05 .15 0 .15 0 .15 .15 .15 .05 .05 .15 .15 .35 .15 .05 .05 .10
 .15 0 .05 .05 .05 0 .05 .15 .05 .10 .10 .35 .35 .15 0 .35 0 .35 .15 .35
 .35 .35 .05 .35 .35 .10 .15 0 .05 .10 .10 .05 .35 .15 .15 0 0 .35 .10 .10
 .05 .05 .35 .05 .15 .35 0 .15 .35 .05 .35 .35 .35 .15 .05 .15 .10 .10 0 .05
 .35 0 0 .15 .05 0 .10 .35 .05 0
 0 0 0 0 0 0 0 0 0 0 0 0 0 0 0 0 0 0 0 0
 0 0 0 0 0 0 0 0 0 0 0 0 0 0 0 0 0 0 0 0
 0 0 0 0 0 0 0 0 0 0 0 0 0 0 0 0 0 0 0 0
 0 0 0 0 0 0 0 0 0 0 0 0 0 0 0 0 0 0 0 0
 0 0 0 0 0 0 0 0 0 0 0 0 0 0 0 0 0 0 0 0
 0 0 0 0 0 0 0 0 0 0 0 0 0 0 0 0 0 0 0 0
 0 0 0 0 0 0 0 0 0 0 0 0 0 0 0 0 0 0 0 0
 0 0 0 0 0 0 0 0 0 0
 0 .15 .32 .15 0 0 .32 0 .15 0 .15 .05 0 .10 .15 .15 0 0 .15 .15
 0 .05 0 0 0 0 .32 .05 0 .32 .15 .15 .15 .15 0 0 0 0 .15 .32
 .15 0 .15 .15 .15 .05 0 0 0 0 0 0 0 0 0 0 .10 .32 0 0
 0 .32 0 .15 .32 .15 .32 0 .15 .32 0 0 .05 .15 0 .15 .15 .05 0 .10
 0 0 0 0 0 .15 0 0 .05 .10 0 .32 .32 0 0 .15 0 .15 .32 .15
 .32 .15 .05 .15 .15 0 .15 .15 0 0 .10 0 .15 .15 0 0 0 .15 .32 .32
 0 .05 .15 0 .32 .32 .15 .15 .32 .05 .15 .15 .15 0 0 0 .10 .10 0 0
 .32 0 0 .15 0 .15 0 .32 0 0
 .05 .30 .30 .30 .05 .05 .05 .05 .05 .05 .30 0 .05 .10 .05 .05 .10 .10 .15 .05
 .05 0 .05 .05 .05 .30 .15 0 .05 .15 .30 .05 .05 .05 .10 .05 .05 .05 .05 .30
 .05 .05 .05 .30 .05 0 .05 .05 .05 .05 .05 .30 .05 .05 .05 .30 .10 .05 .05 .05
 .05 .30 .30 .05 .05 .05 .05 .05 .05 .05 .15 .05 0 .05 .15 .30 .15 0 .30 .10
 .05 .05 .05 .05 .05 .05 .30 .05 0 .10 .10 .30 .30 .15 .05 .05 .05 .30 .05 .05
 .30 .30 0 .05 .30 .10 .15 .05 .30 .10 .10 .05 .05 .15 .05 .05 .05 .05 .15 .15
 .05 0 .30 .05 .05 .30 .05 .15 .30 0 .30 .05 .05 .05 .05 .05 .10 .10 .05 .05
 .30 .05 .05 .15 .05 .05 .05 .30 .05 .05
 0 0 0 0 0 0 0 0 0 0 0 0 0 0 0 0 0 0 0 0
 0 0 0 0 0 0 0 0 0 0 0 0 0 0 0 0 0 0 0 0
 0 0 0 0 0 0 0 0 0 0 0 0 0 0 0 0 0 0 0 0
 0 0 0 0 0 0 0 0 0 0 0 0 0 0 0 0 0 0 0 0
 0 0 0 0 0 0 0 0 0 0 0 0 0 0 0 0 0 0 0 0
 0 0 0 0 0 0 0 0 0 0 0 0 0 0 0 0 0 0 0 0
 0 0 0 0 0 0 0 0 0 0 0 0 0 0 0 0 0 0 0 0
 0 0 0 0 0 0 0 0 0 0
 0 .15 .25 .10 0 0 .25 0 .18 0 .15 .10 0 .10 .18 0 0 0 .10 0
 0 .10 0 0 0 0 .25 .10 0 .25 .10 .18 .10 .18 0 0 0 0 .10 .25
 .25 0 0 .15 0 .10 0 0 0 0 0 0 0 0 0 0 .10 .25 0 0
 0 .25 0 0 .25 0 .25 0 .15 .25 .15 0 .10 .15 .15 .10 .25 .10 0 .10
 0 0 0 0 0 .10 0 0 .10 .10 0 .25 .25 .15 0 .25 0 .10 .25 .25
 .25 .15 .10 .18 .10 0 .25 0 0 0 .10 0 .25 .25 0 0 0 .18 .25 .25
 0 .10 .15 0 .25 .25 0 .25 .25 .10 .15 .18 .18 0 0 0 .10 .10 0 0
 .25 0 0 .25 0 .10 0 .25 0 0
 0 0 0 0 0 0 0 0 0 0 0 0 0 0 0 0 0 0 0 0
 0 0 0 0 0 0 0 0 0 0 0 0 0 0 0 0 0 0 0 0
 0 0 0 0 0 0 0 0 0 0 0 0 0 0 0 0 0 0 0 0
 0 0 0 0 0 0 0 0 0 0 0 0 0 0 0 0 0 0 0 0
 0 0 0 0 0 0 0 0 0 0 0 0 0 0 0 0 0 0 0 0
 0 0 0 0 0 0 0 0 0 0 0 0 0 0 0 0 0 0 0 0
 0 0 0 0 0 0 0 0 0 0 0 0 0 0 0 0 0 0 0 0
 0 0 0 0 0 0 0 0 0 0
 .20 .20 .20 .20 .20 .20 .20 .20 .20 .20 .20 .20 .20 .20 .20 .20 .20 .20 .20 .20
 .20 .20 .20 .20 .20 .20 .20 .20 .20 .20 .20 .20 .20 .20 .20 .20 .20 .20 .20 .20
 .20 .20 .20 .20 .20 .20 .20 .20 .20 .20 .20 .20 .20 .20 .20 .20 .20 .20 .20 .20
 .20 0 .20 .20 .20 .20 .20 .20 .20 .20 .20 .20 .20 .20 .20 .20 .20 .20 .20 .20
 .20 .20 .20 .20 .20 .20 .20 .20 .20 .20 .20 .20 0 .20 .20 .20 .20 .20 .20 .20
 .20 .20 .20 .20 .20 .20 .20 .20 .20 .20 .20 .20 .20 .20 .20 .20 .20 .20 .20 .20
 .20 .20 .20 .20 .20 0 .20 .20 0 .20 .20 .20 .20 .20 .20 .20 .20 .20 .20 .20
 .20 .20 .20 .20 .20 .20 .20 .20 .20 .20
 0 0 0 0 0 0 0 0 0 0 0 0 0 0 0 0 0 0 0 0
 0 0 0 0 0 0 0 0 0 0 0 0 0 0 0 0 0 0 0 0
 0 0 0 0 0 0 0 0 0 0 0 0 0 0 0 0 0 0 0 0
 0 0 0 0 0 0 0 0 0 0 0 0 0 0 0 0 0 0 0 0
 0 0 0 0 0 0 0 0 0 0 0 0 0 0 0 0 0 0 0 0
 0 0 0 0 0 0 0 0 0 0 0 0 0 0 0 0 0 0 0 0
 0 0 0 0 0 0 0 0 0 0 0 0 0 0 0 0 0 0 0 0
 0 0 0 0 0 0 0 0 0 0
 0 .25 .20 .25 0 0 0 0 .15 0 .25 .05 0 .10 .15 0 0 0 0 0
 0 .05 0 0 0 0 .10 .05 0 .10 .25 .15 0 .15 0 0 0 0 0 .25
 .25 0 0 .25 0 .05 0 0 0 0 0 0 0 0 0 0 .10 0 0 0
 0 .25 0 0 0 0 0 0 .15 0 .15 0 .05 .15 .15 .25 .15 .05 0 .10
 0 0 0 0 0 0 0 0 .05 .10 0 .25 .25 .15 0 .25 0 .25 0 .25
 .25 .25 .05 .15 .25 0 .15 0 0 0 .10 0 .25 .15 0 0 0 .15 .10 .10
 0 .05 .25 0 0 .25 0 .15 .25 .05 .25 .15 .15 0 0 0 .10 .10 0 0
 .25 0 0 .15 0 0 0 .20 0 0
 0 0 0 0 0 0 0 0 0 0 0 0 0 0 0 0 0 0 0 0
 0 0 0 0 0 0 0 0 0 0 0 0 0 0 0 0 0 0 0 0
 0 0 0 0 0 0 0 0 0 0 0 0 0 0 0 0 0 0 0 0
 0 0 0 0 0 0 0 0 0 0 0 0 0 0 0 0 0 0 0 0
 0 0 0 0 0 0 0 0 0 0 0 0 0 0 0 0 0 0 0 0
 0 0 0 0 0 0 0 0 0 0 0 0 0 0 0 0 0 0 0 0
 0 0 0 0 0 0 0 0 0 0 0 0 0 0 0 0 0 0 0 0
 0 0 0 0 0 0 0 0 0 0
 .30 .15 .15 .30 .30 0 .15 0 .15 0 .15 .05 .30 .10 .15 0 0 0 0 0
 0 .05 0 0 0 0 .10 .05 0 .10 .30 .15 0 .15 0 .30 0 0 0 .30
 .05 0 0 .15 0 .05 .30 0 0 0 0 0 0 0 0 0 .10 .15 0 0
 0 .30 0 0 .15 0 .15 0 .15 .15 .15 0 .05 .15 .15 .30 .15 .05 0 .10
 .30 0 0 0 0 0 0 .30 .05 .10 0 .30 .30 .15 0 .05 0 .30 .15 .05
 .30 .15 .05 .15 .30 0 .15 0 0 0 .10 0 .05 .15 .30 0 0 .15 .10 .10
 0 .05 .15 0 .15 .30 0 .15 .30 .05 .15 .15 .15 .30 0 .30 .10 .10 0 0
 .30 0 0 .15 0 0 0 .15 0 0
 0 0 0 0 0 0 0 0 0 0 0 0 0 0 0 0 0 0 0 0
 0 0 0 0 0 0 0 0 0 0 0 0 0 0 0 0 0 0 0 0
 0 0 0 0 0 0 0 0 0 0 0 0 0 0 0 0 0 0 0 0
 0 0 0 0 0 0 0 0 0 0 0 0 0 0 0 0 0 0 0 0
 0 0 0 0 0 0 0 0 0 0 0 0 0 0 0 0 0 0 0 0
 0 0 0 0 0 0 0 0 0 0 0 0 0 0 0 0 0 0 0 0
 0 0 0 0 0 0 0 0 0 0 0 0 0 0 0 0 0 0 0 0
 0 0 0 0 0 0 0 0 0 0
 .27 .27 .27 .27 .27 .05 0 0 .27 .27 .27 .05 .27 .27 .27 .27 .27 .27 0 .27
 .05 .05 .27 .05 0 .27 .27 .05 .05 .27 .27 .27 .05 .27 .27 .27 .05 .27 .05 .27
 .27 .05 .27 .27 .27 .05 .27 .05 0 .05 .05 .27 .05 .27 .05 .27 .27 0 .05 0
 0 .27 .27 .27 0 .27 0 0 .27 0 .27 0 .05 .27 .27 .27 .27 .05 .27 .27
 .27 .27 .05 0 0 .05 .27 .27 .05 .27 .27 .27 .27 .27 0 .27 0 .27 0 .27
 .27 .27 .05 .27 .27 .27 .27 .27 .27 .27 .27 .05 .27 .27 .27 0 0 .27 .27 .27
 .05 .05 .27 0 0 .27 .27 .27 .27 .05 .27 .27 .27 .27 0 .27 .27 .27 .27 0
 .27 0 0 .27 .05 .05 .27 .27 .05 0
 0 0 0 0 0 0 0 0 0 0 0 0 0 0 0 0 0 0 0 0
 0 0 0 0 0 0 0 0 0 0 0 0 0 0 0 0 0 0 0 0
 0 0 0 0 0 0 0 0 0 0 0 0 0 0 0 0 0 0 0 0
 0 0 0 0 0 0 0 0 0 0 0 0 0 0 0 0 0 0 0 0
 0 0 0 0 0 0 0 0 0 0 0 0 0 0 0 0 0 0 0 0
 0 0 0 0 0 0 0 0 0 0 0 0 0 0 0 0 0 0 0 0
 0 0 0 0 0 0 0 0 0 0 0 0 0 0 0 0 0 0 0 0
 0 0 0 0 0 0 0 0 0 0
 0 0 0 0 0 0 0 0 0 0 0 0 0 0 0 0 0 0 0 0
 0 0 0 0 0 0 0 0 0 0 0 0 0 0 0 0 0 0 0 0
 0 0 0 0 0 0 0 0 0 0 0 0 0 0 0 0 0 0 0 0
 0 0 0 0 0 0 0 0 0 0 0 0 0 0 0 0 0 0 0 0
 0 0 0 0 0 0 0 0 0 0 0 0 0 0 0 0 0 0 0 0
 0 0 0 0 0 0 0 0 0 0 0 0 0 0 0 0 0 0 0 0
 0 0 0 0 0 0 0 0 0 0 0 0 0 0 0 0 0 0 0 0
 0 0 0 0 0 0 0 0 0 0
 0 0 0 0 0 0 0 0 0 0 0 0 0 0 0 0 0 0 0 0
 0 0 0 0 0 0 0 0 0 0 0 0 0 0 0 0 0 0 0 0
 0 0 0 0 0 0 0 0 0 0 0 0 0 0 0 0 0 0 0 0
 0 0 0 0 0 0 0 0 0 0 0 0 0 0 0 0 0 0 0 0
 0 0 0 0 0 0 0 0 0 0 0 0 0 0 0 0 0 0 0 0
 0 0 0 0 0 0 0 0 0 0 0 0 0 0 0 0 0 0 0 0
 0 0 0 0 0 0 0 0 0 0 0 0 0 0 0 0 0 0 0 0
 0 0 0 0 0 0 0 0 0 0
 .05 .30 .30 .30 .05 .05 .05 .05 .05 .05 .30 0 .05 .10 .05 .05 .10 .10 .15 .05
 .05 0 .05 .05 .05 .30 .15 0 .05 .15 .30 .05 .05 .05 .10 .05 .05 .05 .05 .30
 .05 .05 .05 .30 .05 0 .05 .05 .05 .05 .05 .30 .05 .05 .05 .30 .10 .05 .05 .05
 .05 .30 .30 .05 .05 .05 .05 .05 .05 .05 .15 .05 0 .05 .15 .30 .15 0 .30 .10
 .05 .05 .05 .05 .05 .05 .30 .05 0 .10 .10 .30 .30 .15 .05 .05 .05 .30 .05 .05
 .30 .30 0 .05 .30 .10 .15 .05 .30 .10 .10 .05 .05 .15 .05 .05 .05 .05 .15 .15
 .05 0 .30 .05 .05 .30 .05 .15 .30 0 .30 .05 .05 .05 .05 .05 .10 .10 .05 .05
 .30 .05 .05 .15 .05 .05 .05 .30 .05 .05
 .15 .15 .15 .15 .15 0 .15 0 0 .15 .15 .05 .15 .15 0 .15 .15 .15 .15 0
 .15 .05 .15 .15 0 .15 .15 .05 .15 .15 .15 0 0 0 .15 .15 .15 .15 0 .15
 .15 .15 0 .15 0 .05 .15 .15 .05 0 .15 .15 .15 .15 0 .15 .15 .15 .15 0
 0 .15 .15 0 .15 .15 .15 .05 .15 .15 .15 0 .05 .15 .15 .15 .15 .05 .15 .15
 .15 .15 0 0 0 0 .15 .15 .05 .15 .15 .15 .15 .15 .15 .15 .05 .15 .15 .15
 .15 .15 .05 0 .15 .15 .15 .15 .15 .15 .15 .15 .15 .15 .15 .05 .15 0 .15 .15
 0 .05 .15 0 .15 .15 .15 .15 .15 .05 .15 0 0 .15 0 .15 .15 .15 .15 0
 .15 .15 .15 .15 0 0 .15 .15 0 .15
 0 0 0 0 0 0 0 0 0 0 0 0 0 0 0 0 0 0 0 0
 0 0 0 0 0 0 0 0 0 0 0 0 0 0 0 0 0 0 0 0
 0 0 0 0 0 0 0 0 0 0 0 0 0 0 0 0 0 0 0 0
 0 0 0 0 0 0 0 0 0 0 0 0 0 0 0 0 0 0 0 0
 0 0 0 0 0 0 0 0 0 0 0 0 0 0 0 0 0 0 0 0
 0 0 0 0 0 0 0 0 0 0 0 0 0 0 0 0 0 0 0 0
 0 0 0 0 0 0 0 0 0 0 0 0 0 0 0 0 0 0 0 0
 0 0 0 0 0 0 0 0 0 0
 0 .15 .25 .10 0 0 .25 0 .18 0 .15 .10 0 .10 .18 0 0 0 .10 0
 0 .10 0 0 0 0 .25 .10 0 .25 .10 .18 .10 .18 0 0 0 0 .10 .25
 .25 0 0 .15 0 .10 0 0 0 0 0 0 0 0 0 0 .10 .25 0 0
 0 .25 0 0 .25 0 .25 0 .15 .25 .15 0 .10 .15 .15 .10 .25 .10 0 .10
 0 0 0 0 0 .10 0 0 .10 .10 0 .25 .25 .15 0 .25 0 .10 .25 .25
 .25 .15 .10 .18 .10 0 .25 0 0 0 .10 0 .25 .25 0 0 0 .18 .25 .25
 0 .10 .15 0 .25 .25 0 .25 .25 .10 .15 .18 .18 0 0 0 .10 .10 0 0
 .25 0 0 .25 0 .10 0 .25 0 0
 .15 .30 .30 .30 .15 .15 .30 .15 .30 .15 .30 .15 .15 .15 .30 .30 .30 .30 .15 .30
 .15 .15 .15 .15 .15 .30 .15 .15 .15 .15 .30 .30 .15 .30 .30 .15 .15 .15 .15 .30
 .30 .15 .30 .30 .30 .15 .15 .15 .15 .15 .15 .30 .15 .15 .15 .30 .15 .30 .15 .15
 .15 .30 .30 .30 .30 .30 .30 .15 .15 .30 .15 .15 .15 .15 .15 .30 0 .15 .30 .15
 .15 .15 .15 .15 .15 .15 .30 .15 .15 .15 .30 .30 .30 .15 .15 .30 .15 .30 .30 .30
 .30 .30 .15 .30 .30 .30 0 .30 .30 .30 .15 .15 .30 0 .15 .15 .15 .30 .15 .15
 .15 .15 .30 .15 .30 .30 .30 0 .30 .15 .30 .30 .30 .15 .15 .15 .15 .15 .15 .15
 .30 .15 .15 0 .15 .15 .15 .30 .15 .15
 0 0 0 0 0 0 0 0 0 0 0 0 0 0 0 0 0 0 0 0
 0 0 0 0 0 0 0 0 0 0 0 0 0 0 0 0 0 0 0 0
 0 0 0 0 0 0 0 0 0 0 0 0 0 0 0 0 0 0 0 0
 0 0 0 0 0 0 0 0 0 0 0 0 0 0 0 0 0 0 0 0
 0 0 0 0 0 0 0 0 0 0 0 0 0 0 0 0 0 0 0 0
 0 0 0 0 0 0 0 0 0 0 0 0 0 0 0 0 0 0 0 0
 0 0 0 0 0 0 0 0 0 0 0 0 0 0 0 0 0 0 0 0
 0 0 0 0 0 0 0 0 0 0
 0 0 0 0 0 0 0 0 0 0 0 0 0 0 0 0 0 0 0 0
 0 0 0 0 0 0 0 0 0 0 0 0 0 0 0 0 0 0 0 0
 0 0 0 0 0 0 0 0 0 0 0 0 0 0 0 0 0 0 0 0
 0 0 0 0 0 0 0 0 0 0 0 0 0 0 0 0 0 0 0 0
 0 0 0 0 0 0 0 0 0 0 0 0 0 0 0 0 0 0 0 0
 0 0 0 0 0 0 0 0 0 0 0 0 0 0 0 0 0 0 0 0
 0 0 0 0 0 0 0 0 0 0 0 0 0 0 0 0 0 0 0 0
 0 0 0 0 0 0 0 0 0 0
 0 .15 .25 .10 0 0 .25 0 .18 0 .15 .10 0 .10 .18 0 0 0 .10 0
 0 .10 0 0 0 0 .25 .10 0 .25 .10 .18 .10 .18 0 0 0 0 .10 .25
 .25 0 0 .15 0 .10 0 0 0 0 0 0 0 0 0 0 .10 .25 0 0
 0 .25 0 0 .25 0 .25 0 .15 .25 .15 0 .10 .15 .15 .10 .25 .10 0 .10
 0 0 0 0 0 .10 0 0 .10 .10 0 .25 .25 .15 0 .25 0 .10 .25 .25
 .25 .15 .10 .18 .10 0 .25 0 0 0 .10 0 .25 .25 0 0 0 .18 .25 .25
 0 .10 .15 0 .25 .25 0 .25 .25 .10 .15 .18 .18 0 0 0 .10 .10 0 0
 .25 0 0 .25 0 .10 0 .25 0 0
 0 0 0 0 0 0 0 0 0 0 0 0 0 0 0 0 0 0 0 0
 0 0 0 0 0 0 0 0 0 0 0 0 0 0 0 0 0 0 0 0
 0 0 0 0 0 0 0 0 0 0 0 0 0 0 0 0 0 0 0 0
 0 0 0 0 0 0 0 0 0 0 0 0 0 0 0 0 0 0 0 0
 0 0 0 0 0 0 0 0 0 0 0 0 0 0 0 0 0 0 0 0
 0 0 0 0 0 0 0 0 0 0 0 0 0 0 0 0 0 0 0 0
 0 0 0 0 0 0 0 0 0 0 0 0 0 0 0 0 0 0 0 0
 0 0 0 0 0 0 0 0 0 0
 0 .15 .15 .15 0 0 .25 0 .15 0 .15 .05 0 .15 .15 0 0 0 0 0
 0 .05 0 0 0 0 .10 .05 0 .10 .15 .15 .05 .15 0 0 0 0 .05 .25
 .15 0 0 .15 0 .05 0 0 0 0 0 0 0 0 0 0 .15 .25 0 0
 0 .25 0 0 .25 0 .25 0 .15 .25 .15 0 .05 .15 .15 .15 .15 .05 0 .15
 0 0 0 0 0 .05 0 0 .05 .15 0 .25 .25 .15 0 .15 0 .15 .25 .15
 .25 .15 .05 .15 .15 0 .15 0 0 0 .15 0 .15 .15 0 0 0 .15 .10 .10
 0 .05 .15 0 .25 .25 0 .15 .25 .05 .15 .15 .15 0 0 0 .15 .15 0 0
 .25 0 0 .15 0 .05 0 .15 0 0
 0 0 0 0 0 0 0 0 0 0 0 0 0 0 0 0 0 0 0 0
 0 0 0 0 0 0 0 0 0 0 0 0 0 0 0 0 0 0 0 0
 0 0 0 0 0 0 0 0 0 0 0 0 0 0 0 0 0 0 0 0
 0 0 0 0 0 0 0 0 0 0 0 0 0 0 0 0 0 0 0 0
 0 0 0 0 0 0 0 0 0 0 0 0 0 0 0 0 0 0 0 0
 0 0 0 0 0 0 0 0 0 0 0 0 0 0 0 0 0 0 0 0
 0 0 0 0 0 0 0 0 0 0 0 0 0 0 0 0 0 0 0 0
 0 0 0 0 0 0 0 0 0 0
 .15 .30 .30 .30 .15 .15 .30 .15 .30 .15 .30 .15 .15 .15 .30 .30 .30 .30 .15 .30
 .15 .15 .15 .15 .15 .30 .15 .15 .15 .15 .30 .30 .15 .30 .30 .15 .15 .15 .15 .30
 .30 .15 .30 .30 .30 .15 .15 .15 .15 .15 .15 .30 .15 .15 .15 .30 .15 .30 .15 .15
 .15 .30 .30 .30 .30 .30 .30 .15 .15 .30 .15 .15 .15 .15 .15 .30 0 .15 .30 .15
 .15 .15 .15 .15 .15 .15 .30 .15 .15 .15 .30 .30 .30 .15 .15 .30 .15 .30 .30 .30
 .30 .30 .15 .30 .30 .30 0 .30 .30 .30 .15 .15 .30 0 .15 .15 .15 .30 .15 .15
 .15 .15 .30 .15 .30 .30 .30 0 .30 .15 .30 .30 .30 .15 .15 .15 .15 .15 .15 .15
 .30 .15 .15 0 .15 .15 .15 .30 .15 .15
 0 .15 .32 .15 0 0 .32 0 .15 0 .15 .05 0 .10 .15 .15 0 0 .15 .15
 0 .05 0 0 0 0 .32 .05 0 .32 .15 .15 .15 .15 0 0 0 0 .15 .32
 .15 0 .15 .15 .15 .05 0 0 0 0 0 0 0 0 0 0 .10 .32 0 0
 0 .32 0 .15 .32 .15 .32 0 .15 .32 0 0 .05 .15 0 .15 .15 .05 0 .10
 0 0 0 0 0 .15 0 0 .05 .10 0 .32 .32 0 0 .15 0 .15 .32 .15
 .32 .15 .05 .15 .15 0 .15 .15 0 0 .10 0 .15 .15 0 0 0 .15 .32 .32
 0 .05 .15 0 .32 .32 .15 .15 .32 .05 .15 .15 .15 0 0 0 .10 .10 0 0
 .32 0 0 .15 0 .15 0 .32 0 0
 .30 .15 .15 .30 .30 0 .15 0 .15 0 .15 .05 .30 .10 .15 0 0 0 0 0
 0 .05 0 0 0 0 .10 .05 0 .10 .30 .15 0 .15 0 .30 0 0 0 .30
 .05 0 0 .15 0 .05 .30 0 0 0 0 0 0 0 0 0 .10 .15 0 0
 0 .30 0 0 .15 0 .15 0 .15 .15 .15 0 .05 .15 .15 .30 .15 .05 0 .10
 .30 0 0 0 0 0 0 .30 .05 .10 0 .30 .30 .15 0 .05 0 .30 .15 .05
 .30 .15 .05 .15 .30 0 .15 0 0 0 .10 0 .05 .15 .30 0 0 .15 .10 .10
 0 .05 .15 0 .15 .30 0 .15 .30 .05 .15 .15 .15 .30 0 .30 .10 .10 0 0
 .30 0 0 .15 0 0 0 .15 0 0
 0 .25 .20 .25 0 0 0 0 .15 0 .25 .05 0 .10 .15 0 0 0 0 0
 0 .05 0 0 0 0 .10 .05 0 .10 .25 .15 0 .15 0 0 0 0 0 .25
 .25 0 0 .25 0 .05 0 0 0 0 0 0 0 0 0 0 .10 0 0 0
 0 .25 0 0 0 0 0 0 .15 0 .15 0 .05 .15 .15 .25 .15 .05 0 .10
 0 0 0 0 0 0 0 0 .05 .10 0 .25 .25 .15 0 .25 0 .25 0 .25
 .25 .25 .05 .15 .25 0 .15 0 0 0 .10 0 .25 .15 0 0 0 .15 .10 .10
 0 .05 .25 0 0 .25 0 .15 .25 .05 .25 .15 .15 0 0 0 .10 .10 0 0
 .25 0 0 .15 0 0 0 .20 0 0
 .15 .15 .15 .15 .15 0 .15 0 0 .15 .15 .05 .15 .15 0 .15 .15 .15 .15 0
 .15 .05 .15 .15 0 .15 .15 .05 .15 .15 .15 0 0 0 .15 .15 .15 .15 0 .15
 .15 .15 0 .15 0 .05 .15 .15 .05 0 .15 .15 .15 .15 0 .15 .15 .15 .15 0
 0 .15 .15 0 .15 .15 .15 .05 .15 .15 .15 0 .05 .15 .15 .15 .15 .05 .15 .15
 .15 .15 0 0 0 0 .15 .15 .05 .15 .15 .15 .15 .15 .15 .15 .05 .15 .15 .15
 .15 .15 .05 0 .15 .15 .15 .15 .15 .15 .15 .15 .15 .15 .15 .05 .15 0 .15 .15
 0 .05 .15 0 .15 .15 .15 .15 .15 .05 .15 0 0 .15 0 .15 .15 .15 .15 0
 .15 .15 .15 .15 0 0 .15 .15 0 .15
 .10 .20 .20 .20 .10 .10 .20 .10 .20 .15 .20 .15 .10 .20 .20 .10 .20 .20 .15 .10
 .10 .15 .10 .10 .10 .20 0 .15 .10 0 .20 .20 .10 .20 .20 .10 .10 .10 .10 .20
 .20 .10 .10 .20 .10 .15 .10 .10 .15 .10 .10 .20 .10 .10 .10 .20 .20 .20 .10 .10
 .10 .20 .20 .10 .20 .10 .20 .15 .15 .20 .15 .10 .15 .15 .15 .20 .15 .15 .20 .20
 .10 .10 .10 .10 .10 .10 .20 .10 .15 .20 .20 .20 .20 .15 .10 .20 .15 .20 .20 .20
 .20 .20 .15 .20 .20 .20 .15 .10 .20 .20 .20 .10 .20 .15 .10 .15 .10 .20 0 0
 .10 .15 .20 .10 .20 .20 .10 .15 .20 .15 .20 .20 .20 .10 .10 .10 .20 .20 .10 .10
 .20 .10 .10 .15 .10 .10 .15 .20 .10 .10
 .10 .20 .20 .20 .10 .10 .20 .10 .20 .15 .20 .15 .10 .20 .20 .10 .20 .20 .15 .10
 .10 .15 .10 .10 .10 .20 0 .15 .10 0 .20 .20 .10 .20 .20 .10 .10 .10 .10 .20
 .20 .10 .10 .20 .10 .15 .10 .10 .15 .10 .10 .20 .10 .10 .10 .20 .20 .20 .10 .10
 .10 .20 .20 .10 .20 .10 .20 .15 .15 .20 .15 .10 .15 .15 .15 .20 .15 .15 .20 .20
 .10 .10 .10 .10 .10 .10 .20 .10 .15 .20 .20 .20 .20 .15 .10 .20 .15 .20 .20 .20
 .20 .20 .15 .20 .20 .20 .15 .10 .20 .20 .20 .10 .20 .15 .10 .15 .10 .20 0 0
 .10 .15 .20 .10 .20 .20 .10 .15 .20 .15 .20 .20 .20 .10 .10 .10 .20 .20 .10 .10
 .20 .10 .10 .15 .10 .10 .15 .20 .10 .10
 .05 .05 .05 .05 .05 0 .05 .05 .05 .05 .05 .05 .05 .05 .05 .05 .05 .05 .05 .05
 .05 .05 .05 .05 .05 .05 .05 .05 .05 .05 .05 .05 .05 .05 .05 .05 .05 .05 .05 .05
 .05 .05 .05 .05 .05 .05 .05 .05 .05 0 .05 .05 .05 .05 0 .05 .05 .05 .05 .05
 .05 .05 .05 .05 .05 .05 .05 .05 .05 .05 .05 .05 .05 .05 .05 .05 .05 .05 .05 .05
 .05 .05 0 .05 .05 .05 .05 .05 .05 .05 .05 .05 .05 .05 .05 .05 .05 .05 .05 .05
 .05 .05 .05 .05 .05 .05 .05 .05 .05 .05 .05 .05 .05 .05 .05 .05 .05 .05 .05 .05
 0 .05 .05 .05 .05 .05 .05 .05 .05 .05 .05 .05 .05 .05 .05 .05 .05 .05 .05 .05
 .05 .05 .05 .05 0 .05 .05 .05 0 .05
 .05 .30 .30 .30 .05 .05 .05 .05 .05 .05 .30 0 .05 .10 .05 .05 .10 .10 .15 .05
 .05 0 .05 .05 .05 .30 .15 0 .05 .15 .30 .05 .05 .05 .10 .05 .05 .05 .05 .30
 .05 .05 .05 .30 .05 0 .05 .05 .05 .05 .05 .30 .05 .05 .05 .30 .10 .05 .05 .05
 .05 .30 .30 .05 .05 .05 .05 .05 .05 .05 .15 .05 0 .05 .15 .30 .15 0 .30 .10
 .05 .05 .05 .05 .05 .05 .30 .05 0 .10 .10 .30 .30 .15 .05 .05 .05 .30 .05 .05
 .30 .30 0 .05 .30 .10 .15 .05 .30 .10 .10 .05 .05 .15 .05 .05 .05 .05 .15 .15
 .05 0 .30 .05 .05 .30 .05 .15 .30 0 .30 .05 .05 .05 .05 .05 .10 .10 .05 .05
 .30 .05 .05 .15 .05 .05 .05 .30 .05 .05
 0 0 0 0 0 0 0 0 0 0 0 0 0 0 0 0 0 0 0 0
 0 0 0 0 0 0 0 0 0 0 0 0 0 0 0 0 0 0 0 0
 0 0 0 0 0 0 0 0 0 0 0 0 0 0 0 0 0 0 0 0
 0 0 0 0 0 0 0 0 0 0 0 0 0 0 0 0 0 0 0 0
 0 0 0 0 0 0 0 0 0 0 0 0 0 0 0 0 0 0 0 0
 0 0 0 0 0 0 0 0 0 0 0 0 0 0 0 0 0 0 0 0
 0 0 0 0 0 0 0 0 0 0 0 0 0 0 0 0 0 0 0 0
 0 0 0 0 0 0 0 0 0 0
 0 .15 .28 .28 0 0 0 0 0 0 .15 .05 0 .10 0 0 0 0 0 0
 0 .05 0 0 0 0 .10 .05 0 .10 .28 0 0 0 0 0 0 0 0 .28
 .05 0 0 .15 0 .05 0 0 0 0 0 0 0 0 0 0 .10 0 0 0
 0 .28 0 0 0 0 0 0 .10 0 .15 0 .05 .10 .15 .28 .15 .05 0 .10
 0 0 0 0 0 0 0 0 .05 .10 0 .28 .28 .15 0 .05 0 .28 0 .05
 .28 .15 .05 0 .28 0 .15 0 0 0 .10 0 .05 .15 0 0 0 0 .10 .10
 0 .05 .15 0 0 .28 0 .15 .28 .05 .15 0 0 0 0 0 .10 .10 0 0
 .28 0 0 .15 0 0 0 .28 0 0
 .27 .27 .27 .27 .27 .05 0 0 .27 .27 .27 .05 .27 .27 .27 .27 .27 .27 0 .27
 .05 .05 .27 .05 0 .27 .27 .05 .05 .27 .27 .27 .05 .27 .27 .27 .05 .27 .05 .27
 .27 .05 .27 .27 .27 .05 .27 .05 0 .05 .05 .27 .05 .27 .05 .27 .27 0 .05 0
 0 .27 .27 .27 0 .27 0 0 .27 0 .27 0 .05 .27 .27 .27 .27 .05 .27 .27
 .27 .27 .05 0 0 .05 .27 .27 .05 .27 .27 .27 .27 .27 0 .27 0 .27 0 .27
 .27 .27 .05 .27 .27 .27 .27 .27 .27 .27 .27 .05 .27 .27 .27 0 0 .27 .27 .27
 .05 .05 .27 0 0 .27 .27 .27 .27 .05 .27 .27 .27 .27 0 .27 .27 .27 .27 0
 .27 0 0 .27 .05 .05 .27 .27 .05 0
 .20 .20 .20 .20 .20 .20 .20 .20 .20 .20 .20 .20 .20 .20 .20 .20 .20 .20 .20 .20
 .20 .20 .20 .20 .20 .20 .20 .20 .20 .20 .20 .20 .20 .20 .20 .20 .20 .20 .20 .20
 .20 .20 .20 .20 .20 .20 .20 .20 .20 .20 .20 .20 .20 .20 .20 .20 .20 .20 .20 .20
 .20 0 .20 .20 .20 .20 .20 .20 .20 .20 .20 .20 .20 .20 .20 .20 .20 .20 .20 .20
 .20 .20 .20 .20 .20 .20 .20 .20 .20 .20 .20 .20 0 .20 .20 .20 .20 .20 .20 .20
 .20 .20 .20 .20 .20 .20 .20 .20 .20 .20 .20 .20 .20 .20 .20 .20 .20 .20 .20 .20
 .20 .20 .20 .20 .20 0 .20 .20 0 .20 .20 .20 .20 .20 .20 .20 .20 .20 .20 .20
 .20 .20 .20 .20 .20 .20 .20 .20 .20 .20
 0 0 0 0 0 0 0 0 0 0 0 0 0 0 0 0 0 0 0 0
 0 0 0 0 0 0 0 0 0 0 0 0 0 0 0 0 0 0 0 0
 0 0 0 0 0 0 0 0 0 0 0 0 0 0 0 0 0 0 0 0
 0 0 0 0 0 0 0 0 0 0 0 0 0 0 0 0 0 0 0 0
 0 0 0 0 0 0 0 0 0 0 0 0 0 0 0 0 0 0 0 0
 0 0 0 0 0 0 0 0 0 0 0 0 0 0 0 0 0 0 0 0
 0 0 0 0 0 0 0 0 0 0 0 0 0 0 0 0 0 0 0 0
 0 0 0 0 0 0 0 0 0 0
 .15 .30 .30 .30 .15 .15 .30 .15 .30 .15 .30 .15 .15 .15 .30 .30 .30 .30 .15 .30
 .15 .15 .15 .15 .15 .30 .15 .15 .15 .15 .30 .30 .15 .30 .30 .15 .15 .15 .15 .30
 .30 .15 .30 .30 .30 .15 .15 .15 .15 .15 .15 .30 .15 .15 .15 .30 .15 .30 .15 .15
 .15 .30 .30 .30 .30 .30 .30 .15 .15 .30 .15 .15 .15 .15 .15 .30 0 .15 .30 .15
 .15 .15 .15 .15 .15 .15 .30 .15 .15 .15 .30 .30 .30 .15 .15 .30 .15 .30 .30 .30
 .30 .30 .15 .30 .30 .30 0 .30 .30 .30 .15 .15 .30 0 .15 .15 .15 .30 .15 .15
 .15 .15 .30 .15 .30 .30 .30 0 .30 .15 .30 .30 .30 .15 .15 .15 .15 .15 .15 .15
 .30 .15 .15 0 .15 .15 .15 .30 .15 .15
 .20 .20 .20 .20 .20 .20 .20 .20 .20 .20 .20 .20 .20 .20 .20 .20 .20 .20 .20 .20
 .20 .20 .20 .20 .20 .20 .20 .20 .20 .20 .20 .20 .20 .20 .20 .20 .20 .20 .20 .20
 .20 .20 .20 .20 .20 .20 .20 .20 .20 .20 .20 .20 .20 .20 .20 .20 .20 .20 .20 .20
 .20 0 .20 .20 .20 .20 .20 .20 .20 .20 .20 .20 .20 .20 .20 .20 .20 .20 .20 .20
 .20 .20 .20 .20 .20 .20 .20 .20 .20 .20 .20 .20 0 .20 .20 .20 .20 .20 .20 .20
 .20 .20 .20 .20 .20 .20 .20 .20 .20 .20 .20 .20 .20 .20 .20 .20 .20 .20 .20 .20
 .20 .20 .20 .20 .20 0 .20 .20 0 .20 .20 .20 .20 .20 .20 .20 .20 .20 .20 .20
 .20 .20 .20 .20 .20 .20 .20 .20 .20 .20
 .05 .30 .30 .30 .05 .05 .05 .05 .05 .05 .30 0 .05 .10 .05 .05 .10 .10 .15 .05
 .05 0 .05 .05 .05 .30 .15 0 .05 .15 .30 .05 .05 .05 .10 .05 .05 .05 .05 .30
 .05 .05 .05 .30 .05 0 .05 .05 .05 .05 .05 .30 .05 .05 .05 .30 .10 .05 .05 .05
 .05 .30 .30 .05 .05 .05 .05 .05 .05 .05 .15 .05 0 .05 .15 .30 .15 0 .30 .10
 .05 .05 .05 .05 .05 .05 .30 .05 0 .10 .10 .30 .30 .15 .05 .05 .05 .30 .05 .05
 .30 .30 0 .05 .30 .10 .15 .05 .30 .10 .10 .05 .05 .15 .05 .05 .05 .05 .15 .15
 .05 0 .30 .05 .05 .30 .05 .15 .30 0 .30 .05 .05 .05 .05 .05 .10 .10 .05 .05
 .30 .05 .05 .15 .05 .05 .05 .30 .05 .05
 0 0 0 0 0 0 0 0 0 0 0 0 0 0 0 0 0 0 0 0
 0 0 0 0 0 0 0 0 0 0 0 0 0 0 0 0 0 0 0 0
 0 0 0 0 0 0 0 0 0 0 0 0 0 0 0 0 0 0 0 0
 0 0 0 0 0 0 0 0 0 0 0 0 0 0 0 0 0 0 0 0
 0 0 0 0 0 0 0 0 0 0 0 0 0 0 0 0 0 0 0 0
 0 0 0 0 0 0 0 0 0 0 0 0 0 0 0 0 0 0 0 0
 0 0 0 0 0 0 0 0 0 0 0 0 0 0 0 0 0 0 0 0
 0 0 0 0 0 0 0 0 0 0
 .15 .15 .15 .15 .15 0 .15 0 0 .15 .15 .05 .15 .15 0 .15 .15 .15 .15 0
 .15 .05 .15 .15 0 .15 .15 .05 .15 .15 .15 0 0 0 .15 .15 .15 .15 0 .15
 .15 .15 0 .15 0 .05 .15 .15 .05 0 .15 .15 .15 .15 0 .15 .15 .15 .15 0
 0 .15 .15 0 .15 .15 .15 .05 .15 .15 .15 0 .05 .15 .15 .15 .15 .05 .15 .15
 .15 .15 0 0 0 0 .15 .15 .05 .15 .15 .15 .15 .15 .15 .15 .05 .15 .15 .15
 .15 .15 .05 0 .15 .15 .15 .15 .15 .15 .15 .15 .15 .15 .15 .05 .15 0 .15 .15
 0 .05 .15 0 .15 .15 .15 .15 .15 .05 .15 0 0 .15 0 .15 .15 .15 .15 0
 .15 .15 .15 .15 0 0 .15 .15 0 .15
 .15 .15 .15 .15 .15 0 .15 0 0 .15 .15 .05 .15 .15 0 .15 .15 .15 .15 0
 .15 .05 .15 .15 0 .15 .15 .05 .15 .15 .15 0 0 0 .15 .15 .15 .15 0 .15
 .15 .15 0 .15 0 .05 .15 .15 .05 0 .15 .15 .15 .15 0 .15 .15 .15 .15 0
 0 .15 .15 0 .15 .15 .15 .05 .15 .15 .15 0 .05 .15 .15 .15 .15 .05 .15 .15
 .15 .15 0 0 0 0 .15 .15 .05 .15 .15 .15 .15 .15 .15 .15 .05 .15 .15 .15
 .15 .15 .05 0 .15 .15 .15 .15 .15 .15 .15 .15 .15 .15 .15 .05 .15 0 .15 .15
 0 .05 .15 0 .15 .15 .15 .15 .15 .05 .15 0 0 .15 0 .15 .15 .15 .15 0
 .15 .15 .15 .15 0 0 .15 .15 0 .15
 0 .15 .32 .15 0 0 .32 0 .15 0 .15 .05 0 .10 .15 .15 0 0 .15 .15
 0 .05 0 0 0 0 .32 .05 0 .32 .15 .15 .15 .15 0 0 0 0 .15 .32
 .15 0 .15 .15 .15 .05 0 0 0 0 0 0 0 0 0 0 .10 .32 0 0
 0 .32 0 .15 .32 .15 .32 0 .15 .32 0 0 .05 .15 0 .15 .15 .05 0 .10
 0 0 0 0 0 .15 0 0 .05 .10 0 .32 .32 0 0 .15 0 .15 .32 .15
 .32 .15 .05 .15 .15 0 .15 .15 0 0 .10 0 .15 .15 0 0 0 .15 .32 .32
 0 .05 .15 0 .32 .32 .15 .15 .32 .05 .15 .15 .15 0 0 0 .10 .10 0 0
 .32 0 0 .15 0 .15 0 .32 0 0
 0 .15 .28 .28 0 0 0 0 0 0 .15 .05 0 .10 0 0 0 0 0 0
 0 .05 0 0 0 0 .10 .05 0 .10 .28 0 0 0 0 0 0 0 0 .28
 .05 0 0 .15 0 .05 0 0 0 0 0 0 0 0 0 0 .10 0 0 0
 0 .28 0 0 0 0 0 0 .10 0 .15 0 .05 .10 .15 .28 .15 .05 0 .10
 0 0 0 0 0 0 0 0 .05 .10 0 .28 .28 .15 0 .05 0 .28 0 .05
 .28 .15 .05 0 .28 0 .15 0 0 0 .10 0 .05 .15 0 0 0 0 .10 .10
 0 .05 .15 0 0 .28 0 .15 .28 .05 .15 0 0 0 0 0 .10 .10 0 0
 .28 0 0 .15 0 0 0 .28 0 0
 0 .15 .32 .15 0 0 .32 0 .15 0 .15 .05 0 .10 .15 .15 0 0 .15 .15
 0 .05 0 0 0 0 .32 .05 0 .32 .15 .15 .15 .15 0 0 0 0 .15 .32
 .15 0 .15 .15 .15 .05 0 0 0 0 0 0 0 0 0 0 .10 .32 0 0
 0 .32 0 .15 .32 .15 .32 0 .15 .32 0 0 .05 .15 0 .15 .15 .05 0 .10
 0 0 0 0 0 .15 0 0 .05 .10 0 .32 .32 0 0 .15 0 .15 .32 .15
 .32 .15 .05 .15 .15 0 .15 .15 0 0 .10 0 .15 .15 0 0 0 .15 .32 .32
 0 .05 .15 0 .32 .32 .15 .15 .32 .05 .15 .15 .15 0 0 0 .10 .10 0 0
 .32 0 0 .15 0 .15 0 .32 0 0
 0 0 0 0 0 0 0 0 0 0 0 0 0 0 0 0 0 0 0 0
 0 0 0 0 0 0 0 0 0 0 0 0 0 0 0 0 0 0 0 0
 0 0 0 0 0 0 0 0 0 0 0 0 0 0 0 0 0 0 0 0
 0 0 0 0 0 0 0 0 0 0 0 0 0 0 0 0 0 0 0 0
 0 0 0 0 0 0 0 0 0 0 0 0 0 0 0 0 0 0 0 0
 0 0 0 0 0 0 0 0 0 0 0 0 0 0 0 0 0 0 0 0
 0 0 0 0 0 0 0 0 0 0 0 0 0 0 0 0 0 0 0 0
 0 0 0 0 0 0 0 0 0 0
 0 0 0 0 0 0 0 0 0 0 0 0 0 0 0 0 0 0 0 0
 0 0 0 0 0 0 0 0 0 0 0 0 0 0 0 0 0 0 0 0
 0 0 0 0 0 0 0 0 0 0 0 0 0 0 0 0 0 0 0 0
 0 0 0 0 0 0 0 0 0 0 0 0 0 0 0 0 0 0 0 0
 0 0 0 0 0 0 0 0 0 0 0 0 0 0 0 0 0 0 0 0
 0 0 0 0 0 0 0 0 0 0 0 0 0 0 0 0 0 0 0 0
 0 0 0 0 0 0 0 0 0 0 0 0 0 0 0 0 0 0 0 0
 0 0 0 0 0 0 0 0 0 0
 0 .15 .25 .25 0 0 .25 0 .15 0 .15 .05 0 .10 .15 0 0 0 0 .05
 0 .05 0 0 0 0 .10 .05 0 .10 .25 .15 0 .15 0 0 0 0 0 .25
 0 0 .05 .15 .05 .05 0 0 0 0 0 0 0 0 0 0 .10 .25 0 0
 0 .25 0 .05 .25 0 .25 0 .06 .25 .15 0 .05 .06 .15 .25 .15 .05 0 .10
 0 0 0 0 0 0 0 0 .05 .10 0 .25 .25 .15 0 0 0 .25 .25 0
 .25 .15 .05 .15 .25 0 .15 0 0 0 .10 0 0 .15 0 0 0 .15 .10 .10
 0 .05 .15 0 .25 .25 0 .15 .25 .05 .15 .15 .15 0 0 0 .10 .10 0 0
 .25 0 0 .15 0 0 0 .25 0 0
 0 .15 .28 .28 0 0 0 0 0 0 .15 .05 0 .10 0 0 0 0 0 0
 0 .05 0 0 0 0 .10 .05 0 .10 .28 0 0 0 0 0 0 0 0 .28
 .05 0 0 .15 0 .05 0 0 0 0 0 0 0 0 0 0 .10 0 0 0
 0 .28 0 0 0 0 0 0 .10 0 .15 0 .05 .10 .15 .28 .15 .05 0 .10
 0 0 0 0 0 0 0 0 .05 .10 0 .28 .28 .15 0 .05 0 .28 0 .05
 .28 .15 .05 0 .28 0 .15 0 0 0 .10 0 .05 .15 0 0 0 0 .10 .10
 0 .05 .15 0 0 .28 0 .15 .28 .05 .15 0 0 0 0 0 .10 .10 0 0
 .28 0 0 .15 0 0 0 .28 0 0
 0 0 0 0 0 0 0 0 0 0 0 0 0 0 0 0 0 0 0 0
 0 0 0 0 0 0 0 0 0 0 0 0 0 0 0 0 0 0 0 0
 0 0 0 0 0 0 0 0 0 0 0 0 0 0 0 0 0 0 0 0
 0 0 0 0 0 0 0 0 0 0 0 0 0 0 0 0 0 0 0 0
 0 0 0 0 0 0 0 0 0 0 0 0 0 0 0 0 0 0 0 0
 0 0 0 0 0 0 0 0 0 0 0 0 0 0 0 0 0 0 0 0
 0 0 0 0 0 0 0 0 0 0 0 0 0 0 0 0 0 0 0 0
 0 0 0 0 0 0 0 0 0 0
 0 .25 .20 .25 0 0 0 0 .15 0 .25 .05 0 .10 .15 0 0 0 0 0
 0 .05 0 0 0 0 .10 .05 0 .10 .25 .15 0 .15 0 0 0 0 0 .25
 .25 0 0 .25 0 .05 0 0 0 0 0 0 0 0 0 0 .10 0 0 0
 0 .25 0 0 0 0 0 0 .15 0 .15 0 .05 .15 .15 .25 .15 .05 0 .10
 0 0 0 0 0 0 0 0 .05 .10 0 .25 .25 .15 0 .25 0 .25 0 .25
 .25 .25 .05 .15 .25 0 .15 0 0 0 .10 0 .25 .15 0 0 0 .15 .10 .10
 0 .05 .25 0 0 .25 0 .15 .25 .05 .25 .15 .15 0 0 0 .10 .10 0 0
 .25 0 0 .15 0 0 0 .20 0 0
 0 .25 .20 .25 0 0 0 0 .15 0 .25 .05 0 .10 .15 0 0 0 0 0
 0 .05 0 0 0 0 .10 .05 0 .10 .25 .15 0 .15 0 0 0 0 0 .25
 .25 0 0 .25 0 .05 0 0 0 0 0 0 0 0 0 0 .10 0 0 0
 0 .25 0 0 0 0 0 0 .15 0 .15 0 .05 .15 .15 .25 .15 .05 0 .10
 0 0 0 0 0 0 0 0 .05 .10 0 .25 .25 .15 0 .25 0 .25 0 .25
 .25 .25 .05 .15 .25 0 .15 0 0 0 .10 0 .25 .15 0 0 0 .15 .10 .10
 0 .05 .25 0 0 .25 0 .15 .25 .05 .25 .15 .15 0 0 0 .10 .10 0 0
 .25 0 0 .15 0 0 0 .20 0 0
 .15 .30 .30 .30 .15 .15 .30 .15 .30 .15 .30 .15 .15 .15 .30 .30 .30 .30 .15 .30
 .15 .15 .15 .15 .15 .30 .15 .15 .15 .15 .30 .30 .15 .30 .30 .15 .15 .15 .15 .30
 .30 .15 .30 .30 .30 .15 .15 .15 .15 .15 .15 .30 .15 .15 .15 .30 .15 .30 .15 .15
 .15 .30 .30 .30 .30 .30 .30 .15 .15 .30 .15 .15 .15 .15 .15 .30 0 .15 .30 .15
 .15 .15 .15 .15 .15 .15 .30 .15 .15 .15 .30 .30 .30 .15 .15 .30 .15 .30 .30 .30
 .30 .30 .15 .30 .30 .30 0 .30 .30 .30 .15 .15 .30 0 .15 .15 .15 .30 .15 .15
 .15 .15 .30 .15 .30 .30 .30 0 .30 .15 .30 .30 .30 .15 .15 .15 .15 .15 .15 .15
 .30 .15 .15 0 .15 .15 .15 .30 .15 .15
 .05 .05 .05 .05 .05 0 .05 .05 .05 .05 .05 .05 .05 .05 .05 .05 .05 .05 .05 .05
 .05 .05 .05 .05 .05 .05 .05 .05 .05 .05 .05 .05 .05 .05 .05 .05 .05 .05 .05 .05
 .05 .05 .05 .05 .05 .05 .05 .05 .05 0 .05 .05 .05 .05 0 .05 .05 .05 .05 .05
 .05 .05 .05 .05 .05 .05 .05 .05 .05 .05 .05 .05 .05 .05 .05 .05 .05 .05 .05 .05
 .05 .05 0 .05 .05 .05 .05 .05 .05 .05 .05 .05 .05 .05 .05 .05 .05 .05 .05 .05
 .05 .05 .05 .05 .05 .05 .05 .05 .05 .05 .05 .05 .05 .05 .05 .05 .05 .05 .05 .05
 0 .05 .05 .05 .05 .05 .05 .05 .05 .05 .05 .05 .05 .05 .05 .05 .05 .05 .05 .05
 .05 .05 .05 .05 0 .05 .05 .05 0 .05
 .15 .35 .35 .35 .15 .05 .15 .05 .35 .10 .35 .05 .15 .10 .35 0 .10 .10 .05 .05
 .05 .05 0 .05 .05 .05 .10 .05 .05 .10 .35 .35 0 .35 .10 .15 .05 0 0 .35
 .35 .05 .05 .35 .05 .05 .15 .05 0 .05 .05 .05 .05 0 .05 .05 .10 .15 .05 .05
 .05 .35 .05 .05 .15 0 .15 0 .15 .15 .15 .05 .05 .15 .15 .35 .15 .05 .05 .10
 .15 0 .05 .05 .05 0 .05 .15 .05 .10 .10 .35 .35 .15 0 .35 0 .35 .15 .35
 .35 .35 .05 .35 .35 .10 .15 0 .05 .10 .10 .05 .35 .15 .15 0 0 .35 .10 .10
 .05 .05 .35 .05 .15 .35 0 .15 .35 .05 .35 .35 .35 .15 .05 .15 .10 .10 0 .05
 .35 0 0 .15 .05 0 .10 .35 .05 0
 0 .15 .25 .25 0 0 .25 0 .15 0 .15 .05 0 .10 .15 0 0 0 .05 0
 0 .05 0 0 0 0 .10 .05 0 .10 .25 .15 .10 .15 0 0 0 0 .10 .25
 .15 0 0 .15 0 .05 0 0 0 0 0 0 0 0 0 0 .10 .25 0 0
 0 .25 0 0 .25 0 .25 0 .15 .25 .15 0 .05 .15 .15 .25 .15 .05 0 .10
 0 0 0 0 0 .10 0 0 .05 .10 0 .25 .25 .15 0 .15 0 .25 .25 .15
 .25 .15 .05 .15 .25 0 .15 0 0 0 .10 0 .15 .15 0 0 0 .15 .10 .10
 0 .05 .15 0 .25 .25 0 .15 .25 .05 .15 .15 .15 0 0 0 .10 .10 0 0
 .25 0 0 .15 0 .10 0 .25 0 0
 .10 .10 0 .10 .10 .15 .10 .10 .10 .10 .10 .10 .10 .10 .10 .10 .10 .10 .15 .10
 .10 .10 .10 .15 .10 .10 .10 .10 .10 .10 .10 .10 .10 .10 .10 .10 .15 .10 .10 .10
 .10 .10 .10 .10 .10 .10 .10 .15 .15 .15 .15 .10 .15 .10 .15 .10 .10 .10 .10 .10
 .10 .10 .10 .10 .10 .10 .10 .15 .15 .10 .10 .10 .10 .15 .10 .10 .10 .10 .10 .10
 .10 .10 .15 .10 .10 .10 .10 .10 .10 .10 .10 .10 .10 .10 .15 .10 .15 .10 .10 .10
 .10 .10 .10 .10 .10 .10 .10 .10 .10 .10 .10 .15 .10 .10 .10 .15 .15 .10 .10 .10
 .15 .10 .10 .10 .10 .10 .10 .10 .10 .10 .10 .10 .10 .10 .10 .10 .10 .10 .10 .10
 .10 .15 .15 .10 .15 .10 .10 0 .15 .15
 .05 .05 .05 .05 .05 0 .05 .05 .05 .05 .05 .05 .05 .05 .05 .05 .05 .05 .05 .05
 .05 .05 .05 .05 .05 .05 .05 .05 .05 .05 .05 .05 .05 .05 .05 .05 .05 .05 .05 .05
 .05 .05 .05 .05 .05 .05 .05 .05 .05 0 .05 .05 .05 .05 0 .05 .05 .05 .05 .05
 .05 .05 .05 .05 .05 .05 .05 .05 .05 .05 .05 .05 .05 .05 .05 .05 .05 .05 .05 .05
 .05 .05 0 .05 .05 .05 .05 .05 .05 .05 .05 .05 .05 .05 .05 .05 .05 .05 .05 .05
 .05 .05 .05 .05 .05 .05 .05 .05 .05 .05 .05 .05 .05 .05 .05 .05 .05 .05 .05 .05
 0 .05 .05 .05 .05 .05 .05 .05 .05 .05 .05 .05 .05 .05 .05 .05 .05 .05 .05 .05
 .05 .05 .05 .05 0 .05 .05 .05 0 .05
 0 .25 .20 .25 0 0 0 0 .15 0 .25 .05 0 .10 .15 0 0 0 0 0
 0 .05 0 0 0 0 .10 .05 0 .10 .25 .15 0 .15 0 0 0 0 0 .25
 .25 0 0 .25 0 .05 0 0 0 0 0 0 0 0 0 0 .10 0 0 0
 0 .25 0 0 0 0 0 0 .15 0 .15 0 .05 .15 .15 .25 .15 .05 0 .10
 0 0 0 0 0 0 0 0 .05 .10 0 .25 .25 .15 0 .25 0 .25 0 .25
 .25 .25 .05 .15 .25 0 .15 0 0 0 .10 0 .25 .15 0 0 0 .15 .10 .10
 0 .05 .25 0 0 .25 0 .15 .25 .05 .25 .15 .15 0 0 0 .10 .10 0 0
 .25 0 0 .15 0 0 0 .20 0 0
