 1 24 41 
 2 34 38 3 
 3 11 80 54 56 
 4 15 80 54 56 3 
 5 11 97 64 67 19 16 
 6 1 92 59 62 13 10 7 
 7 3 96 56 59 16 14 11 10 
 8 29 78 39 41 54 54 53 57 48 
 9 6 98 59 62 20 17 12 13 4 39 
 10 25 87 52 50 47 46 46 42 35 12 33 
 11 6 95 58 61 15 12 8 8 45 45 6 39 
 12 25 77 38 41 30 29 34 32 25 24 21 18 28 
 13 2 93 55 58 15 12 10 14 3 47 7 39 3 26 
 14 28 91 52 53 25 22 24 19 12 30 9 24 15 14 14 
 15 8 98 58 61 19 16 10 10 4 42 3 36 4 24 6 12 
 16 10 96 59 62 17 14 8 8 4 44 5 38 2 26 4 14 2 
 17 18 40 5 5 60 61 71 65 63 40 66 49 65 40 62 54 65 66 
 18 45 73 34 37 46 46 50 46 39 8 39 12 43 16 41 28 42 44 36 
 19 33 82 48 46 44 44 45 42 33 9 31 4 36 18 36 21 34 35 45 
 9 
 20 17 55 16 19 54 54 58 55 48 22 45 30 53 24 51 38 48 50 18 
 22 31 
 21 9 52 16 17 68 68 77 72 69 36 65 46 71 44 68 57 67 69 14 
 36 45 21 
 22 16 76 46 49 8 9 19 15 18 44 22 40 16 20 17 24 20 18 52 
 37 35 45 59 
 23 35 76 44 46 11 11 20 15 15 42 19 36 18 18 14 18 20 18 47 
 35 33 39 57 6 
 24 5 76 50 53 4 4 20 14 18 50 21 43 17 25 16 28 20 19 57 
 41 40 50 64 5 10 
 25 60 72 33 34 53 54 57 55 47 6 45 15 49 22 49 34 46 48 34 
 6 15 16 30 47 42 50 
 26 80 98 58 61 33 30 27 30 21 27 15 18 19 19 21 8 17 19 60 
 26 18 44 61 34 28 35 32 
 27 39 98 58 61 32 29 26 29 20 28 15 20 18 19 20 7 16 18 60 
 26 19 44 61 34 28 34 34 3 
 28 95 93 66 68 14 12 23 18 22 65 25 54 20 41 20 32 24 22 72 
 57 54 61 79 20 26 15 64 39 39 
 29 90 89 55 58 10 9 8 5 7 48 10 39 5 29 5 18 9 7 62 
 44 39 51 69 15 12 11 52 24 23 15 
 30 123 68 32 33 64 64 67 66 57 22 55 38 63 34 60 47 58 60 32 
 26 33 21 18 66 53 60 18 51 52 76 65 
