 856 999999 5500
 4320 4163
 4157 4333 0 8
 4159 4339 0 2
 4183 4380 0 540
 4177 4375 0 400
 4184 4370 0 350
 4224 4290 0 220
 4203 4278 0 210
 4154 4287 0 290
 4174 4277 0 95
 4151 4274 0 330
 4158 4269 0 200
 4107 4304 0 190
 4095 4297 0 350
 4101 4328 0 320
 4068 4336 0 160
 4068 4366 0 120
 4119 4319 0 310
 4093 4364 0 160
 4114 4344 0 420
 4100 4342 0 1
 4111 4358 0 120
 4108 4388 0 290
 4099 4399 0 160
 4111 4397 0 210
 4113 4397 0 240
 4144 4390 0 310
 4155 4393 0 130
 4165 4395 0 200
 4163 4369 0 320
 4155 4367 0 400
 4144 4365 0 140
 4136 4377 0 220
 4186 4262 0 220
 4205 4265 0 380
 4192 4252 0 140
 4167 4260 0 260
 4170 4366 0 460
 4180 4360 0 160
 4182 4353 0 310
 4172 4354 0 400
 4048 4463 0 270
 4081 4427 0 190
 4036 4442 0 260
 4005 4448 0 200
 3997 4461 0 150
 4021 4463 0 120
 4058 4404 0 140
 4057 4415 0 210
 4063 4417 0 60
 4077 4411 0 260
 4057 4398 0 160
 3969 4430 0 130
 4048 4414 0 330
 4037 4391 0 540
 4034 4370 0 140
 4033 4347 0 280
 3990 4520 0 120
 3990 4508 0 400
 4176 4343 0 400
 4194 4345 0 290
 4190 4335 0 130
 4177 4333 0 65
 4221 4306 0 310
 4185 4298 0 300
 4173 4313 0 330
 4190 4326 0 190
 4189 4311 0 340
 4156 4319 0 170
 4166 4318 0 160
 4165 4300 0 300
 4149 4311 0 400
 4152 4302 0 460
 4137 4291 0 440
 4138 4302 0 500
 4152 4328 0 25
 4138 4325 0 300
 4142 4315 0 150
 4130 4308 0 340
 4126 4337 0 280
 4154 4344 0 75
 4152 4336 0 85
 4143 4337 0 240
 4151 4355 0 130
 4138 4349 0 230
 4120 4356 0 380
 4363 3356 0 100
 4358 3360 0 5
 4355 3370 0 220
 4388 3329 0 740
 4382 3385 0 190
 4347 3320 0 250
 4367 3385 0 660
 4365 3416 0 65
 4372 3366 0 900
 4402 3358 0 580
 4372 3341 0 680
 4370 3324 0 720
 4347 3387 0 30
 4342 3397 0 200
 4340 3367 0 480
 4320 3373 0 400
 4309 3342 0 340
 4336 3345 0 240
 4330 3331 0 400
 4347 3338 0 460
 4295 3569 0 520
 4330 3562 0 210
 4362 3450 0 420
 4353 3474 0 440
 4349 3518 0 310
 4400 3515 0 660
 4435 3602 0 190
 4396 3589 0 480
 4389 3556 0 680
 4387 3470 0 180
 4420 3493 0 290
 4407 3538 0 320
 4442 3568 0 310
 4438 3552 0 90
 4430 3532 0 360
 4445 3584 0 150
 4437 3388 0 540
 4466 3413 0 420
 4423 3419 0 420
 4436 3463 0 680
 4465 3426 0 440
 4451 3433 0 30
 4575 4034 0 13
 4581 4042 0 150
 4577 4028 0 100
 4772 3922 0 180
 4652 3936 0 190
 4617 3980 0 850
 4626 3920 0 380
 4588 3945 0 280
 4537 3985 0 350
 4509 3981 0 380
 4509 3986 0 300
 4495 3993 0 180
 4584 4227 0 400
 4750 4238 0 500
 4741 4239 0 660
 4748 4278 0 240
 4710 4240 0 250
 4652 4218 0 290
 4948 4148 0 11
 4899 4114 0 230
 4881 4110 0 480
 4874 4120 0 720
 4905 4109 0 560
 4900 4093 0 420
 4900 4083 0 560
 4871 4097 0 850
 4882 4072 0 850
 4883 4083 0 140
 4593 4053 0 580
 4594 4040 0 320
 4588 4028 0 380
 5008 4079 0 260
 5010 4080 0 240
 4988 4068 0 140
 4817 3886 0 800
 4811 3905 0 360
 4865 3983 0 210
 4708 3815 0 210
 4696 3805 0 800
 4658 3868 0 270
 4616 4095 0 320
 4620 4064 0 540
 4630 4044 0 500
 5266 4097 0 55
 5162 4100 0 500
 5284 4106 0 2
 5270 4081 0 160
 5280 4104 0 380
 5287 4089 0 420
 5279 4083 0 290
 5255 4074 0 400
 5268 4058 0 130
 5263 4060 0 190
 5253 4091 0 420
 5250 4078 0 600
 5310 4075 0 230
 5298 4094 0 540
 5306 4089 0 440
 5294 4081 0 260
 5265 4048 0 220
 5213 4067 0 150
 5156 4103 0 230
 5233 4102 0 700
 5054 4100 0 120
 5107 4146 0 130
 4564 4025 0 580
 4600 4026 0 150
 4621 4017 0 540
 4605 4010 0 180
 4566 4009 0 330
 4546 4004 0 520
 5186 4145 0 500
 5180 4152 0 300
 5146 4160 0 200
 4567 4065 0 720
 4547 4047 0 200
 4563 4039 0 600
 4561 4051 0 620
 4564 4136 0 400
 4532 4085 0 680
 4533 4105 0 540
 4541 4154 0 200
 4655 4095 0 440
 4645 4115 0 500
 4664 4095 0 310
 4696 4155 0 850
 4688 4132 0 620
 4782 4053 0 300
 4765 4002 0 90
 4652 4014 0 250
 4144 4166 0 6
 4137 4158 0 120
 4131 4169 0 160
 4138 4174 0 22
 4147 4179 0 75
 4163 4194 0 580
 4138 4187 0 200
 4102 4179 0 350
 4111 4168 0 580
 4123 4154 0 600
 4144 4146 0 520
 4127 4134 0 230
 4180 4177 0 220
 4161 4158 0 560
 4164 4172 0 560
 4149 4226 0 180
 4137 4236 0 290
 4138 4214 0 420
 4157 4233 0 140
 4140 4073 0 440
 4136 4104 0 360
 4109 4106 0 310
 4096 4158 0 320
 4080 4143 0 560
 4049 4117 0 230
 4169 4090 0 190
 4201 4152 0 480
 4223 4084 0 400
 4251 4101 0 500
 4301 4551 0 11
 4295 4559 0 260
 4306 4570 0 170
 4320 4559 0 400
 4309 4553 0 65
 4296 4552 0 90
 4308 4545 0 270
 4326 4558 0 100
 4304 4532 0 65
 4304 4516 0 120
 4285 4585 0 240
 4303 4633 0 16
 4318 4716 0 300
 4308 4714 0 210
 4355 4577 0 330
 4356 4563 0 150
 4348 4580 0 120
 5100 4283 0 4
 5092 4280 0 5
 5029 4299 0 290
 5025 4289 0 110
 5030 4260 0 220
 5035 4263 0 200
 4990 4268 0 200
 4945 4275 0 310
 4890 4324 0 340
 5055 4324 0 100
 5015 4336 0 150
 5049 4390 0 380
 5028 4403 0 160
 5028 4395 0 200
 5038 4400 0 290
 5097 4297 0 60
 5094 4291 0 22
 5092 4296 0 65
 4967 4340 0 16
 5087 4293 0 230
 5083 4286 0 170
 5076 4280 0 240
 5068 4279 0 140
 5071 4287 0 520
 5060 4275 0 460
 5044 4273 0 480
 5094 4308 0 140
 5081 4309 0 160
 5075 4299 0 260
 5067 4310 0 250
 5049 4300 0 660
 5074 4347 0 20
 5083 4325 0 350
 5069 4325 0 560
 5065 4332 0 900
 5110 4335 0 1300
 5091 4367 0 330
 5097 4331 0 360
 5104 4319 0 480
 5106 4297 0 70
 5105 4309 0 560
 5138 4326 0 680
 5111 4289 0 70
 5117 4298 0 290
 5128 4306 0 540
 5145 4313 0 720
 5143 4292 0 540
 4088 4241 0 27
 4079 4244 0 260
 4077 4253 0 220
 4084 4252 0 90
 4070 4266 0 520
 4042 4262 0 180
 4057 4257 0 290
 4073 4278 0 640
 4080 4288 0 520
 4092 4233 0 120
 4083 4264 0 500
 4095 4272 0 260
 4118 4278 0 380
 4133 4258 0 200
 4112 4238 0 360
 4062 4188 0 110
 4089 4215 0 280
 4076 4193 0 160
 4107 4202 0 340
 4108 4216 0 200
 4048 4232 0 260
 4060 4239 0 320
 4056 4229 0 170
 4034 4193 0 150
 4012 4259 0 240
 3983 4273 0 75
 3986 4280 0 20
 4000 4285 0 150
 4296 4334 0 2
 4310 4312 0 240
 4304 4295 0 560
 4298 4269 0 800
 4282 4312 0 250
 4302 4318 0 240
 4295 4309 0 260
 4275 4309 0 290
 4280 4306 0 300
 4288 4324 0 100
 4280 4328 0 210
 4275 4337 0 290
 4260 4336 0 240
 4267 4322 0 330
 4248 4324 0 400
 4270 4314 0 27
 4230 4359 0 340
 4249 4356 0 560
 4241 4348 0 380
 4237 4340 0 500
 4348 4368 0 500
 4361 4383 0 170
 4377 4404 0 13
 4364 4359 0 540
 4348 4351 0 560
 4356 4317 0 400
 4378 4366 0 150
 4355 4341 0 310
 4366 4347 0 300
 4369 4329 0 85
 4267 4376 0 210
 4262 4388 0 380
 4249 4401 0 270
 4253 4433 0 80
 4252 4434 0 20
 4275 4480 0 18
 4297 4381 0 130
 4306 4386 0 110
 4295 4407 0 210
 4339 4397 0 130
 4365 4439 0 22
 4237 4373 0 330
 4238 4392 0 300
 4214 4392 0 150
 4216 4419 0 560
 4293 4346 0 50
 4182 4418 0 130
 4189 4422 0 230
 4225 4455 0 150
 4202 4464 0 320
 4197 4450 0 230
 4404 4487 0 350
 4412 4488 0 20
 4426 4445 0 260
 4429 4458 0 16
 4485 4441 0 140
 4482 4429 0 400
 4408 4329 0 260
 4408 4338 0 290
 4418 4375 0 20
 4440 4335 0 100
 4501 4297 0 150
 4495 4327 0 380
 4415 4302 0 460
 4341 4281 0 500
 4370 4292 0 800
 4388 4266 0 200
 4255 4268 0 350
 4243 4291 0 400
 4274 4279 0 340
 4255 4285 0 260
 4207 4367 0 520
 4222 4346 0 180
 4215 4336 0 290
 4218 4324 0 280
 4230 4323 0 220
 4082 4497 0 100
 4173 4439 0 85
 4164 4460 0 200
 4125 4478 0 180
 4107 4475 0 55
 4288 4339 0 50
 4270 4353 0 200
 4253 4369 0 240
 4285 4349 0 180
 4283 4361 0 130
 4266 4367 0 150
 4286 4377 0 160
 4304 4346 0 95
 4290 4367 0 250
 4303 4366 0 210
 4312 4364 0 230
 4317 4380 0 140
 4332 4380 0 250
 4335 4360 0 400
 4317 4360 0 100
 4316 4352 0 140
 4334 4318 0 420
 4325 4345 0 500
 4312 4342 0 300
 4313 4333 0 120
 4323 4334 0 200
 3885 4045 0 200
 3882 4068 0 350
 3861 4073 0 460
 3853 4054 0 210
 4576 3398 0 2
 4572 3403 0 2
 4570 3403 0 16
 4573 3394 0 2
 4497 3333 0 290
 4496 3320 0 120
 4480 3321 0 380
 4479 3352 0 350
 4479 3364 0 240
 4567 3367 0 85
 4555 3345 0 460
 4550 3336 0 500
 4653 3397 0 90
 4645 3392 0 85
 4645 3440 0 95
 4619 3490 0 230
 4679 3474 0 110
 4508 3529 0 80
 4520 3484 0 620
 4534 3492 0 310
 4549 3511 0 110
 4540 3538 0 140
 4515 3444 0 180
 4495 3454 0 600
 4485 3448 0 480
 4453 3471 0 230
 4472 3502 0 540
 4460 3532 0 500
 4493 3588 0 200
 4470 3592 0 520
 4474 3612 0 320
 4503 3599 0 360
 4513 3585 0 290
 4507 3558 0 420
 4485 3548 0 340
 4497 3565 0 240
 4540 3611 0 18
 4547 3615 0 230
 4561 3611 0 310
 4556 3587 0 230
 4534 3597 0 400
 4571 3627 0 480
 4514 3614 0 580
 4514 3634 0 460
 4516 3650 0 720
 4547 3635 0 360
 4565 3385 0 85
 4571 3387 0 140
 4585 3391 0 22
 4593 3397 0 170
 4587 3383 0 80
 4591 3361 0 90
 4579 3360 0 160
 4574 3688 0 520
 4525 3680 0 480
 4566 3712 0 540
 4608 3650 0 350
 4575 3405 0 110
 4587 3402 0 150
 4588 3418 0 200
 4576 3415 0 90
 4578 3422 0 130
 4592 3428 0 180
 4597 3405 0 140
 4605 3417 0 240
 4620 3407 0 360
 4618 3424 0 330
 4627 3452 0 260
 4562 3428 0 180
 4569 3428 0 32
 4571 3436 0 110
 4581 3436 0 120
 4563 3457 0 680
 4579 3446 0 440
 4593 3453 0 110
 4583 3481 0 300
 4550 3455 0 380
 4549 3434 0 210
 4532 3440 0 200
 4537 3461 0 540
 4550 3476 0 200
 4562 3396 0 30
 4550 3383 0 110
 4554 3404 0 80
 4561 3407 0 20
 4551 3411 0 160
 4561 3413 0 140
 4556 3422 0 150
 4542 3400 0 130
 4524 3397 0 210
 4533 3413 0 260
 4516 3406 0 300
 4547 3420 0 420
 4525 3424 0 500
 4538 3359 0 220
 4532 3372 0 340
 4515 3381 0 120
 4514 3363 0 170
 4514 3354 0 210
 4507 3342 0 160
 4493 3366 0 200
 4491 3378 0 340
 3902 4067 0 180
 3934 4055 0 110
 3949 4076 0 460
 3850 4104 0 70
 3858 4089 0 170
 3838 4106 0 480
 3856 4115 0 270
 3895 4119 0 120
 3897 4107 0 400
 3881 4109 0 280
 3884 4124 0 140
 3878 4135 0 240
 3892 4149 0 160
 3890 4137 0 230
 3881 4147 0 270
 3887 4185 0 330
 3917 4163 0 500
 3857 4216 0 180
 3867 4229 0 190
 3853 4230 0 190
 3938 4245 0 190
 3944 4243 0 230
 3935 4242 0 170
 3940 4247 0 190
 3948 4168 0 120
 3928 4164 0 270
 3933 4169 0 220
 3897 4136 0 10
 3908 4142 0 340
 3932 4120 0 360
 3924 4119 0 400
 3911 4126 0 170
 3912 4084 0 250
 3932 4075 0 380
 3937 4092 0 310
 3947 4094 0 230
 3987 4077 0 100
 3998 4057 0 8
 3996 4045 0 65
 3938 4046 0 180
 3950 4065 0 300
 3964 4063 0 150
 3972 4050 0 170
 3960 4045 0 190
 3971 4023 0 120
 3978 4020 0 130
 3949 3990 0 75
 3935 3989 0 55
 3944 4008 0 420
 3958 4020 0 440
 3924 3983 0 110
 3935 3999 0 230
 3926 4039 0 200
 3945 4031 0 310
 3922 4023 0 300
 3916 4033 0 160
 3906 4058 0 200
 3921 4048 0 210
 3911 4041 0 180
 3900 4032 0 310
 3902 4047 0 460
 4353 3873 0 4
 4350 3868 0 13
 4330 3880 0 260
 4338 3872 0 100
 4318 3858 0 80
 4298 3862 0 85
 4314 3870 0 100
 4290 3837 0 130
 4335 3857 0 230
 4321 3836 0 120
 4393 3844 0 600
 4402 3813 0 380
 4418 3834 0 740
 4424 3848 0 440
 4409 3861 0 520
 4440 3859 0 320
 4374 3830 0 600
 4323 3813 0 130
 4293 3780 0 120
 4322 3772 0 480
 4364 3794 0 600
 4428 3811 0 520
 4441 3832 0 760
 4388 3857 0 440
 4376 3850 0 500
 4363 3853 0 340
 4357 3861 0 110
 4370 3874 0 400
 4346 3875 0 190
 4352 3891 0 230
 4320 3935 0 540
 4336 3974 0 1400
 4270 3980 0 640
 4237 4034 0 480
 4306 3994 0 16
 4460 3853 0 900
 4529 3858 0 1300
 4494 3809 0 950
 4433 3791 0 680
 4362 3885 0 280
 4375 3902 0 200
 4373 3714 0 240
 4380 3698 0 480
 4355 3701 0 200
 4363 3725 0 420
 4395 3700 0 440
 4378 3725 0 300
 4377 3736 0 520
 4378 3752 0 340
 4418 3672 0 850
 4383 3676 0 540
 4356 3712 0 120
 4404 3735 0 480
 4420 3754 0 360
 4437 3741 0 900
 4481 3769 0 500
 4447 3668 0 520
 4489 3712 0 950
 4332 3646 0 11
 4424 3624 0 210
 4391 3633 0 500
 4372 3927 0 560
 4369 3913 0 560
 4357 3906 0 680
 4342 3914 0 850
 4344 3930 0 500
 4329 3918 0 600
 4337 3898 0 310
 4342 3887 0 300
 4325 3905 0 520
 4320 3885 0 440
 4317 3900 0 260
 4423 3927 0 95
 4433 3917 0 240
 4446 3913 0 200
 4452 3891 0 200
 4426 3886 0 780
 4412 3932 0 400
 4397 3938 0 780
 4404 3941 0 420
 4415 3954 0 620
 4449 3970 0 680
 4437 3956 0 200
 4430 3973 0 620
 4456 4061 0 420
 4418 4015 0 500
 4449 4009 0 230
 4459 4027 0 460
 4464 4044 0 360
 4486 4003 0 460
 4456 3987 0 720
 4469 4004 0 360
 4439 3937 0 240
 4442 3926 0 560
 4452 3931 0 420
 4468 3956 0 580
 4482 3925 0 720
 4528 3925 0 480
 4514 3920 0 420
 4493 3893 0 350
 4350 3859 0 70
 4333 3834 0 95
 4350 4056 0 250
 4344 4069 0 50
 4378 4046 0 400
 4368 4039 0 440
 4351 4028 0 400
 4337 4054 0 380
 4351 4082 0 600
 4370 4088 0 440
 4354 4096 0 850
 4363 4114 0 600
 4388 4057 0 520
 4434 4066 0 330
 4412 4097 0 360
 4389 4092 0 850
 4410 4114 0 280
 4408 4025 0 680
 4394 4031 0 500
 4415 4045 0 480
 4357 4003 0 560
 4386 4000 0 190
 4374 3999 0 360
 4319 4082 0 140
 4335 4070 0 360
 4309 4053 0 320
 4281 4077 0 140
 4301 4096 0 440
 4331 4101 0 290
 4339 3826 0 360
 4344 3818 0 460
 4360 3815 0 480
 4357 3846 0 440
 4582 3789 0 240
 4598 3788 0 480
 4549 3735 0 100
 4530 3766 0 850
 4631 3805 0 680
 4583 3813 0 400
 4586 3857 0 190
 4589 3853 0 580
 4402 3910 0 600
 4384 3885 0 16
 4394 3877 0 280
 4412 3882 0 80
 4011 3948 0 70
 4036 3936 0 180
 4037 3936 0 290
 3949 3948 0 95
 3957 3950 0 150
 3980 3940 0 360
 3954 3957 0 460
 3951 3936 0 190
 3997 3940 0 190
 4020 3970 0 180
 4005 3962 0 180
 3960 3991 0 400
 3969 3984 0 180
 3982 4008 0 300
 3935 3974 0 400
 3962 3975 0 350
 4330 4205 0 18
 4322 4233 0 300
 4331 4233 0 250
 4351 4217 0 360
 4353 4198 0 340
 4410 4255 0 110
 4428 4276 0 640
 4451 4254 0 780
 4434 4245 0 480
 4411 4248 0 400
 4514 4213 0 740
 4481 4242 0 460
 4529 4267 0 270
 4237 4184 0 580
 4265 4230 0 380
 4257 4212 0 300
 4240 4203 0 250
 4246 4221 0 27
 4236 4218 0 150
 4224 4204 0 420
 4230 4225 0 300
 4190 4216 0 280
 4197 4184 0 220
 4192 4205 0 290
 4204 4241 0 310
 4202 4226 0 330
 4184 4239 0 260
 4219 4229 0 230
 4216 4246 0 320
 4239 4257 0 480
 4244 4241 0 100
 4256 4236 0 270
 4237 4233 0 460
 4228 4247 0 380
 4223 4267 0 340
 4312 4225 0 520
 4352 4170 0 340
 4332 4182 0 420
 4312 4193 0 600
 4309 4205 0 400
 4280 4262 0 560
 4302 4251 0 240
 4324 4268 0 300
 4349 4244 0 320
 4383 4182 0 440
 4343 4131 0 460
 4311 4164 0 440
 4248 4154 0 440
 4298 4180 0 230
 4292 4189 0 200
 4284 4195 0 620
 4271 4201 0 270
 4289 4214 0 330
 4390 4221 0 600
 4372 4235 0 520
 4428 4198 0 680
 4411 4220 0 420
 4442 4180 0 320
 4454 4228 0 160
 4462 4219 0 1000
 4488 4173 0 160
 4435 4220 0 320
 4474 4137 0 480
 4472 4121 0 800
 4446 4110 0 700
 4430 4132 0 780
 4414 4156 0 380
 4599 4517 0 5
 4604 4518 0 22
 4633 4517 0 350
 4613 4497 0 180
 4627 4503 0 180
 4598 4498 0 270
 4582 4498 0 320
 4553 4485 0 560
 4584 4515 0 420
 4574 4509 0 640
 4559 4545 0 160
 4617 4523 0 290
 4633 4594 0 160
 4576 4548 0 660
 4596 4529 0 230
 4604 4583 0 760
 4618 4558 0 560
 4531 4412 0 2
 4603 4338 0 540
 4619 4304 0 460
 4578 4308 0 720
 0 1
 0 2
 0 3
 0 4
 0 5
 0 6
 0 7
 0 8
 0 9
 0 10
 0 11
 0 12
 0 13
 0 14
 0 15
 0 16
 0 17
 0 18
 0 19
 0 20
 0 21
 0 22
 0 23
 0 24
 0 25
 0 26
 0 27
 0 28
 0 29
 0 30
 0 31
 0 32
 0 33
 0 34
 0 35
 0 36
 0 37
 0 38
 0 39
 0 40
 0 41
 0 42
 0 43
 0 44
 0 45
 0 46
 0 47
 0 48
 0 49
 0 50
 0 51
 0 52
 0 53
 0 54
 0 55
 0 56
 0 57
 0 58
 0 59
 0 60
 0 61
 0 62
 0 63
 0 64
 0 65
 0 66
 0 67
 0 68
 0 69
 0 70
 0 71
 0 72
 0 73
 0 74
 0 75
 0 76
 0 77
 0 78
 0 79
 0 80
 0 81
 0 82
 0 83
 0 84
 0 85
 0 86
 0 87
 0 88
 0 89
 0 90
 0 91
 0 92
 0 93
 0 94
 0 95
 0 96
 0 97
 0 98
 0 99
 0 100
 0 101
 0 102
 0 103
 0 104
 0 105
 0 106
 0 107
 0 108
 0 109
 0 110
 0 111
 0 112
 0 113
 0 114
 0 115
 0 116
 0 117
 0 118
 0 119
 0 120
 0 121
 0 122
 0 123
 0 124
 0 125
 0 126
 0 127
 0 128
 0 129
 0 130
 0 131
 0 132
 0 133
 0 134
 0 135
 0 136
 0 137
 0 138
 0 139
 0 140
 0 141
 0 142
 0 143
 0 144
 0 145
 0 146
 0 147
 0 148
 0 149
 0 150
 0 151
 0 152
 0 153
 0 154
 0 155
 0 156
 0 157
 0 158
 0 159
 0 160
 0 161
 0 162
 0 163
 0 164
 0 165
 0 166
 0 167
 0 168
 0 169
 0 170
 0 171
 0 172
 0 173
 0 174
 0 175
 0 176
 0 177
 0 178
 0 179
 0 180
 0 181
 0 182
 0 183
 0 184
 0 185
 0 186
 0 187
 0 188
 0 189
 0 190
 0 191
 0 192
 0 193
 0 194
 0 195
 0 196
 0 197
 0 198
 0 199
 0 200
 0 201
 0 202
 0 203
 0 204
 0 205
 0 206
 0 207
 0 208
 0 209
 0 210
 0 211
 0 212
 0 213
 0 214
 0 215
 0 216
 0 217
 0 218
 0 219
 0 220
 0 221
 0 222
 0 223
 0 224
 0 225
 0 226
 0 227
 0 228
 0 229
 0 230
 0 231
 0 232
 0 233
 0 234
 0 235
 0 236
 0 237
 0 238
 0 239
 0 240
 0 241
 0 242
 0 243
 0 244
 0 245
 0 246
 0 247
 0 248
 0 249
 0 250
 0 251
 0 252
 0 253
 0 254
 0 255
 0 256
 0 257
 0 258
 0 259
 0 260
 0 261
 0 262
 0 263
 0 264
 0 265
 0 266
 0 267
 0 268
 0 269
 0 270
 0 271
 0 272
 0 273
 0 274
 0 275
 0 276
 0 277
 0 278
 0 279
 0 280
 0 281
 0 282
 0 283
 0 284
 0 285
 0 286
 0 287
 0 288
 0 289
 0 290
 0 291
 0 292
 0 293
 0 294
 0 295
 0 296
 0 297
 0 298
 0 299
 0 300
 0 301
 0 302
 0 303
 0 304
 0 305
 0 306
 0 307
 0 308
 0 309
 0 310
 0 311
 0 312
 0 313
 0 314
 0 315
 0 316
 0 317
 0 318
 0 319
 0 320
 0 321
 0 322
 0 323
 0 324
 0 325
 0 326
 0 327
 0 328
 0 329
 0 330
 0 331
 0 332
 0 333
 0 334
 0 335
 0 336
 0 337
 0 338
 0 339
 0 340
 0 341
 0 342
 0 343
 0 344
 0 345
 0 346
 0 347
 0 348
 0 349
 0 350
 0 351
 0 352
 0 353
 0 354
 0 355
 0 356
 0 357
 0 358
 0 359
 0 360
 0 361
 0 362
 0 363
 0 364
 0 365
 0 366
 0 367
 0 368
 0 369
 0 370
 0 371
 0 372
 0 373
 0 374
 0 375
 0 376
 0 377
 0 378
 0 379
 0 380
 0 381
 0 382
 0 383
 0 384
 0 385
 0 386
 0 387
 0 388
 0 389
 0 390
 0 391
 0 392
 0 393
 0 394
 0 395
 0 396
 0 397
 0 398
 0 399
 0 400
 0 401
 0 402
 0 403
 0 404
 0 405
 0 406
 0 407
 0 408
 0 409
 0 410
 0 411
 0 412
 0 413
 0 414
 0 415
 0 416
 0 417
 0 418
 0 419
 0 420
 0 421
 0 422
 0 423
 0 424
 0 425
 0 426
 0 427
 0 428
 0 429
 0 430
 0 431
 0 432
 0 433
 0 434
 0 435
 0 436
 0 437
 0 438
 0 439
 0 440
 0 441
 0 442
 0 443
 0 444
 0 445
 0 446
 0 447
 0 448
 0 449
 0 450
 0 451
 0 452
 0 453
 0 454
 0 455
 0 456
 0 457
 0 458
 0 459
 0 460
 0 461
 0 462
 0 463
 0 464
 0 465
 0 466
 0 467
 0 468
 0 469
 0 470
 0 471
 0 472
 0 473
 0 474
 0 475
 0 476
 0 477
 0 478
 0 479
 0 480
 0 481
 0 482
 0 483
 0 484
 0 485
 0 486
 0 487
 0 488
 0 489
 0 490
 0 491
 0 492
 0 493
 0 494
 0 495
 0 496
 0 497
 0 498
 0 499
 0 500
 0 501
 0 502
 0 503
 0 504
 0 505
 0 506
 0 507
 0 508
 0 509
 0 510
 0 511
 0 512
 0 513
 0 514
 0 515
 0 516
 0 517
 0 518
 0 519
 0 520
 0 521
 0 522
 0 523
 0 524
 0 525
 0 526
 0 527
 0 528
 0 529
 0 530
 0 531
 0 532
 0 533
 0 534
 0 535
 0 536
 0 537
 0 538
 0 539
 0 540
 0 541
 0 542
 0 543
 0 544
 0 545
 0 546
 0 547
 0 548
 0 549
 0 550
 0 551
 0 552
 0 553
 0 554
 0 555
 0 556
 0 557
 0 558
 0 559
 0 560
 0 561
 0 562
 0 563
 0 564
 0 565
 0 566
 0 567
 0 568
 0 569
 0 570
 0 571
 0 572
 0 573
 0 574
 0 575
 0 576
 0 577
 0 578
 0 579
 0 580
 0 581
 0 582
 0 583
 0 584
 0 585
 0 586
 0 587
 0 588
 0 589
 0 590
 0 591
 0 592
 0 593
 0 594
 0 595
 0 596
 0 597
 0 598
 0 599
 0 600
 0 601
 0 602
 0 603
 0 604
 0 605
 0 606
 0 607
 0 608
 0 609
 0 610
 0 611
 0 612
 0 613
 0 614
 0 615
 0 616
 0 617
 0 618
 0 619
 0 620
 0 621
 0 622
 0 623
 0 624
 0 625
 0 626
 0 627
 0 628
 0 629
 0 630
 0 631
 0 632
 0 633
 0 634
 0 635
 0 636
 0 637
 0 638
 0 639
 0 640
 0 641
 0 642
 0 643
 0 644
 0 645
 0 646
 0 647
 0 648
 0 649
 0 650
 0 651
 0 652
 0 653
 0 654
 0 655
 0 656
 0 657
 0 658
 0 659
 0 660
 0 661
 0 662
 0 663
 0 664
 0 665
 0 666
 0 667
 0 668
 0 669
 0 670
 0 671
 0 672
 0 673
 0 674
 0 675
 0 676
 0 677
 0 678
 0 679
 0 680
 0 681
 0 682
 0 683
 0 684
 0 685
 0 686
 0 687
 0 688
 0 689
 0 690
 0 691
 0 692
 0 693
 0 694
 0 695
 0 696
 0 697
 0 698
 0 699
 0 700
 0 701
 0 702
 0 703
 0 704
 0 705
 0 706
 0 707
 0 708
 0 709
 0 710
 0 711
 0 712
 0 713
 0 714
 0 715
 0 716
 0 717
 0 718
 0 719
 0 720
 0 721
 0 722
 0 723
 0 724
 0 725
 0 726
 0 727
 0 728
 0 729
 0 730
 0 731
 0 732
 0 733
 0 734
 0 735
 0 736
 0 737
 0 738
 0 739
 0 740
 0 741
 0 742
 0 743
 0 744
 0 745
 0 746
 0 747
 0 748
 0 749
 0 750
 0 751
 0 752
 0 753
 0 754
 0 755
 0 756
 0 757
 0 758
 0 759
 0 760
 0 761
 0 762
 0 763
 0 764
 0 765
 0 766
 0 767
 0 768
 0 769
 0 770
 0 771
 0 772
 0 773
 0 774
 0 775
 0 776
 0 777
 0 778
 0 779
 0 780
 0 781
 0 782
 0 783
 0 784
 0 785
 0 786
 0 787
 0 788
 0 789
 0 790
 0 791
 0 792
 0 793
 0 794
 0 795
 0 796
 0 797
 0 798
 0 799
 0 800
 0 801
 0 802
 0 803
 0 804
 0 805
 0 806
 0 807
 0 808
 0 809
 0 810
 0 811
 0 812
 0 813
 0 814
 0 815
 0 816
 0 817
 0 818
 0 819
 0 820
 0 821
 0 822
 0 823
 0 824
 0 825
 0 826
 0 827
 0 828
 0 829
 0 830
 0 831
 0 832
 0 833
 0 834
 0 835
 0 836
 0 837
 0 838
 0 839
 0 840
 0 841
 0 842
 0 843
 0 844
 0 845
 0 846
 0 847
 0 848
 0 849
 0 850
 0 851
 0 852
 0 853
 0 854
 0 855
 0 856
 1 0
 1 2
 1 62
 1 68
 1 69
 1 75
 1 81
 2 0
 2 1
 2 40
 2 59
 2 62
 2 80
 2 81
 3 0
 3 4
 3 5
 3 28
 3 382
 3 385
 3 410
 4 0
 4 3
 4 5
 4 28
 4 29
 4 37
 5 0
 5 3
 5 4
 5 37
 5 38
 5 39
 5 410
 6 0
 6 7
 6 63
 6 407
 6 803
 7 0
 7 6
 7 9
 7 33
 7 34
 7 63
 7 64
 7 803
 8 0
 8 9
 8 10
 8 11
 8 70
 8 72
 8 73
 9 0
 9 7
 9 8
 9 11
 9 33
 9 36
 9 64
 9 70
 10 0
 10 8
 10 11
 10 73
 10 324
 11 0
 11 8
 11 9
 11 10
 11 36
 11 324
 12 0
 12 13
 12 14
 12 17
 12 78
 12 323
 13 0
 13 12
 13 14
 13 15
 13 319
 13 322
 13 323
 14 0
 14 12
 14 13
 14 15
 14 17
 14 19
 14 20
 15 0
 15 13
 15 14
 15 16
 15 18
 15 20
 15 56
 15 316
 15 318
 15 319
 16 0
 16 15
 16 18
 16 23
 16 50
 16 51
 16 54
 16 55
 16 56
 17 0
 17 12
 17 14
 17 19
 17 76
 17 78
 17 79
 18 0
 18 15
 18 16
 18 20
 18 21
 18 22
 18 23
 19 0
 19 14
 19 17
 19 20
 19 21
 19 79
 19 85
 20 0
 20 14
 20 15
 20 18
 20 19
 20 21
 21 0
 21 18
 21 19
 21 20
 21 22
 21 32
 21 85
 22 0
 22 18
 22 21
 22 23
 22 24
 22 25
 22 32
 23 0
 23 16
 23 18
 23 22
 23 24
 23 42
 23 50
 24 0
 24 22
 24 23
 24 25
 24 42
 25 0
 25 22
 25 24
 25 26
 25 32
 25 42
 25 416
 25 417
 25 418
 25 419
 26 0
 26 25
 26 27
 26 30
 26 32
 26 416
 27 0
 27 26
 27 28
 27 29
 27 30
 27 416
 28 0
 28 3
 28 4
 28 27
 28 29
 28 385
 28 416
 29 0
 29 4
 29 27
 29 28
 29 30
 29 37
 29 40
 29 83
 30 0
 30 26
 30 27
 30 29
 30 31
 30 32
 30 83
 31 0
 31 30
 31 32
 31 83
 31 84
 31 85
 32 0
 32 21
 32 22
 32 25
 32 26
 32 30
 32 31
 32 85
 33 0
 33 7
 33 9
 33 34
 33 35
 33 36
 33 795
 34 0
 34 7
 34 33
 34 35
 34 793
 34 797
 34 803
 35 0
 35 33
 35 34
 35 793
 35 795
 36 0
 36 9
 36 11
 36 33
 36 236
 36 324
 36 795
 37 0
 37 4
 37 5
 37 29
 37 38
 37 40
 38 0
 38 5
 38 37
 38 39
 38 40
 39 0
 39 5
 39 38
 39 40
 39 59
 39 60
 39 410
 40 0
 40 2
 40 29
 40 37
 40 38
 40 39
 40 59
 40 80
 40 83
 41 0
 41 42
 41 43
 41 46
 41 49
 41 58
 41 415
 41 419
 42 0
 42 23
 42 24
 42 25
 42 41
 42 49
 42 50
 42 419
 43 0
 43 41
 43 44
 43 46
 43 48
 43 49
 43 53
 44 0
 44 43
 44 45
 44 46
 44 52
 44 53
 44 54
 45 0
 45 44
 45 46
 45 52
 45 58
 46 0
 46 41
 46 43
 46 44
 46 45
 46 58
 47 0
 47 48
 47 49
 47 50
 47 51
 47 53
 48 0
 48 43
 48 47
 48 49
 48 53
 49 0
 49 41
 49 42
 49 43
 49 47
 49 48
 49 50
 50 0
 50 16
 50 23
 50 42
 50 47
 50 49
 50 51
 51 0
 51 16
 51 47
 51 50
 51 53
 51 54
 52 0
 52 44
 52 45
 52 54
 52 55
 52 56
 52 57
 52 58
 52 337
 52 565
 52 566
 52 570
 53 0
 53 43
 53 44
 53 47
 53 48
 53 51
 53 54
 54 0
 54 16
 54 44
 54 51
 54 52
 54 53
 54 55
 55 0
 55 16
 55 52
 55 54
 55 56
 56 0
 56 15
 56 16
 56 52
 56 55
 56 316
 56 337
 56 338
 57 0
 57 52
 57 58
 57 260
 57 415
 57 566
 58 0
 58 41
 58 45
 58 46
 58 52
 58 57
 58 415
 59 0
 59 2
 59 39
 59 40
 59 60
 59 61
 59 62
 60 0
 60 39
 60 59
 60 61
 60 410
 60 411
 60 412
 61 0
 61 59
 61 60
 61 62
 61 66
 61 412
 62 0
 62 1
 62 2
 62 59
 62 61
 62 65
 62 66
 62 69
 63 0
 63 6
 63 7
 63 64
 63 67
 63 407
 63 413
 63 414
 64 0
 64 7
 64 9
 64 63
 64 65
 64 67
 64 70
 65 0
 65 62
 65 64
 65 66
 65 67
 65 69
 65 70
 66 0
 66 61
 66 62
 66 65
 66 67
 66 412
 66 413
 67 0
 67 63
 67 64
 67 65
 67 66
 67 413
 68 0
 68 1
 68 69
 68 70
 68 71
 68 72
 68 75
 68 77
 69 0
 69 1
 69 62
 69 65
 69 68
 69 70
 70 0
 70 8
 70 9
 70 64
 70 65
 70 68
 70 69
 70 72
 71 0
 71 68
 71 72
 71 74
 71 77
 72 0
 72 8
 72 68
 72 70
 72 71
 72 73
 72 74
 73 0
 73 8
 73 10
 73 72
 73 74
 73 78
 73 323
 73 324
 74 0
 74 71
 74 72
 74 73
 74 77
 74 78
 75 0
 75 1
 75 68
 75 76
 75 77
 75 81
 75 82
 76 0
 76 17
 76 75
 76 77
 76 78
 76 79
 76 82
 77 0
 77 68
 77 71
 77 74
 77 75
 77 76
 77 78
 78 0
 78 12
 78 17
 78 73
 78 74
 78 76
 78 77
 78 323
 79 0
 79 17
 79 19
 79 76
 79 82
 79 84
 79 85
 80 0
 80 2
 80 40
 80 81
 80 82
 80 83
 80 84
 81 0
 81 1
 81 2
 81 75
 81 80
 81 82
 82 0
 82 75
 82 76
 82 79
 82 80
 82 81
 82 84
 83 0
 83 29
 83 30
 83 31
 83 40
 83 80
 83 84
 84 0
 84 31
 84 79
 84 80
 84 82
 84 83
 84 85
 85 0
 85 19
 85 21
 85 31
 85 32
 85 79
 85 84
 86 0
 86 87
 86 94
 86 96
 86 105
 87 0
 87 86
 87 88
 87 94
 87 100
 87 103
 87 105
 88 0
 88 87
 88 92
 88 94
 88 98
 88 100
 89 0
 89 95
 89 96
 89 97
 89 451
 90 0
 90 92
 90 93
 90 94
 90 95
 90 122
 90 124
 91 0
 91 97
 91 102
 91 104
 91 105
 91 450
 91 451
 92 0
 92 88
 92 90
 92 93
 92 94
 92 98
 92 99
 93 0
 93 90
 93 92
 93 99
 93 108
 93 124
 94 0
 94 86
 94 87
 94 88
 94 90
 94 92
 94 95
 94 96
 95 0
 95 89
 95 90
 95 94
 95 96
 95 122
 95 451
 95 452
 96 0
 96 86
 96 89
 96 94
 96 95
 96 97
 96 105
 97 0
 97 89
 97 91
 97 96
 97 105
 97 451
 98 0
 98 88
 98 92
 98 99
 98 100
 98 101
 99 0
 99 92
 99 93
 99 98
 99 101
 99 108
 99 109
 100 0
 100 87
 100 88
 100 98
 100 101
 100 103
 101 0
 101 98
 101 99
 101 100
 101 102
 101 103
 101 106
 101 109
 102 0
 102 91
 102 101
 102 103
 102 104
 102 106
 102 444
 102 760
 103 0
 103 87
 103 100
 103 101
 103 102
 103 104
 103 105
 104 0
 104 91
 104 102
 104 103
 104 105
 105 0
 105 86
 105 87
 105 91
 105 96
 105 97
 105 103
 105 104
 106 0
 106 101
 106 102
 106 107
 106 109
 106 110
 106 626
 106 666
 106 754
 106 755
 106 760
 107 0
 107 106
 107 110
 107 113
 107 114
 107 666
 108 0
 108 93
 108 99
 108 109
 108 115
 108 124
 109 0
 109 99
 109 101
 109 106
 109 108
 109 110
 109 115
 110 0
 110 106
 110 107
 110 109
 110 111
 110 114
 110 115
 111 0
 111 110
 111 114
 111 115
 111 116
 111 117
 111 120
 112 0
 112 113
 112 121
 112 474
 112 475
 112 667
 113 0
 113 107
 113 112
 113 114
 113 118
 113 121
 113 666
 113 667
 113 668
 114 0
 114 107
 114 110
 114 111
 114 113
 114 117
 114 118
 114 119
 115 0
 115 108
 115 109
 115 110
 115 111
 115 116
 115 124
 115 125
 116 0
 116 111
 116 115
 116 120
 116 125
 116 470
 116 471
 117 0
 117 111
 117 114
 117 119
 117 120
 118 0
 118 113
 118 114
 118 119
 118 121
 118 472
 118 474
 118 479
 119 0
 119 114
 119 117
 119 118
 119 120
 119 472
 120 0
 120 111
 120 116
 120 117
 120 119
 120 471
 120 472
 121 0
 121 112
 121 113
 121 118
 121 474
 122 0
 122 90
 122 95
 122 123
 122 124
 122 452
 122 453
 123 0
 123 122
 123 124
 123 126
 123 127
 123 453
 123 469
 123 536
 123 546
 124 0
 124 90
 124 93
 124 108
 124 115
 124 122
 124 123
 124 125
 124 127
 125 0
 125 115
 125 116
 125 124
 125 127
 125 470
 126 0
 126 123
 126 127
 126 469
 127 0
 127 123
 127 124
 127 125
 127 126
 127 469
 127 470
 128 0
 128 129
 128 130
 128 158
 128 193
 128 204
 129 0
 129 128
 129 156
 129 157
 129 158
 129 202
 129 204
 129 205
 130 0
 130 128
 130 158
 130 193
 130 197
 131 0
 131 132
 131 162
 131 163
 131 164
 131 165
 131 167
 131 216
 132 0
 132 131
 132 133
 132 134
 132 167
 132 216
 132 217
 133 0
 133 132
 133 134
 133 135
 133 195
 133 196
 133 197
 133 217
 134 0
 134 132
 134 133
 134 135
 134 167
 134 747
 135 0
 135 133
 135 134
 135 136
 135 197
 135 705
 135 747
 136 0
 136 135
 136 137
 136 138
 136 197
 136 198
 136 705
 137 0
 137 136
 137 138
 137 139
 137 703
 137 704
 137 705
 137 706
 138 0
 138 136
 138 137
 138 139
 138 198
 139 0
 139 137
 139 138
 139 198
 139 697
 139 698
 139 699
 139 703
 140 0
 140 145
 140 206
 140 209
 140 779
 140 781
 140 855
 140 856
 141 0
 141 142
 141 143
 141 149
 141 213
 141 271
 141 272
 142 0
 142 141
 142 143
 142 144
 142 213
 143 0
 143 141
 143 142
 143 144
 143 272
 143 840
 143 854
 143 855
 144 0
 144 142
 144 143
 144 145
 144 213
 144 855
 145 0
 145 140
 145 144
 145 206
 145 211
 145 213
 145 855
 146 0
 146 147
 146 149
 146 150
 146 159
 146 160
 146 161
 146 191
 146 268
 146 270
 146 271
 147 0
 147 146
 147 148
 147 149
 147 150
 147 151
 148 0
 148 147
 148 149
 148 151
 148 153
 148 155
 149 0
 149 141
 149 146
 149 147
 149 148
 149 153
 149 213
 149 215
 149 271
 150 0
 150 146
 150 147
 150 151
 150 152
 150 161
 151 0
 151 147
 151 148
 151 150
 151 152
 151 155
 152 0
 152 150
 152 151
 152 154
 152 155
 152 161
 152 164
 153 0
 153 148
 153 149
 153 154
 153 155
 153 215
 154 0
 154 152
 154 153
 154 155
 154 164
 154 215
 155 0
 155 148
 155 151
 155 152
 155 153
 155 154
 156 0
 156 129
 156 157
 156 168
 156 169
 156 202
 157 0
 157 129
 157 156
 157 158
 157 169
 157 170
 157 194
 158 0
 158 128
 158 129
 158 130
 158 157
 158 194
 158 196
 158 197
 159 0
 159 146
 159 160
 159 161
 159 188
 160 0
 160 146
 160 159
 160 188
 160 191
 161 0
 161 146
 161 150
 161 152
 161 159
 161 162
 161 164
 161 188
 162 0
 162 131
 162 161
 162 163
 162 164
 162 165
 162 187
 162 188
 162 461
 163 0
 163 131
 163 162
 163 164
 164 0
 164 131
 164 152
 164 154
 164 161
 164 162
 164 163
 164 215
 164 216
 165 0
 165 131
 165 162
 165 166
 165 167
 165 461
 166 0
 166 165
 166 167
 166 461
 166 501
 166 745
 167 0
 167 131
 167 132
 167 134
 167 165
 167 166
 167 745
 167 747
 167 748
 168 0
 168 156
 168 169
 168 202
 168 206
 168 210
 168 211
 169 0
 169 156
 169 157
 169 168
 169 170
 169 210
 170 0
 170 157
 170 169
 170 194
 170 195
 170 210
 170 212
 170 217
 171 0
 171 174
 171 175
 171 177
 171 181
 171 190
 172 0
 172 188
 172 189
 172 190
 172 191
 172 199
 173 0
 173 175
 173 176
 173 184
 173 185
 173 190
 173 199
 173 200
 173 309
 173 310
 174 0
 174 171
 174 177
 174 178
 174 179
 174 180
 174 181
 175 0
 175 171
 175 173
 175 176
 175 177
 175 190
 176 0
 176 173
 176 175
 176 177
 176 184
 176 186
 177 0
 177 171
 177 174
 177 175
 177 176
 177 179
 177 186
 178 0
 178 174
 178 180
 178 181
 178 182
 178 188
 179 0
 179 174
 179 177
 179 180
 179 183
 179 186
 179 187
 180 0
 180 174
 180 178
 180 179
 180 187
 180 188
 181 0
 181 171
 181 174
 181 178
 181 182
 181 190
 182 0
 182 178
 182 181
 182 188
 182 190
 183 0
 183 179
 183 185
 183 186
 183 187
 183 457
 184 0
 184 173
 184 176
 184 185
 184 186
 185 0
 185 173
 185 183
 185 184
 185 186
 185 305
 185 309
 186 0
 186 176
 186 177
 186 179
 186 183
 186 184
 186 185
 187 0
 187 162
 187 179
 187 180
 187 183
 187 188
 187 457
 187 461
 188 0
 188 159
 188 160
 188 161
 188 162
 188 172
 188 178
 188 180
 188 182
 188 187
 188 190
 188 191
 189 0
 189 172
 189 191
 189 192
 189 199
 189 200
 189 201
 190 0
 190 171
 190 172
 190 173
 190 175
 190 181
 190 182
 190 188
 190 199
 191 0
 191 146
 191 160
 191 172
 191 188
 191 189
 191 192
 191 268
 192 0
 192 189
 192 191
 192 201
 192 265
 192 268
 192 269
 192 288
 193 0
 193 128
 193 130
 193 197
 193 198
 193 203
 193 204
 194 0
 194 157
 194 158
 194 170
 194 195
 194 196
 195 0
 195 133
 195 170
 195 194
 195 196
 195 217
 196 0
 196 133
 196 158
 196 194
 196 195
 196 197
 197 0
 197 130
 197 133
 197 135
 197 136
 197 158
 197 193
 197 196
 197 198
 198 0
 198 136
 198 138
 198 139
 198 193
 198 197
 198 203
 198 697
 199 0
 199 172
 199 173
 199 189
 199 190
 199 200
 200 0
 200 173
 200 189
 200 199
 200 201
 200 310
 201 0
 201 189
 201 192
 201 200
 201 264
 201 265
 201 310
 202 0
 202 129
 202 156
 202 168
 202 203
 202 205
 202 206
 202 207
 202 208
 203 0
 203 193
 203 198
 203 202
 203 204
 203 205
 203 207
 203 696
 203 697
 204 0
 204 128
 204 129
 204 193
 204 203
 204 205
 205 0
 205 129
 205 202
 205 203
 205 204
 206 0
 206 140
 206 145
 206 168
 206 202
 206 208
 206 209
 206 211
 207 0
 207 202
 207 203
 207 208
 207 692
 207 696
 207 832
 208 0
 208 202
 208 206
 208 207
 208 209
 208 831
 208 832
 209 0
 209 140
 209 206
 209 208
 209 779
 209 829
 209 831
 210 0
 210 168
 210 169
 210 170
 210 211
 210 212
 211 0
 211 145
 211 168
 211 206
 211 210
 211 212
 211 213
 211 214
 212 0
 212 170
 212 210
 212 211
 212 214
 212 215
 212 216
 212 217
 213 0
 213 141
 213 142
 213 144
 213 145
 213 149
 213 211
 213 214
 213 215
 214 0
 214 211
 214 212
 214 213
 214 215
 215 0
 215 149
 215 153
 215 154
 215 164
 215 212
 215 213
 215 214
 215 216
 216 0
 216 131
 216 132
 216 164
 216 212
 216 215
 216 217
 217 0
 217 132
 217 133
 217 170
 217 195
 217 212
 217 216
 218 0
 218 219
 218 220
 218 221
 218 222
 218 228
 218 231
 218 232
 219 0
 219 218
 219 220
 219 227
 219 228
 220 0
 220 218
 220 219
 220 221
 220 224
 220 226
 220 227
 221 0
 221 218
 221 220
 221 222
 221 224
 222 0
 222 218
 222 221
 222 223
 222 224
 222 232
 223 0
 223 222
 223 224
 223 230
 223 232
 223 233
 223 235
 223 236
 223 790
 223 792
 224 0
 224 220
 224 221
 224 222
 224 223
 224 225
 224 226
 224 235
 224 329
 225 0
 225 224
 225 226
 225 240
 225 328
 225 329
 226 0
 226 220
 226 224
 226 225
 226 227
 226 240
 227 0
 227 219
 227 220
 227 226
 227 228
 227 229
 227 240
 228 0
 228 218
 228 219
 228 227
 228 229
 228 231
 228 238
 228 243
 229 0
 229 227
 229 228
 229 238
 229 239
 229 240
 229 241
 230 0
 230 223
 230 231
 230 232
 230 244
 230 791
 230 792
 231 0
 231 218
 231 228
 231 230
 231 232
 231 243
 231 244
 232 0
 232 218
 232 222
 232 223
 232 230
 232 231
 233 0
 233 223
 233 234
 233 235
 233 236
 234 0
 234 233
 234 235
 234 236
 234 324
 234 325
 234 330
 235 0
 235 223
 235 224
 235 233
 235 234
 235 329
 235 330
 236 0
 236 36
 236 223
 236 233
 236 234
 236 324
 236 790
 236 795
 237 0
 237 238
 237 239
 237 243
 237 584
 237 585
 237 641
 237 755
 237 762
 238 0
 238 228
 238 229
 238 237
 238 239
 238 243
 239 0
 239 229
 239 237
 239 238
 239 241
 239 242
 239 584
 240 0
 240 225
 240 226
 240 227
 240 229
 240 241
 240 326
 240 328
 241 0
 241 229
 241 239
 241 240
 241 242
 241 326
 242 0
 242 239
 242 241
 242 326
 242 334
 242 571
 242 583
 242 584
 243 0
 243 228
 243 231
 243 237
 243 238
 243 244
 243 245
 243 641
 244 0
 244 230
 244 231
 244 243
 244 245
 244 246
 244 782
 244 791
 244 816
 245 0
 245 243
 245 244
 245 246
 245 641
 245 734
 246 0
 246 244
 246 245
 246 734
 246 735
 246 816
 247 0
 247 248
 247 251
 247 252
 247 253
 247 255
 248 0
 248 247
 248 249
 248 251
 248 252
 248 257
 249 0
 249 248
 249 250
 249 251
 249 257
 249 258
 249 263
 250 0
 250 249
 250 251
 250 253
 250 254
 250 263
 251 0
 251 247
 251 248
 251 249
 251 250
 251 253
 252 0
 252 247
 252 248
 252 255
 252 257
 252 374
 252 388
 253 0
 253 247
 253 250
 253 251
 253 254
 253 255
 254 0
 254 250
 254 253
 254 255
 254 256
 254 262
 254 263
 255 0
 255 247
 255 252
 255 253
 255 254
 255 256
 255 374
 256 0
 256 254
 256 255
 256 262
 256 374
 256 379
 256 390
 257 0
 257 248
 257 249
 257 252
 257 258
 257 388
 257 415
 257 418
 258 0
 258 249
 258 257
 258 259
 258 260
 258 261
 258 263
 258 415
 259 0
 259 258
 259 260
 259 261
 259 846
 259 848
 259 851
 260 0
 260 57
 260 258
 260 259
 260 415
 261 0
 261 258
 261 259
 261 262
 261 263
 261 391
 261 846
 262 0
 262 254
 262 256
 262 261
 262 263
 262 390
 262 391
 263 0
 263 249
 263 250
 263 254
 263 258
 263 261
 263 262
 264 0
 264 201
 264 265
 264 280
 264 303
 264 306
 264 310
 265 0
 265 192
 265 201
 265 264
 265 280
 265 284
 265 285
 265 288
 266 0
 266 267
 266 273
 266 274
 266 294
 267 0
 267 266
 267 268
 267 269
 267 270
 267 274
 267 289
 267 294
 268 0
 268 146
 268 191
 268 192
 268 267
 268 269
 268 270
 269 0
 269 192
 269 267
 269 268
 269 288
 269 289
 270 0
 270 146
 270 267
 270 268
 270 271
 270 274
 270 282
 271 0
 271 141
 271 146
 271 149
 271 270
 271 272
 271 282
 272 0
 272 141
 272 143
 272 271
 272 276
 272 282
 272 838
 272 840
 273 0
 273 266
 273 274
 273 293
 273 294
 273 297
 273 298
 274 0
 274 266
 274 267
 274 270
 274 273
 274 275
 274 277
 274 282
 274 295
 274 298
 275 0
 275 274
 275 277
 275 278
 275 295
 275 300
 276 0
 276 272
 276 277
 276 278
 276 282
 276 838
 276 848
 277 0
 277 274
 277 275
 277 276
 277 278
 277 282
 278 0
 278 275
 278 276
 278 277
 278 300
 278 848
 279 0
 279 280
 279 281
 279 290
 279 303
 279 304
 280 0
 280 264
 280 265
 280 279
 280 281
 280 283
 280 284
 280 303
 281 0
 281 279
 281 280
 281 283
 281 290
 281 291
 282 0
 282 270
 282 271
 282 272
 282 274
 282 276
 282 277
 283 0
 283 280
 283 281
 283 284
 283 291
 283 292
 284 0
 284 265
 284 280
 284 283
 284 285
 284 287
 284 292
 285 0
 285 265
 285 284
 285 286
 285 287
 285 288
 286 0
 286 285
 286 287
 286 288
 287 0
 287 284
 287 285
 287 286
 287 288
 287 292
 287 294
 288 0
 288 192
 288 265
 288 269
 288 285
 288 286
 288 287
 288 289
 288 294
 289 0
 289 267
 289 269
 289 288
 289 294
 290 0
 290 279
 290 281
 290 291
 290 296
 290 302
 290 304
 291 0
 291 281
 291 283
 291 290
 291 292
 291 293
 291 296
 291 297
 292 0
 292 283
 292 284
 292 287
 292 291
 292 293
 292 294
 293 0
 293 273
 293 291
 293 292
 293 294
 293 297
 294 0
 294 266
 294 267
 294 273
 294 287
 294 288
 294 289
 294 292
 294 293
 295 0
 295 274
 295 275
 295 296
 295 298
 295 300
 295 301
 296 0
 296 290
 296 291
 296 295
 296 297
 296 298
 296 301
 296 302
 297 0
 297 273
 297 291
 297 293
 297 296
 297 298
 298 0
 298 273
 298 274
 298 295
 298 296
 298 297
 299 0
 299 300
 299 301
 299 302
 299 305
 299 308
 300 0
 300 275
 300 278
 300 295
 300 299
 300 301
 300 305
 301 0
 301 295
 301 296
 301 299
 301 300
 301 302
 302 0
 302 290
 302 296
 302 299
 302 301
 302 304
 302 308
 303 0
 303 264
 303 279
 303 280
 303 304
 303 306
 303 307
 304 0
 304 279
 304 290
 304 302
 304 303
 304 307
 304 308
 305 0
 305 185
 305 299
 305 300
 305 308
 305 309
 306 0
 306 264
 306 303
 306 307
 306 310
 307 0
 307 303
 307 304
 307 306
 307 308
 307 310
 308 0
 308 299
 308 302
 308 304
 308 305
 308 307
 308 309
 308 310
 309 0
 309 173
 309 185
 309 305
 309 308
 309 310
 310 0
 310 173
 310 200
 310 201
 310 264
 310 306
 310 307
 310 308
 310 309
 311 0
 311 312
 311 314
 311 320
 311 325
 312 0
 312 311
 312 313
 312 314
 312 320
 312 327
 312 332
 312 333
 313 0
 313 312
 313 314
 313 315
 313 317
 313 321
 313 332
 314 0
 314 311
 314 312
 314 313
 314 321
 314 322
 314 325
 315 0
 315 313
 315 316
 315 317
 315 318
 315 321
 316 0
 316 15
 316 56
 316 315
 316 317
 316 318
 316 331
 316 335
 316 338
 317 0
 317 313
 317 315
 317 316
 317 331
 317 332
 318 0
 318 15
 318 315
 318 316
 318 319
 318 321
 318 322
 319 0
 319 13
 319 15
 319 318
 319 322
 320 0
 320 311
 320 312
 320 325
 320 327
 320 330
 321 0
 321 313
 321 314
 321 315
 321 318
 321 322
 322 0
 322 13
 322 314
 322 318
 322 319
 322 321
 322 323
 322 325
 323 0
 323 12
 323 13
 323 73
 323 78
 323 322
 323 324
 323 325
 324 0
 324 10
 324 11
 324 36
 324 73
 324 234
 324 236
 324 323
 324 325
 325 0
 325 234
 325 311
 325 314
 325 320
 325 322
 325 323
 325 324
 325 330
 326 0
 326 240
 326 241
 326 242
 326 328
 326 333
 326 334
 327 0
 327 312
 327 320
 327 328
 327 329
 327 330
 327 333
 328 0
 328 225
 328 240
 328 326
 328 327
 328 329
 328 333
 329 0
 329 224
 329 225
 329 235
 329 327
 329 328
 329 330
 330 0
 330 234
 330 235
 330 320
 330 325
 330 327
 330 329
 331 0
 331 316
 331 317
 331 332
 331 333
 331 334
 331 335
 332 0
 332 312
 332 313
 332 317
 332 331
 332 333
 333 0
 333 312
 333 326
 333 327
 333 328
 333 331
 333 332
 333 334
 334 0
 334 242
 334 326
 334 331
 334 333
 334 335
 334 568
 334 571
 335 0
 335 316
 335 331
 335 334
 335 336
 335 338
 335 568
 336 0
 336 335
 336 337
 336 338
 336 568
 336 570
 337 0
 337 52
 337 56
 337 336
 337 338
 337 570
 338 0
 338 56
 338 316
 338 335
 338 336
 338 337
 339 0
 339 344
 339 348
 339 384
 339 420
 339 427
 339 438
 339 439
 340 0
 340 341
 340 344
 340 345
 340 403
 340 436
 340 439
 340 440
 341 0
 341 340
 341 342
 341 345
 341 347
 341 403
 341 408
 341 811
 342 0
 342 341
 342 408
 342 809
 342 810
 342 811
 343 0
 343 345
 343 346
 343 347
 343 348
 343 349
 343 354
 344 0
 344 339
 344 340
 344 345
 344 348
 344 439
 345 0
 345 340
 345 341
 345 343
 345 344
 345 347
 345 348
 346 0
 346 343
 346 347
 346 354
 346 408
 346 409
 347 0
 347 341
 347 343
 347 345
 347 346
 347 408
 348 0
 348 339
 348 343
 348 344
 348 345
 348 349
 348 420
 349 0
 349 343
 349 348
 349 350
 349 352
 349 354
 349 420
 350 0
 350 349
 350 351
 350 352
 350 420
 350 421
 350 423
 351 0
 351 350
 351 352
 351 353
 351 356
 351 357
 351 358
 351 421
 352 0
 352 349
 352 350
 352 351
 352 353
 352 354
 353 0
 353 351
 353 352
 353 354
 353 358
 353 407
 353 414
 354 0
 354 343
 354 346
 354 349
 354 352
 354 353
 354 407
 354 409
 355 0
 355 356
 355 357
 355 380
 355 410
 355 411
 356 0
 356 351
 356 355
 356 357
 356 380
 356 421
 356 422
 356 425
 357 0
 357 351
 357 355
 357 356
 357 358
 357 411
 358 0
 358 351
 358 353
 358 357
 358 411
 358 412
 358 414
 359 0
 359 360
 359 362
 359 363
 359 432
 359 433
 360 0
 360 359
 360 361
 360 362
 360 365
 360 378
 360 432
 361 0
 361 360
 361 365
 361 378
 361 379
 361 392
 361 398
 362 0
 362 359
 362 360
 362 363
 362 365
 362 367
 363 0
 363 359
 363 362
 363 366
 363 367
 363 433
 363 437
 364 0
 364 366
 364 368
 364 403
 364 404
 364 436
 365 0
 365 360
 365 361
 365 362
 365 367
 365 397
 365 398
 366 0
 366 363
 366 364
 366 367
 366 368
 366 436
 366 437
 366 440
 367 0
 367 362
 367 363
 367 365
 367 366
 367 368
 367 397
 368 0
 368 364
 368 366
 368 367
 368 396
 368 397
 368 404
 369 0
 369 370
 369 422
 369 424
 369 425
 369 426
 370 0
 370 369
 370 371
 370 377
 370 381
 370 422
 370 426
 371 0
 371 370
 371 372
 371 373
 371 377
 371 381
 371 383
 372 0
 372 371
 372 373
 372 374
 372 377
 373 0
 373 371
 373 372
 373 374
 373 383
 373 387
 374 0
 374 252
 374 255
 374 256
 374 372
 374 373
 374 377
 374 379
 374 387
 374 388
 375 0
 375 376
 375 377
 375 426
 375 428
 375 429
 376 0
 376 375
 376 377
 376 378
 376 429
 376 431
 377 0
 377 370
 377 371
 377 372
 377 374
 377 375
 377 376
 377 378
 377 379
 377 426
 378 0
 378 360
 378 361
 378 376
 378 377
 378 379
 378 431
 378 432
 379 0
 379 256
 379 361
 379 374
 379 377
 379 378
 379 390
 379 392
 380 0
 380 355
 380 356
 380 381
 380 382
 380 410
 380 422
 381 0
 381 370
 381 371
 381 380
 381 382
 381 383
 381 422
 382 0
 382 3
 382 380
 382 381
 382 383
 382 385
 382 386
 382 410
 383 0
 383 371
 383 373
 383 381
 383 382
 383 386
 383 387
 383 389
 384 0
 384 339
 384 420
 384 423
 384 424
 384 427
 384 428
 384 429
 385 0
 385 3
 385 28
 385 382
 385 386
 385 416
 386 0
 386 382
 386 383
 386 385
 386 389
 386 416
 387 0
 387 373
 387 374
 387 383
 387 388
 387 389
 388 0
 388 252
 388 257
 388 374
 388 387
 388 389
 388 417
 388 418
 389 0
 389 383
 389 386
 389 387
 389 388
 389 416
 389 417
 390 0
 390 256
 390 262
 390 379
 390 391
 390 392
 390 393
 391 0
 391 261
 391 262
 391 390
 391 393
 391 394
 391 843
 391 846
 392 0
 392 361
 392 379
 392 390
 392 393
 392 394
 392 395
 392 398
 393 0
 393 390
 393 391
 393 392
 393 394
 394 0
 394 391
 394 392
 394 393
 394 395
 394 843
 394 853
 395 0
 395 392
 395 394
 395 398
 395 399
 395 401
 395 853
 396 0
 396 368
 396 397
 396 399
 396 402
 396 404
 397 0
 397 365
 397 367
 397 368
 397 396
 397 398
 397 399
 398 0
 398 361
 398 365
 398 392
 398 395
 398 397
 398 399
 399 0
 399 395
 399 396
 399 397
 399 398
 399 400
 399 401
 399 402
 399 775
 400 0
 400 399
 400 401
 400 775
 400 776
 400 780
 400 781
 400 856
 401 0
 401 395
 401 399
 401 400
 401 853
 401 856
 402 0
 402 396
 402 399
 402 404
 402 405
 402 775
 403 0
 403 340
 403 341
 403 364
 403 404
 403 405
 403 436
 403 811
 403 812
 404 0
 404 364
 404 368
 404 396
 404 402
 404 403
 404 405
 405 0
 405 402
 405 403
 405 404
 405 774
 405 775
 405 778
 405 812
 405 823
 406 0
 406 407
 406 408
 406 409
 406 798
 406 799
 406 800
 406 809
 407 0
 407 6
 407 63
 407 353
 407 354
 407 406
 407 409
 407 414
 407 798
 407 803
 408 0
 408 341
 408 342
 408 346
 408 347
 408 406
 408 409
 408 809
 409 0
 409 346
 409 354
 409 406
 409 407
 409 408
 410 0
 410 3
 410 5
 410 39
 410 60
 410 355
 410 380
 410 382
 410 411
 411 0
 411 60
 411 355
 411 357
 411 358
 411 410
 411 412
 412 0
 412 60
 412 61
 412 66
 412 358
 412 411
 412 413
 412 414
 413 0
 413 63
 413 66
 413 67
 413 412
 413 414
 414 0
 414 63
 414 353
 414 358
 414 407
 414 412
 414 413
 415 0
 415 41
 415 57
 415 58
 415 257
 415 258
 415 260
 415 418
 415 419
 416 0
 416 25
 416 26
 416 27
 416 28
 416 385
 416 386
 416 389
 416 417
 417 0
 417 25
 417 388
 417 389
 417 416
 417 418
 418 0
 418 25
 418 257
 418 388
 418 415
 418 417
 418 419
 419 0
 419 25
 419 41
 419 42
 419 415
 419 418
 420 0
 420 339
 420 348
 420 349
 420 350
 420 384
 420 423
 421 0
 421 350
 421 351
 421 356
 421 423
 421 424
 421 425
 422 0
 422 356
 422 369
 422 370
 422 380
 422 381
 422 425
 423 0
 423 350
 423 384
 423 420
 423 421
 423 424
 424 0
 424 369
 424 384
 424 421
 424 423
 424 425
 424 426
 424 428
 425 0
 425 356
 425 369
 425 421
 425 422
 425 424
 426 0
 426 369
 426 370
 426 375
 426 377
 426 424
 426 428
 427 0
 427 339
 427 384
 427 429
 427 430
 427 435
 427 438
 428 0
 428 375
 428 384
 428 424
 428 426
 428 429
 429 0
 429 375
 429 376
 429 384
 429 427
 429 428
 429 430
 429 431
 430 0
 430 427
 430 429
 430 431
 430 434
 430 435
 431 0
 431 376
 431 378
 431 429
 431 430
 431 432
 431 434
 432 0
 432 359
 432 360
 432 378
 432 431
 432 433
 432 434
 433 0
 433 359
 433 363
 433 432
 433 434
 433 437
 434 0
 434 430
 434 431
 434 432
 434 433
 434 435
 434 437
 435 0
 435 427
 435 430
 435 434
 435 437
 435 438
 436 0
 436 340
 436 364
 436 366
 436 403
 436 440
 437 0
 437 363
 437 366
 437 433
 437 434
 437 435
 437 438
 437 440
 438 0
 438 339
 438 427
 438 435
 438 437
 438 439
 438 440
 439 0
 439 339
 439 340
 439 344
 439 438
 439 440
 440 0
 440 340
 440 366
 440 436
 440 437
 440 438
 440 439
 441 0
 441 442
 441 444
 441 547
 441 603
 441 606
 441 607
 442 0
 442 441
 442 443
 442 444
 442 547
 442 551
 442 555
 442 556
 442 579
 443 0
 443 442
 443 444
 443 551
 443 552
 444 0
 444 102
 444 441
 444 442
 444 443
 444 552
 444 597
 444 606
 444 760
 445 0
 445 446
 445 448
 445 493
 445 502
 445 503
 446 0
 446 445
 446 447
 446 448
 446 502
 447 0
 447 446
 447 448
 447 502
 447 505
 447 526
 447 529
 447 531
 448 0
 448 445
 448 446
 448 447
 448 492
 448 493
 448 526
 449 0
 449 450
 449 451
 449 452
 449 544
 450 0
 450 91
 450 449
 450 451
 450 456
 450 544
 451 0
 451 89
 451 91
 451 95
 451 97
 451 449
 451 450
 451 452
 452 0
 452 95
 452 122
 452 449
 452 451
 452 453
 452 544
 452 545
 453 0
 453 122
 453 123
 453 452
 453 545
 453 546
 454 0
 454 455
 454 491
 454 492
 454 495
 454 497
 454 527
 454 539
 455 0
 455 454
 455 456
 455 497
 455 539
 456 0
 456 450
 456 455
 456 458
 456 496
 456 497
 456 539
 456 543
 456 544
 457 0
 457 183
 457 187
 457 458
 457 459
 457 461
 457 510
 458 0
 458 456
 458 457
 458 496
 458 510
 459 0
 459 457
 459 461
 459 510
 459 511
 459 512
 460 0
 460 461
 460 465
 460 466
 460 484
 460 501
 460 512
 460 519
 460 520
 461 0
 461 162
 461 165
 461 166
 461 187
 461 457
 461 459
 461 460
 461 501
 461 512
 462 0
 462 463
 462 464
 462 465
 462 466
 462 471
 462 478
 462 479
 463 0
 463 462
 463 464
 463 467
 463 468
 463 471
 463 524
 464 0
 464 462
 464 463
 464 465
 464 524
 464 525
 465 0
 465 460
 465 462
 465 464
 465 466
 465 520
 465 525
 466 0
 466 460
 466 462
 466 465
 466 477
 466 478
 466 484
 467 0
 467 463
 467 468
 467 469
 467 523
 467 524
 467 536
 467 538
 468 0
 468 463
 468 467
 468 469
 468 470
 468 471
 469 0
 469 123
 469 126
 469 127
 469 467
 469 468
 469 470
 469 536
 470 0
 470 116
 470 125
 470 127
 470 468
 470 469
 470 471
 471 0
 471 116
 471 120
 471 462
 471 463
 471 468
 471 470
 471 472
 471 479
 472 0
 472 118
 472 119
 472 120
 472 471
 472 479
 473 0
 473 474
 473 475
 473 476
 473 477
 473 480
 474 0
 474 112
 474 118
 474 121
 474 473
 474 475
 474 479
 474 480
 475 0
 475 112
 475 473
 475 474
 475 476
 475 487
 475 488
 475 489
 475 664
 475 667
 476 0
 476 473
 476 475
 476 477
 476 487
 477 0
 477 466
 477 473
 477 476
 477 478
 477 480
 477 484
 477 485
 477 487
 478 0
 478 462
 478 466
 478 477
 478 479
 478 480
 479 0
 479 118
 479 462
 479 471
 479 472
 479 474
 479 478
 479 480
 480 0
 480 473
 480 474
 480 477
 480 478
 480 479
 481 0
 481 482
 481 483
 481 484
 481 485
 481 487
 481 488
 481 490
 482 0
 482 481
 482 483
 482 486
 482 490
 483 0
 483 481
 483 482
 483 484
 483 486
 484 0
 484 460
 484 466
 484 477
 484 481
 484 483
 484 485
 484 486
 484 501
 485 0
 485 477
 485 481
 485 484
 485 487
 486 0
 486 482
 486 483
 486 484
 486 490
 486 498
 486 501
 487 0
 487 475
 487 476
 487 477
 487 481
 487 485
 487 488
 488 0
 488 475
 488 481
 488 487
 488 489
 488 490
 489 0
 489 475
 489 488
 489 490
 489 499
 489 664
 489 665
 490 0
 490 481
 490 482
 490 486
 490 488
 490 489
 490 498
 490 499
 491 0
 491 454
 491 492
 491 526
 491 527
 492 0
 492 448
 492 454
 492 491
 492 493
 492 495
 492 526
 493 0
 493 445
 493 448
 493 492
 493 494
 493 495
 493 503
 494 0
 494 493
 494 495
 494 503
 494 508
 494 510
 495 0
 495 454
 495 492
 495 493
 495 494
 495 496
 495 497
 495 510
 496 0
 496 456
 496 458
 496 495
 496 497
 496 510
 497 0
 497 454
 497 455
 497 456
 497 495
 497 496
 498 0
 498 486
 498 490
 498 499
 498 500
 498 501
 498 742
 499 0
 499 489
 499 490
 499 498
 499 500
 499 665
 499 743
 500 0
 500 498
 500 499
 500 742
 500 743
 501 0
 501 166
 501 460
 501 461
 501 484
 501 486
 501 498
 501 742
 501 745
 502 0
 502 445
 502 446
 502 447
 502 503
 502 505
 503 0
 503 445
 503 493
 503 494
 503 502
 503 504
 503 505
 503 508
 504 0
 504 503
 504 505
 504 506
 504 507
 504 508
 504 509
 505 0
 505 447
 505 502
 505 503
 505 504
 505 506
 505 514
 505 531
 506 0
 506 504
 506 505
 506 507
 506 514
 506 516
 507 0
 507 504
 507 506
 507 509
 507 511
 507 516
 507 519
 508 0
 508 494
 508 503
 508 504
 508 509
 508 510
 509 0
 509 504
 509 507
 509 508
 509 510
 509 511
 510 0
 510 457
 510 458
 510 459
 510 494
 510 495
 510 496
 510 508
 510 509
 510 511
 511 0
 511 459
 511 507
 511 509
 511 510
 511 512
 511 519
 512 0
 512 459
 512 460
 512 461
 512 511
 512 519
 513 0
 513 514
 513 515
 513 522
 513 531
 513 532
 514 0
 514 505
 514 506
 514 513
 514 515
 514 516
 514 531
 515 0
 515 513
 515 514
 515 516
 515 517
 515 518
 515 522
 516 0
 516 506
 516 507
 516 514
 516 515
 516 518
 516 519
 517 0
 517 515
 517 518
 517 519
 517 520
 517 521
 517 522
 517 525
 518 0
 518 515
 518 516
 518 517
 518 519
 519 0
 519 460
 519 507
 519 511
 519 512
 519 516
 519 517
 519 518
 519 520
 520 0
 520 460
 520 465
 520 517
 520 519
 520 525
 521 0
 521 517
 521 522
 521 523
 521 524
 521 525
 522 0
 522 513
 522 515
 522 517
 522 521
 522 523
 522 532
 522 537
 523 0
 523 467
 523 521
 523 522
 523 524
 523 537
 523 538
 524 0
 524 463
 524 464
 524 467
 524 521
 524 523
 524 525
 525 0
 525 464
 525 465
 525 517
 525 520
 525 521
 525 524
 526 0
 526 447
 526 448
 526 491
 526 492
 526 527
 526 528
 526 529
 527 0
 527 454
 527 491
 527 526
 527 528
 527 533
 527 539
 527 540
 528 0
 528 526
 528 527
 528 529
 528 530
 528 533
 529 0
 529 447
 529 526
 529 528
 529 530
 529 531
 530 0
 530 528
 530 529
 530 531
 530 532
 530 533
 530 535
 530 537
 531 0
 531 447
 531 505
 531 513
 531 514
 531 529
 531 530
 531 532
 532 0
 532 513
 532 522
 532 530
 532 531
 532 537
 533 0
 533 527
 533 528
 533 530
 533 534
 533 535
 533 540
 534 0
 534 533
 534 535
 534 536
 534 540
 534 541
 535 0
 535 530
 535 533
 535 534
 535 536
 535 537
 535 538
 536 0
 536 123
 536 467
 536 469
 536 534
 536 535
 536 538
 536 541
 536 546
 537 0
 537 522
 537 523
 537 530
 537 532
 537 535
 537 538
 538 0
 538 467
 538 523
 538 535
 538 536
 538 537
 539 0
 539 454
 539 455
 539 456
 539 527
 539 540
 539 542
 539 543
 540 0
 540 527
 540 533
 540 534
 540 539
 540 541
 540 542
 541 0
 541 534
 541 536
 541 540
 541 542
 541 545
 541 546
 542 0
 542 539
 542 540
 542 541
 542 543
 542 545
 543 0
 543 456
 543 539
 543 542
 543 544
 543 545
 544 0
 544 449
 544 450
 544 452
 544 456
 544 543
 544 545
 545 0
 545 452
 545 453
 545 541
 545 542
 545 543
 545 544
 545 546
 546 0
 546 123
 546 453
 546 536
 546 541
 546 545
 547 0
 547 441
 547 442
 547 579
 547 580
 547 603
 548 0
 548 580
 548 586
 548 587
 548 604
 549 0
 549 580
 549 581
 549 582
 549 583
 549 587
 549 588
 550 0
 550 551
 550 552
 550 553
 551 0
 551 442
 551 443
 551 550
 551 552
 551 553
 551 556
 552 0
 552 443
 552 444
 552 550
 552 551
 552 553
 552 564
 552 566
 553 0
 553 550
 553 551
 553 552
 553 556
 553 557
 553 558
 553 561
 553 564
 554 0
 554 555
 554 556
 554 557
 554 574
 554 578
 555 0
 555 442
 555 554
 555 556
 555 577
 555 578
 555 579
 556 0
 556 442
 556 551
 556 553
 556 554
 556 555
 556 557
 557 0
 557 553
 557 554
 557 556
 557 558
 557 560
 557 574
 558 0
 558 553
 558 557
 558 560
 558 561
 559 0
 559 560
 559 561
 559 562
 559 563
 559 574
 559 575
 560 0
 560 557
 560 558
 560 559
 560 561
 560 574
 561 0
 561 553
 561 558
 561 559
 561 560
 561 562
 561 564
 562 0
 562 559
 562 561
 562 563
 562 564
 562 565
 562 569
 562 573
 563 0
 563 559
 563 562
 563 572
 563 573
 563 575
 564 0
 564 552
 564 553
 564 561
 564 562
 564 565
 564 566
 565 0
 565 52
 565 562
 565 564
 565 566
 565 567
 565 569
 565 570
 566 0
 566 52
 566 57
 566 552
 566 564
 566 565
 567 0
 567 565
 567 568
 567 569
 567 570
 568 0
 568 334
 568 335
 568 336
 568 567
 568 569
 568 570
 568 571
 569 0
 569 562
 569 565
 569 567
 569 568
 569 571
 569 573
 570 0
 570 52
 570 336
 570 337
 570 565
 570 567
 570 568
 571 0
 571 242
 571 334
 571 568
 571 569
 571 572
 571 573
 571 576
 571 582
 571 583
 572 0
 572 563
 572 571
 572 573
 572 575
 572 576
 573 0
 573 562
 573 563
 573 569
 573 571
 573 572
 574 0
 574 554
 574 557
 574 559
 574 560
 574 575
 574 578
 575 0
 575 559
 575 563
 575 572
 575 574
 575 576
 575 577
 575 578
 576 0
 576 571
 576 572
 576 575
 576 577
 576 581
 576 582
 577 0
 577 555
 577 575
 577 576
 577 578
 577 579
 577 581
 578 0
 578 554
 578 555
 578 574
 578 575
 578 577
 579 0
 579 442
 579 547
 579 555
 579 577
 579 580
 579 581
 580 0
 580 547
 580 548
 580 549
 580 579
 580 581
 580 587
 580 603
 580 604
 581 0
 581 549
 581 576
 581 577
 581 579
 581 580
 581 582
 582 0
 582 549
 582 571
 582 576
 582 581
 582 583
 583 0
 583 242
 583 549
 583 571
 583 582
 583 584
 583 588
 583 589
 584 0
 584 237
 584 239
 584 242
 584 583
 584 585
 584 589
 585 0
 585 237
 585 584
 585 589
 585 592
 585 762
 585 766
 586 0
 586 548
 586 587
 586 590
 586 599
 586 600
 586 604
 587 0
 587 548
 587 549
 587 580
 587 586
 587 588
 587 590
 588 0
 588 549
 588 583
 588 587
 588 589
 588 590
 589 0
 589 583
 589 584
 589 585
 589 588
 589 590
 589 591
 589 592
 590 0
 590 586
 590 587
 590 588
 590 589
 590 591
 590 596
 590 600
 591 0
 591 589
 591 590
 591 592
 591 596
 591 766
 592 0
 592 585
 592 589
 592 591
 592 766
 593 0
 593 594
 593 595
 593 598
 593 764
 593 767
 593 768
 594 0
 594 593
 594 597
 594 598
 594 767
 595 0
 595 593
 595 596
 595 598
 595 600
 595 601
 595 764
 596 0
 596 590
 596 591
 596 595
 596 600
 596 764
 596 766
 597 0
 597 444
 597 594
 597 598
 597 601
 597 606
 597 756
 597 760
 597 767
 598 0
 598 593
 598 594
 598 595
 598 597
 598 601
 599 0
 599 586
 599 600
 599 601
 599 602
 599 604
 599 605
 600 0
 600 586
 600 590
 600 595
 600 596
 600 599
 600 601
 601 0
 601 595
 601 597
 601 598
 601 599
 601 600
 601 602
 601 606
 602 0
 602 599
 602 601
 602 605
 602 606
 603 0
 603 441
 603 547
 603 580
 603 604
 603 605
 603 607
 604 0
 604 548
 604 580
 604 586
 604 599
 604 603
 604 605
 605 0
 605 599
 605 602
 605 603
 605 604
 605 606
 605 607
 606 0
 606 441
 606 444
 606 597
 606 601
 606 602
 606 605
 606 607
 607 0
 607 441
 607 603
 607 605
 607 606
 608 0
 608 609
 608 634
 608 635
 608 636
 608 637
 608 647
 609 0
 609 608
 609 611
 609 634
 609 636
 609 708
 610 0
 610 611
 610 614
 610 675
 610 676
 610 678
 611 0
 611 609
 611 610
 611 612
 611 614
 611 616
 611 636
 611 676
 611 708
 612 0
 612 611
 612 613
 612 614
 612 615
 612 616
 612 617
 613 0
 613 612
 613 614
 613 615
 613 640
 613 678
 613 679
 613 755
 614 0
 614 610
 614 611
 614 612
 614 613
 614 678
 615 0
 615 612
 615 613
 615 617
 615 625
 615 626
 615 755
 616 0
 616 611
 616 612
 616 617
 616 708
 616 709
 616 740
 617 0
 617 612
 617 615
 617 616
 617 625
 617 709
 618 0
 618 619
 618 620
 618 622
 618 624
 618 631
 618 632
 619 0
 619 618
 619 620
 619 624
 619 628
 619 629
 619 646
 619 656
 619 661
 619 739
 620 0
 620 618
 620 619
 620 621
 620 622
 620 629
 620 630
 621 0
 621 620
 621 622
 621 623
 621 630
 622 0
 622 618
 622 620
 622 621
 622 623
 622 631
 622 684
 622 751
 622 752
 623 0
 623 621
 623 622
 623 630
 623 643
 623 683
 623 684
 624 0
 624 618
 624 619
 624 632
 624 739
 624 740
 625 0
 625 615
 625 617
 625 626
 625 627
 625 628
 625 709
 625 737
 625 738
 626 0
 626 106
 626 615
 626 625
 626 627
 626 651
 626 659
 626 666
 626 755
 627 0
 627 625
 627 626
 627 628
 627 652
 627 656
 627 659
 628 0
 628 619
 628 625
 628 627
 628 656
 628 738
 628 739
 629 0
 629 619
 629 620
 629 630
 629 646
 630 0
 630 620
 630 621
 630 623
 630 629
 630 643
 630 645
 630 646
 631 0
 631 618
 631 622
 631 632
 631 635
 631 751
 632 0
 632 618
 632 624
 632 631
 632 633
 632 635
 632 740
 633 0
 633 632
 633 634
 633 635
 633 708
 633 740
 634 0
 634 608
 634 609
 634 633
 634 635
 634 708
 635 0
 635 608
 635 631
 635 632
 635 633
 635 634
 635 647
 635 750
 635 751
 636 0
 636 608
 636 609
 636 611
 636 637
 636 676
 637 0
 637 608
 637 636
 637 647
 637 671
 637 675
 637 676
 638 0
 638 639
 638 640
 638 642
 638 673
 638 674
 638 679
 639 0
 639 638
 639 642
 639 669
 639 673
 639 728
 639 730
 640 0
 640 613
 640 638
 640 641
 640 642
 640 679
 640 755
 641 0
 641 237
 641 243
 641 245
 641 640
 641 642
 641 733
 641 734
 641 755
 642 0
 642 638
 642 639
 642 640
 642 641
 642 714
 642 728
 642 733
 643 0
 643 623
 643 630
 643 644
 643 645
 643 683
 643 707
 644 0
 644 643
 644 645
 644 705
 644 706
 644 707
 644 746
 644 747
 645 0
 645 630
 645 643
 645 644
 645 646
 645 663
 645 744
 645 746
 646 0
 646 619
 646 629
 646 630
 646 645
 646 661
 646 662
 646 663
 647 0
 647 608
 647 635
 647 637
 647 648
 647 671
 647 750
 648 0
 648 647
 648 670
 648 671
 648 749
 648 750
 649 0
 649 650
 649 651
 649 652
 649 653
 649 654
 649 659
 650 0
 650 649
 650 651
 650 653
 650 658
 651 0
 651 626
 651 649
 651 650
 651 658
 651 659
 651 666
 652 0
 652 627
 652 649
 652 654
 652 655
 652 656
 652 659
 653 0
 653 649
 653 650
 653 654
 653 657
 653 658
 653 660
 653 662
 654 0
 654 649
 654 652
 654 653
 654 655
 654 660
 655 0
 655 652
 655 654
 655 656
 655 660
 656 0
 656 619
 656 627
 656 628
 656 652
 656 655
 656 660
 656 661
 657 0
 657 653
 657 658
 657 662
 657 664
 657 667
 657 668
 658 0
 658 650
 658 651
 658 653
 658 657
 658 666
 658 668
 659 0
 659 626
 659 627
 659 649
 659 651
 659 652
 660 0
 660 653
 660 654
 660 655
 660 656
 660 661
 660 662
 661 0
 661 619
 661 646
 661 656
 661 660
 661 662
 662 0
 662 646
 662 653
 662 657
 662 660
 662 661
 662 663
 662 664
 662 665
 663 0
 663 645
 663 646
 663 662
 663 665
 663 744
 664 0
 664 475
 664 489
 664 657
 664 662
 664 665
 664 667
 665 0
 665 489
 665 499
 665 662
 665 663
 665 664
 665 743
 665 744
 666 0
 666 106
 666 107
 666 113
 666 626
 666 651
 666 658
 666 668
 667 0
 667 112
 667 113
 667 475
 667 657
 667 664
 667 668
 668 0
 668 113
 668 657
 668 658
 668 666
 668 667
 669 0
 669 639
 669 670
 669 673
 669 686
 669 730
 669 749
 670 0
 670 648
 670 669
 670 671
 670 673
 670 749
 671 0
 671 637
 671 647
 671 648
 671 670
 671 672
 671 673
 671 675
 672 0
 672 671
 672 673
 672 674
 672 675
 672 677
 673 0
 673 638
 673 639
 673 669
 673 670
 673 671
 673 672
 673 674
 674 0
 674 638
 674 672
 674 673
 674 677
 674 679
 675 0
 675 610
 675 637
 675 671
 675 672
 675 676
 675 677
 675 678
 676 0
 676 610
 676 611
 676 636
 676 637
 676 675
 677 0
 677 672
 677 674
 677 675
 677 678
 677 679
 678 0
 678 610
 678 613
 678 614
 678 675
 678 677
 678 679
 679 0
 679 613
 679 638
 679 640
 679 674
 679 677
 679 678
 680 0
 680 681
 680 685
 680 688
 680 700
 680 701
 680 749
 681 0
 681 680
 681 682
 681 684
 681 701
 681 749
 682 0
 682 681
 682 683
 682 684
 682 701
 682 702
 682 704
 683 0
 683 623
 683 643
 683 682
 683 684
 683 704
 683 707
 684 0
 684 622
 684 623
 684 681
 684 682
 684 683
 684 749
 684 752
 685 0
 685 680
 685 686
 685 687
 685 688
 685 749
 686 0
 686 669
 686 685
 686 687
 686 688
 686 729
 686 730
 686 749
 687 0
 687 685
 687 686
 687 688
 688 0
 688 680
 688 685
 688 686
 688 687
 688 690
 688 691
 688 700
 688 729
 689 0
 689 690
 689 691
 689 698
 689 703
 690 0
 690 688
 690 689
 690 691
 690 700
 690 702
 690 703
 691 0
 691 688
 691 689
 691 690
 691 693
 691 694
 691 698
 691 729
 692 0
 692 207
 692 696
 692 721
 692 832
 692 833
 693 0
 693 691
 693 694
 693 695
 693 725
 693 727
 693 729
 694 0
 694 691
 694 693
 694 695
 694 698
 694 699
 695 0
 695 693
 695 694
 695 696
 695 697
 695 699
 695 721
 695 727
 696 0
 696 203
 696 207
 696 692
 696 695
 696 697
 696 721
 697 0
 697 139
 697 198
 697 203
 697 695
 697 696
 697 699
 698 0
 698 139
 698 689
 698 691
 698 694
 698 699
 698 703
 699 0
 699 139
 699 694
 699 695
 699 697
 699 698
 700 0
 700 680
 700 688
 700 690
 700 701
 700 702
 701 0
 701 680
 701 681
 701 682
 701 700
 701 702
 702 0
 702 682
 702 690
 702 700
 702 701
 702 703
 702 704
 703 0
 703 137
 703 139
 703 689
 703 690
 703 698
 703 702
 703 704
 704 0
 704 137
 704 682
 704 683
 704 702
 704 703
 704 706
 704 707
 705 0
 705 135
 705 136
 705 137
 705 644
 705 706
 705 747
 706 0
 706 137
 706 644
 706 704
 706 705
 706 707
 707 0
 707 643
 707 644
 707 683
 707 704
 707 706
 708 0
 708 609
 708 611
 708 616
 708 633
 708 634
 708 740
 709 0
 709 616
 709 617
 709 625
 709 737
 709 740
 710 0
 710 711
 710 712
 710 713
 710 714
 710 715
 710 716
 710 717
 710 720
 711 0
 711 710
 711 715
 711 716
 711 732
 712 0
 712 710
 712 713
 712 720
 712 726
 713 0
 713 710
 713 712
 713 714
 713 726
 713 728
 713 730
 714 0
 714 642
 714 710
 714 713
 714 715
 714 728
 714 733
 715 0
 715 710
 715 711
 715 714
 715 732
 715 733
 716 0
 716 710
 716 711
 716 717
 716 718
 716 732
 716 736
 717 0
 717 710
 717 716
 717 718
 717 719
 717 720
 717 723
 718 0
 718 716
 718 717
 718 719
 718 736
 719 0
 719 717
 719 718
 719 723
 719 724
 719 736
 719 805
 719 813
 719 814
 719 835
 720 0
 720 710
 720 712
 720 717
 720 721
 720 722
 720 723
 720 726
 720 727
 721 0
 721 692
 721 695
 721 696
 721 720
 721 722
 721 727
 721 833
 722 0
 722 720
 722 721
 722 723
 722 724
 722 833
 723 0
 723 717
 723 719
 723 720
 723 722
 723 724
 724 0
 724 719
 724 722
 724 723
 724 833
 724 834
 724 835
 725 0
 725 693
 725 726
 725 727
 725 729
 726 0
 726 712
 726 713
 726 720
 726 725
 726 727
 726 729
 726 730
 727 0
 727 693
 727 695
 727 720
 727 721
 727 725
 727 726
 728 0
 728 639
 728 642
 728 713
 728 714
 728 730
 729 0
 729 686
 729 688
 729 691
 729 693
 729 725
 729 726
 729 730
 730 0
 730 639
 730 669
 730 686
 730 713
 730 726
 730 728
 730 729
 731 0
 731 732
 731 733
 731 734
 731 735
 731 736
 732 0
 732 711
 732 715
 732 716
 732 731
 732 733
 732 736
 733 0
 733 641
 733 642
 733 714
 733 715
 733 731
 733 732
 733 734
 734 0
 734 245
 734 246
 734 641
 734 731
 734 733
 734 735
 735 0
 735 246
 735 731
 735 734
 735 736
 735 814
 735 815
 735 816
 736 0
 736 716
 736 718
 736 719
 736 731
 736 732
 736 735
 736 814
 737 0
 737 625
 737 709
 737 738
 737 740
 738 0
 738 625
 738 628
 738 737
 738 739
 738 740
 739 0
 739 619
 739 624
 739 628
 739 738
 739 740
 740 0
 740 616
 740 624
 740 632
 740 633
 740 708
 740 709
 740 737
 740 738
 740 739
 741 0
 741 742
 741 743
 741 744
 741 746
 742 0
 742 498
 742 500
 742 501
 742 741
 742 743
 742 745
 742 746
 743 0
 743 499
 743 500
 743 665
 743 741
 743 742
 743 744
 744 0
 744 645
 744 663
 744 665
 744 741
 744 743
 744 746
 745 0
 745 166
 745 167
 745 501
 745 742
 745 746
 745 748
 746 0
 746 644
 746 645
 746 741
 746 742
 746 744
 746 745
 746 747
 746 748
 747 0
 747 134
 747 135
 747 167
 747 644
 747 705
 747 746
 747 748
 748 0
 748 167
 748 745
 748 746
 748 747
 749 0
 749 648
 749 669
 749 670
 749 680
 749 681
 749 684
 749 685
 749 686
 749 750
 749 751
 749 752
 750 0
 750 635
 750 647
 750 648
 750 749
 750 751
 751 0
 751 622
 751 631
 751 635
 751 749
 751 750
 751 752
 752 0
 752 622
 752 684
 752 749
 752 751
 753 0
 753 754
 753 761
 753 762
 753 763
 754 0
 754 106
 754 753
 754 755
 754 760
 754 761
 754 762
 755 0
 755 106
 755 237
 755 613
 755 615
 755 626
 755 640
 755 641
 755 754
 755 762
 756 0
 756 597
 756 757
 756 759
 756 760
 756 767
 757 0
 757 756
 757 758
 757 759
 757 760
 757 768
 758 0
 758 757
 758 760
 758 761
 758 763
 758 768
 759 0
 759 756
 759 757
 759 767
 759 768
 760 0
 760 102
 760 106
 760 444
 760 597
 760 754
 760 756
 760 757
 760 758
 760 761
 761 0
 761 753
 761 754
 761 758
 761 760
 761 763
 762 0
 762 237
 762 585
 762 753
 762 754
 762 755
 762 763
 762 766
 763 0
 763 753
 763 758
 763 761
 763 762
 763 765
 763 766
 763 768
 764 0
 764 593
 764 595
 764 596
 764 765
 764 766
 764 768
 765 0
 765 763
 765 764
 765 766
 765 768
 766 0
 766 585
 766 591
 766 592
 766 596
 766 762
 766 763
 766 764
 766 765
 767 0
 767 593
 767 594
 767 597
 767 756
 767 759
 767 768
 768 0
 768 593
 768 757
 768 758
 768 759
 768 763
 768 764
 768 765
 768 767
 769 0
 769 770
 769 771
 769 772
 769 773
 769 804
 769 806
 769 807
 769 808
 770 0
 770 769
 770 771
 770 804
 770 810
 770 811
 771 0
 771 769
 771 770
 771 772
 771 811
 771 812
 772 0
 772 769
 772 771
 772 773
 772 812
 772 822
 772 823
 773 0
 773 769
 773 772
 773 805
 773 806
 773 813
 773 822
 774 0
 774 405
 774 775
 774 777
 774 778
 775 0
 775 399
 775 400
 775 402
 775 405
 775 774
 775 776
 775 777
 776 0
 776 400
 776 775
 776 777
 776 780
 776 827
 777 0
 777 774
 777 775
 777 776
 777 778
 777 825
 777 827
 777 830
 778 0
 778 405
 778 774
 778 777
 778 822
 778 823
 778 825
 779 0
 779 140
 779 209
 779 780
 779 781
 779 828
 779 829
 780 0
 780 400
 780 776
 780 779
 780 781
 780 827
 780 828
 781 0
 781 140
 781 400
 781 779
 781 780
 781 856
 782 0
 782 244
 782 785
 782 788
 782 791
 782 816
 782 820
 783 0
 783 784
 783 786
 783 800
 783 809
 783 810
 783 820
 783 821
 784 0
 784 783
 784 785
 784 786
 784 820
 785 0
 785 782
 785 784
 785 786
 785 787
 785 788
 785 820
 786 0
 786 783
 786 784
 786 785
 786 787
 786 800
 786 801
 787 0
 787 785
 787 786
 787 788
 787 789
 787 801
 788 0
 788 782
 788 785
 788 787
 788 789
 788 791
 788 792
 788 794
 788 796
 789 0
 789 787
 789 788
 789 796
 789 801
 790 0
 790 223
 790 236
 790 792
 790 794
 790 795
 791 0
 791 230
 791 244
 791 782
 791 788
 791 792
 792 0
 792 223
 792 230
 792 788
 792 790
 792 791
 792 794
 793 0
 793 34
 793 35
 793 794
 793 795
 793 796
 793 797
 794 0
 794 788
 794 790
 794 792
 794 793
 794 795
 794 796
 795 0
 795 33
 795 35
 795 36
 795 236
 795 790
 795 793
 795 794
 796 0
 796 788
 796 789
 796 793
 796 794
 796 797
 796 801
 796 802
 797 0
 797 34
 797 793
 797 796
 797 802
 797 803
 798 0
 798 406
 798 407
 798 799
 798 802
 798 803
 799 0
 799 406
 799 798
 799 800
 799 801
 799 802
 800 0
 800 406
 800 783
 800 786
 800 799
 800 801
 800 809
 801 0
 801 786
 801 787
 801 789
 801 796
 801 799
 801 800
 801 802
 802 0
 802 796
 802 797
 802 798
 802 799
 802 801
 802 803
 803 0
 803 6
 803 7
 803 34
 803 407
 803 797
 803 798
 803 802
 804 0
 804 769
 804 770
 804 808
 804 810
 804 821
 805 0
 805 719
 805 773
 805 806
 805 813
 805 814
 805 815
 806 0
 806 769
 806 773
 806 805
 806 807
 806 815
 807 0
 807 769
 807 806
 807 808
 807 815
 807 817
 807 818
 808 0
 808 769
 808 804
 808 807
 808 818
 808 821
 809 0
 809 342
 809 406
 809 408
 809 783
 809 800
 809 810
 810 0
 810 342
 810 770
 810 783
 810 804
 810 809
 810 811
 810 821
 811 0
 811 341
 811 342
 811 403
 811 770
 811 771
 811 810
 811 812
 812 0
 812 403
 812 405
 812 771
 812 772
 812 811
 812 823
 813 0
 813 719
 813 773
 813 805
 813 822
 813 824
 813 825
 813 835
 814 0
 814 719
 814 735
 814 736
 814 805
 814 815
 815 0
 815 735
 815 805
 815 806
 815 807
 815 814
 815 816
 815 817
 816 0
 816 244
 816 246
 816 735
 816 782
 816 815
 816 817
 816 818
 816 819
 816 820
 817 0
 817 807
 817 815
 817 816
 817 818
 818 0
 818 807
 818 808
 818 816
 818 817
 818 819
 818 821
 819 0
 819 816
 819 818
 819 820
 819 821
 820 0
 820 782
 820 783
 820 784
 820 785
 820 816
 820 819
 820 821
 821 0
 821 783
 821 804
 821 808
 821 810
 821 818
 821 819
 821 820
 822 0
 822 772
 822 773
 822 778
 822 813
 822 823
 822 825
 823 0
 823 405
 823 772
 823 778
 823 812
 823 822
 824 0
 824 813
 824 825
 824 826
 824 828
 824 830
 824 835
 825 0
 825 777
 825 778
 825 813
 825 822
 825 824
 825 830
 826 0
 826 824
 826 828
 826 829
 826 831
 826 834
 826 835
 827 0
 827 776
 827 777
 827 780
 827 828
 827 830
 828 0
 828 779
 828 780
 828 824
 828 826
 828 827
 828 829
 828 830
 829 0
 829 209
 829 779
 829 826
 829 828
 829 831
 830 0
 830 777
 830 824
 830 825
 830 827
 830 828
 831 0
 831 208
 831 209
 831 826
 831 829
 831 832
 831 834
 832 0
 832 207
 832 208
 832 692
 832 831
 832 833
 832 834
 833 0
 833 692
 833 721
 833 722
 833 724
 833 832
 833 834
 834 0
 834 724
 834 826
 834 831
 834 832
 834 833
 834 835
 835 0
 835 719
 835 724
 835 813
 835 824
 835 826
 835 834
 836 0
 836 837
 836 841
 836 844
 836 850
 837 0
 837 836
 837 839
 837 841
 837 847
 837 850
 838 0
 838 272
 838 276
 838 840
 838 847
 838 848
 838 852
 839 0
 839 837
 839 840
 839 841
 839 847
 839 853
 839 854
 840 0
 840 143
 840 272
 840 838
 840 839
 840 847
 840 854
 841 0
 841 836
 841 837
 841 839
 841 842
 841 843
 841 844
 841 853
 842 0
 842 841
 842 843
 842 844
 842 845
 843 0
 843 391
 843 394
 843 841
 843 842
 843 845
 843 846
 843 853
 844 0
 844 836
 844 841
 844 842
 844 845
 844 846
 844 849
 844 850
 845 0
 845 842
 845 843
 845 844
 845 846
 846 0
 846 259
 846 261
 846 391
 846 843
 846 844
 846 845
 846 849
 846 851
 847 0
 847 837
 847 838
 847 839
 847 840
 847 850
 847 852
 848 0
 848 259
 848 276
 848 278
 848 838
 848 851
 848 852
 849 0
 849 844
 849 846
 849 850
 849 851
 849 852
 850 0
 850 836
 850 837
 850 844
 850 847
 850 849
 850 852
 851 0
 851 259
 851 846
 851 848
 851 849
 851 852
 852 0
 852 838
 852 847
 852 848
 852 849
 852 850
 852 851
 853 0
 853 394
 853 395
 853 401
 853 839
 853 841
 853 843
 853 854
 853 856
 854 0
 854 143
 854 839
 854 840
 854 853
 854 855
 854 856
 855 0
 855 140
 855 143
 855 144
 855 145
 855 854
 855 856
 856 0
 856 140
 856 400
 856 401
 856 781
 856 853
 856 854
 856 855
